Mprobs for dataset sim1 (0.0001)

[0.99991333 0.9999299  0.99995244 0.9998871  0.9999355  0.9999032
 0.99992466 0.9999206  0.99991846 0.9999238 ]
[0.99993014 0.9999614  0.99993944 0.9998821  0.9999591  0.9998896
 0.999966   0.99995625 0.9999018  0.9999188 ]
[0.99992156 0.9999237  0.9999329  0.9999106  0.99993014 0.9999275
 0.99993885 0.9999541  0.9999262  0.99989927]
[0.9999006  0.99992895 0.9999039  0.9998821  0.99993587 0.9999397
 0.9999311  0.9999167  0.9999206  0.99991727]
[0.99989414 0.999941   0.99991107 0.9999155  0.9999325  0.99995244
 0.9999248  0.9999325  0.9999151  0.9999486 ]
[0.99994457 0.99995005 0.9999182  0.9999031  0.9999409  0.99990654
 0.9999292  0.9999529  0.9998865  0.9999465 ]
[0.9999397  0.9999294  0.9999378  0.99985933 0.99995685 0.9999286
 0.999925   0.9999201  0.99989116 0.99989164]
[0.9999416  0.9999349  0.99994683 0.9998807  0.99993765 0.9999306
 0.99994624 0.9999361  0.99993825 0.9999317 ]
[0.9999393  0.99991965 0.9999343  0.9999298  0.9999274  0.9999403
 0.999923   0.9999249  0.99991167 0.9999517 ]
[0.999933   0.9999554  0.9999217  0.99992085 0.99992204 0.9999362
 0.99993837 0.9999398  0.9999285  0.9999105 ]
[0.99992514 0.9999391  0.99989676 0.9998592  0.9999378  0.9999294
 0.99991083 0.9999361  0.99992776 0.9999064 ]
[0.9999225  0.9999443  0.99994874 0.9999137  0.9999448  0.9999138
 0.99995756 0.99995434 0.9999248  0.9999261 ]
[0.9999093  0.9999573  0.9999542  0.99987864 0.9999659  0.99991775
 0.99996114 0.99995613 0.99994814 0.9999188 ]
[0.99994385 0.9999089  0.99990463 0.9998652  0.999954   0.9999479
 0.99993694 0.9999374  0.9999045  0.99984956]
[0.9999049  0.9999422  0.9999337  0.9998803  0.9999311  0.99992347
 0.9999285  0.9999486  0.9999094  0.9999161 ]
[0.9998934  0.9999472  0.9999143  0.9999285  0.9999404  0.9999429
 0.99993813 0.99990857 0.9999312  0.9998977 ]
[0.99992394 0.99994004 0.99995244 0.9999243  0.99994826 0.99993956
 0.99994135 0.9999466  0.99990773 0.9999511 ]
[0.9999254  0.9999256  0.9999516  0.9998627  0.99995184 0.99990237
 0.9999285  0.9999552  0.9999294  0.99994624]
[0.99992406 0.9999502  0.99991775 0.99989974 0.9999573  0.99992037
 0.9999273  0.9999348  0.99990344 0.9999379 ]
[0.99992096 0.9999453  0.9999335  0.9998933  0.99995196 0.9999368
 0.99993634 0.9999584  0.99989367 0.9999075 ]
[0.99991715 0.9999405  0.9999428  0.9998926  0.9999615  0.9998938
 0.9999635  0.9999306  0.9999063  0.99994266]
[0.9999397  0.9999496  0.9999497  0.9999082  0.9999157  0.99994063
 0.99994135 0.9999337  0.99994206 0.99992895]
[0.99989474 0.9999263  0.99994016 0.9998357  0.9999424  0.9999193
 0.9999497  0.99994826 0.99991465 0.9999473 ]
[0.99994004 0.9999392  0.9999198  0.9998752  0.9999442  0.99992096
 0.9999411  0.99990344 0.9998938  0.9999131 ]
[0.9999025  0.99991345 0.9998915  0.9998945  0.99995244 0.9999391
 0.99993265 0.9999416  0.99993634 0.99989545]
[0.99992144 0.99994683 0.9999324  0.9998572  0.99995816 0.9999416
 0.99994457 0.9999536  0.99993074 0.9999367 ]
[0.99994135 0.99994326 0.99989593 0.99988616 0.9999598  0.99993277
 0.99994206 0.99990964 0.99992204 0.99992085]
[0.99992025 0.9999378  0.9999349  0.9999075  0.99995255 0.9999093
 0.99993634 0.9999515  0.9999218  0.9998933 ]
[0.99994063 0.9999342  0.9999057  0.99991167 0.9999231  0.99993455
 0.99995613 0.9999405  0.9999373  0.9999162 ]
[0.9999124  0.9999505  0.9999002  0.99986184 0.99995184 0.9999126
 0.99996316 0.999936   0.99991953 0.9999391 ]
[0.9999045  0.9999542  0.9998987  0.99987316 0.9999485  0.9999089
 0.99995434 0.9999372  0.9999362  0.9999021 ]
[0.99988914 0.9999325  0.9999033  0.99990237 0.99993217 0.99992716
 0.99995446 0.9999577  0.9999449  0.9999156 ]
[0.9999125  0.9999306  0.9999409  0.999933   0.9999422  0.9999485
 0.9999422  0.99991333 0.9999379  0.9999317 ]
[0.99991167 0.9999405  0.9999341  0.99988353 0.9999137  0.9999467
 0.99995947 0.99994314 0.99987185 0.999915  ]
[0.99993837 0.9999565  0.999949   0.9999001  0.9999405  0.99992275
 0.9999409  0.9999354  0.99992895 0.99992514]
[0.99992716 0.9999329  0.9999455  0.9998596  0.99994314 0.9999354
 0.99992573 0.99996114 0.99990547 0.99992824]
[0.9999083  0.9999262  0.999954   0.9999207  0.999933   0.999948
 0.9999391  0.99993694 0.99991226 0.9999169 ]
[0.999895   0.9999229  0.999933   0.9998338  0.99993587 0.9999336
 0.999923   0.99992037 0.99994135 0.99993026]
[0.99990773 0.99991524 0.99994004 0.99992037 0.9999598  0.99992955
 0.99995697 0.99990404 0.99989104 0.9999442 ]
[0.9999206  0.9999145  0.9999305  0.99981266 0.9999391  0.9999151
 0.9999416  0.99995816 0.99991965 0.9999515 ]
[0.99989235 0.99995625 0.9999182  0.99984944 0.9999132  0.99993014
 0.9999298  0.9999136  0.9999101  0.9999043 ]
[0.9999268  0.9999361  0.99989176 0.9998685  0.99994886 0.9999051
 0.99992514 0.99989426 0.9998939  0.99994457]
[0.9999176  0.9999511  0.99989116 0.99990726 0.99991906 0.99994934
 0.9999063  0.9999403  0.99993956 0.999913  ]
[0.9999094  0.99993706 0.9999455  0.99986506 0.9999348  0.9998981
 0.9999366  0.9999362  0.9998845  0.99993265]
[0.9998952  0.9999509  0.9999522  0.99990463 0.9999248  0.99992335
 0.9999583  0.99992967 0.9998994  0.9999019 ]
[0.99991417 0.9999478  0.9999492  0.9998523  0.99996424 0.999943
 0.9999206  0.99994326 0.99990153 0.9999505 ]
[0.9999118  0.99995816 0.9999062  0.9998342  0.99994063 0.99989355
 0.9999598  0.9999565  0.99990857 0.9999273 ]
[0.9999068  0.9999391  0.9999137  0.9999094  0.99995875 0.99993324
 0.999949   0.999964   0.99991024 0.99992955]
[0.9999093  0.9999596  0.99991405 0.99989295 0.9999405  0.99992156
 0.9999472  0.9999517  0.9999256  0.99994147]
[0.9999397  0.99994373 0.99993896 0.9998745  0.99993277 0.99992657
 0.9999044  0.999956   0.9998901  0.99990094]
[0.99991953 0.99992704 0.999941   0.9998758  0.99993896 0.9998995
 0.9999373  0.9999367  0.99994075 0.999907  ]
[0.99991775 0.9999455  0.9999052  0.9998671  0.99993896 0.9999218
 0.99996233 0.9999598  0.9999057  0.9998964 ]
[0.9999118  0.999961   0.99993646 0.999864   0.99995625 0.99994195
 0.99993634 0.999933   0.99994206 0.9999455 ]
[0.99990773 0.9999398  0.99993503 0.9998901  0.99993396 0.99995184
 0.9999287  0.99992    0.99989665 0.99993336]
[0.999946   0.9999547  0.99995065 0.99989736 0.99996006 0.99990153
 0.9999169  0.9999528  0.99990594 0.9999405 ]
[0.99990416 0.99995935 0.99993324 0.99989724 0.9999633  0.99993527
 0.99995244 0.99991703 0.9999448  0.99989974]
[0.99989223 0.99995875 0.9999107  0.9999074  0.999936   0.9999379
 0.9999318  0.9999534  0.9999039  0.9999292 ]
[0.9999192  0.9999529  0.9999504  0.9998616  0.9999261  0.9999465
 0.99992526 0.9999099  0.9998803  0.9999534 ]
[0.999907   0.99990547 0.99994564 0.99986815 0.99992514 0.99994695
 0.99996233 0.9999114  0.99991643 0.9999404 ]
[0.99991024 0.9999516  0.9999399  0.9999232  0.99994147 0.99993026
 0.9999051  0.9999118  0.99994195 0.9999083 ]
[0.99992955 0.9999176  0.99992716 0.9999187  0.99995875 0.99993277
 0.9999304  0.9999156  0.9999019  0.999941  ]
[0.9999188  0.999925   0.99993205 0.9998977  0.9999659  0.99990773
 0.99996483 0.99993634 0.99992335 0.9999417 ]
[0.99992347 0.9999484  0.999926   0.99992263 0.9999459  0.9999411
 0.999928   0.9999269  0.9999232  0.9999273 ]
[0.9999329  0.9999454  0.9999001  0.99988127 0.9999356  0.99993384
 0.99993277 0.99991703 0.9999049  0.9999422 ]
[0.9999373  0.99991715 0.999913   0.9999026  0.9999509  0.9998945
 0.9999256  0.999949   0.9999362  0.9999223 ]
[0.9998894  0.9999243  0.99991107 0.99989927 0.9999602  0.9998907
 0.99991643 0.99990773 0.99991775 0.9998951 ]
[0.99994075 0.99994063 0.99992776 0.99983716 0.99996376 0.9999311
 0.99995315 0.9999362  0.99992764 0.9999447 ]
[0.99991524 0.99995255 0.999954   0.9998435  0.9999615  0.9999218
 0.9999188  0.9999511  0.99992085 0.9999523 ]
[0.9995629  0.9999201  0.999954   0.9999312  0.9999474  0.9999082
 0.99992263 0.9999485  0.9999405  0.99991643]
[0.999936   0.9999161  0.99993646 0.9999137  0.9999467  0.9998914
 0.9999472  0.999926   0.99988794 0.9999517 ]
[0.99990463 0.99995875 0.9999174  0.99982494 0.9999609  0.9999207
 0.99993753 0.9999231  0.99991274 0.9999374 ]
[0.9999484  0.99990594 0.99989724 0.99985576 0.9999436  0.9999397
 0.99991715 0.9999465  0.9999261  0.99993944]
[0.99991465 0.99995506 0.9999163  0.9998357  0.9999403  0.9999348
 0.9999497  0.99996316 0.9998883  0.9999385 ]
[0.99988866 0.9999435  0.99989307 0.9998945  0.99995637 0.9999523
 0.999949   0.9999335  0.9998845  0.9999002 ]
[0.99991035 0.99992144 0.999951   0.9998667  0.9999304  0.9999472
 0.99996305 0.99992394 0.9998872  0.99991393]
[0.99991477 0.9999521  0.99995136 0.999877   0.99993837 0.99992085
 0.9999504  0.9999366  0.9999312  0.99994195]
[0.99993074 0.9999198  0.9999496  0.9999201  0.9999167  0.99995196
 0.99993956 0.9999566  0.9998957  0.9999417 ]
[0.99991655 0.99995863 0.999949   0.99985266 0.9999497  0.99994254
 0.9999567  0.99996054 0.9999207  0.99990845]
[0.99995244 0.9999286  0.99992454 0.99982315 0.9999193  0.9999074
 0.9999211  0.99994063 0.9999337  0.9999474 ]
[0.9999329  0.9999398  0.9999049  0.99991477 0.999943   0.99993
 0.9999362  0.9999423  0.9998907  0.99992657]
[0.9998951  0.9999087  0.9999058  0.9998062  0.9999553  0.99990344
 0.9999409  0.99995625 0.9999299  0.9999552 ]
[0.99993145 0.9999504  0.9999416  0.99989915 0.99992466 0.9999201
 0.9999479  0.99992394 0.9999379  0.9999422 ]
[0.99989617 0.99991655 0.9999502  0.99990284 0.9999484  0.99990976
 0.99996066 0.99994993 0.999918   0.9999057 ]
[0.9999027  0.9999423  0.9999355  0.9998859  0.99993944 0.99994457
 0.9999442  0.999913   0.9999074  0.99993265]
[0.99991024 0.9999131  0.99990726 0.9998485  0.99993825 0.9999099
 0.9999306  0.9999362  0.9998764  0.9999496 ]
[0.99988663 0.99992573 0.9999399  0.9998511  0.9999634  0.9999416
 0.9999665  0.9999273  0.9999125  0.9999366 ]
[0.99992144 0.9999193  0.99989855 0.99989295 0.99994063 0.999889
 0.9999373  0.99995065 0.99989295 0.9999329 ]
[0.9999485  0.9999527  0.99989533 0.99986994 0.99996114 0.9999331
 0.99996173 0.99995947 0.99989104 0.999902  ]
[0.9999467  0.999946   0.99992204 0.9998524  0.99996614 0.9999261
 0.9999168  0.99995756 0.9998878  0.9999521 ]
[0.9999447  0.9999479  0.99992716 0.9998697  0.9999459  0.9999424
 0.99995387 0.99994946 0.9999051  0.9999299 ]
[0.99991846 0.99995327 0.9999374  0.99988234 0.9999646  0.9999453
 0.99991393 0.9999385  0.99991477 0.9998939 ]
[0.9999398  0.9999541  0.9998958  0.9999076  0.9999516  0.99994564
 0.99994576 0.99995446 0.9998982  0.99992025]
[0.99993324 0.99995685 0.99994946 0.99987614 0.99995136 0.999936
 0.99995506 0.9999491  0.99993575 0.99995065]
[0.9998933  0.9999199  0.9999     0.9998417  0.9999393  0.9999554
 0.9999616  0.9999336  0.99992967 0.99994445]
[0.9999275  0.99993134 0.9998946  0.99984336 0.99992967 0.9999149
 0.99994314 0.99992466 0.99994683 0.99993074]
[0.99988115 0.99995184 0.9999349  0.9998715  0.9999448  0.9999436
 0.9999229  0.9999615  0.999918   0.9999404 ]
[0.99994874 0.9999219  0.999941   0.9998517  0.9999168  0.9999007
 0.9999287  0.99993205 0.9999218  0.9999218 ]
[0.9999056  0.99991524 0.99990284 0.9998411  0.999928   0.9999248
 0.9999585  0.9999467  0.9998871  0.9999205 ]
[0.9998927  0.9999522  0.99994624 0.99983585 0.9999428  0.99992883
 0.99992406 0.99991524 0.9999273  0.99989593]
[0.99993384 0.99991596 0.99990284 0.9998661  0.99994445 0.9999505
 0.9999511  0.9999337  0.9999083  0.9999434 ]
