Mprobs for dataset sim1 (5)

[0.9960062  0.99479645 0.99986506 0.9999492  0.99990165 0.9996438
 0.99993944 0.8683727  0.9835759  0.9969469  0.9705273  0.9998859
 0.9998878  0.9999136  0.9998826  0.99993694]
[0.99495184 0.99546826 0.99987507 0.99991715 0.9999479  0.99980813
 0.99994624 0.89755046 0.98473316 0.9983248  0.9839866  0.999882
 0.99995375 0.99990356 0.99992514 0.9999467 ]
[0.99621046 0.9935081  0.9998919  0.99992514 0.9999026  0.99976593
 0.99993443 0.94439185 0.990622   0.9983046  0.97544515 0.99992704
 0.9999323  0.99983454 0.9999232  0.9999255 ]
[0.996135   0.99650383 0.99986243 0.99993527 0.99992645 0.99937904
 0.9999362  0.8589138  0.9912334  0.9971681  0.9582223  0.9999192
 0.99992085 0.9998672  0.99988735 0.99991155]
[0.9959793  0.9941334  0.99990153 0.9999058  0.999943   0.9995999
 0.9998989  0.8795429  0.9856893  0.99705267 0.96165156 0.9999318
 0.9999274  0.9998791  0.9998404  0.99994326]
[0.99541545 0.9926339  0.99992144 0.99992836 0.9999374  0.99965227
 0.9999137  0.8575691  0.98998964 0.9982035  0.9846539  0.9999
 0.9999025  0.9998166  0.9999236  0.99992967]
[0.9950176  0.9983802  0.99992776 0.9999496  0.99992263 0.99976283
 0.99991393 0.9190211  0.9875687  0.9977481  0.9664111  0.99990606
 0.99988556 0.9998543  0.99985814 0.9999347 ]
[0.99604577 0.9944353  0.9999275  0.9999281  0.99993575 0.9995708
 0.9999279  0.9240899  0.98317426 0.9986953  0.9803453  0.99988544
 0.9998963  0.9998565  0.9999205  0.99993896]
[0.99369806 0.9978102  0.9998982  0.999928   0.9999378  0.9995778
 0.99995327 0.88937557 0.9876417  0.9977629  0.9809771  0.99991953
 0.99993324 0.99989665 0.9999236  0.9999182 ]
[0.9940164  0.99712735 0.9999347  0.99995327 0.999941   0.9997259
 0.9999056  0.83972555 0.98870254 0.99822384 0.98324513 0.9999006
 0.99991906 0.99987555 0.99991894 0.99989617]
[0.99453884 0.99848974 0.99994445 0.99993706 0.9999002  0.9997106
 0.99994445 0.93966746 0.98626465 0.996855   0.9691682  0.9999274
 0.9999509  0.9997986  0.9998623  0.9999312 ]
[0.9968424  0.9869604  0.99990547 0.9999287  0.99990726 0.99971277
 0.9999049  0.8768625  0.992755   0.99713707 0.97720546 0.9999044
 0.9999118  0.99980825 0.9999374  0.9999515 ]
[0.97313976 0.99210584 0.9991111  0.9999355  0.99986804 0.9977848
 0.99990785 0.83141845 0.96409553 0.99050015 0.9661991  0.999907
 0.99987376 0.99969983 0.9991425  0.999894  ]
[0.9961551  0.99679524 0.9998666  0.9999424  0.9999149  0.99956423
 0.9999409  0.90426767 0.98982483 0.99729115 0.9660087  0.99991643
 0.9999428  0.99987185 0.99987066 0.99993944]
[0.9950423  0.99640214 0.9999094  0.9999598  0.9999335  0.99959534
 0.9999021  0.92478997 0.9897606  0.9972582  0.9749008  0.9999367
 0.9999207  0.99985373 0.99990726 0.9999378 ]
[0.99573934 0.9971264  0.9998845  0.999949   0.99994624 0.9996692
 0.9999125  0.86297596 0.9634178  0.9969144  0.9651824  0.99993086
 0.9999112  0.99979    0.99984384 0.9998994 ]
[0.99223936 0.9982461  0.9998441  0.99994683 0.9999174  0.999666
 0.9999291  0.87035424 0.98315537 0.9962451  0.97133785 0.9998901
 0.9999013  0.99984527 0.99986815 0.9999223 ]
[0.995704   0.988485   0.99988294 0.99994254 0.9999125  0.9997807
 0.99990976 0.87755364 0.98584926 0.99741614 0.97230434 0.9998822
 0.99992394 0.9997912  0.9998971  0.9999262 ]
[0.9955995  0.991783   0.99988616 0.99991953 0.9999443  0.9997024
 0.99994814 0.86574423 0.9890183  0.9972313  0.9803949  0.9999168
 0.99990165 0.99977714 0.9998876  0.99988616]
[0.99694365 0.9959281  0.999874   0.9999316  0.99991524 0.99958926
 0.99992263 0.87626946 0.98830926 0.9977592  0.9506258  0.99993646
 0.9999162  0.9998267  0.99989545 0.9999436 ]
[0.9916829  0.99511826 0.99989974 0.9999361  0.99990165 0.999524
 0.9999212  0.8658769  0.98325807 0.99816257 0.9481994  0.99991965
 0.99990153 0.9998172  0.99990165 0.9999163 ]
[0.9937593  0.9902688  0.9999356  0.99992955 0.99991107 0.9996106
 0.9999434  0.85959977 0.9887093  0.9985983  0.97042274 0.9999335
 0.99990976 0.99980074 0.99991167 0.9999113 ]
[0.9969266  0.9942925  0.9998915  0.99993694 0.9999149  0.99958116
 0.9999273  0.93006706 0.91085726 0.9981337  0.9739004  0.9999429
 0.99990404 0.9998609  0.9999007  0.9999285 ]
[0.9954764  0.9804519  0.9998851  0.9999573  0.99993145 0.9996321
 0.99990845 0.9131696  0.98574233 0.99625707 0.97181165 0.9998925
 0.9999471  0.99986196 0.9997936  0.9999094 ]
[0.9958978  0.97238266 0.99992716 0.99994564 0.99994874 0.99977344
 0.9999479  0.92172885 0.9936621  0.99862075 0.98608834 0.9999423
 0.99993193 0.99979633 0.99990535 0.99992836]
[0.9953187  0.9960045  0.99990296 0.9999387  0.9999347  0.9997656
 0.99993086 0.9192939  0.98335946 0.99815303 0.9808702  0.99986565
 0.9999211  0.99983716 0.99991405 0.99993384]
[0.9895409  0.9921719  0.99955827 0.9999199  0.9999503  0.9996575
 0.9999436  0.8926196  0.98334885 0.9968917  0.89664507 0.9998963
 0.9999144  0.9998323  0.9998809  0.9999156 ]
[0.99609095 0.9969633  0.9998876  0.9999473  0.99994576 0.9997297
 0.99992204 0.94495326 0.9842322  0.9965354  0.97101283 0.99990845
 0.99994123 0.9997367  0.999869   0.9998995 ]
[0.9944417  0.9929971  0.9999207  0.99991643 0.9999256  0.99969995
 0.99990153 0.80814546 0.9604915  0.9969785  0.96867573 0.9999176
 0.99991095 0.9997813  0.9998491  0.99993205]
[0.9965233  0.9963063  0.99993587 0.9999304  0.9999193  0.99972373
 0.99989605 0.9103566  0.98643064 0.9969584  0.95466775 0.99991906
 0.9999155  0.9998758  0.9998523  0.99993503]
[0.99256635 0.9969131  0.99989593 0.99995124 0.99991953 0.999634
 0.9999403  0.90378267 0.9856536  0.99795073 0.96540713 0.9999206
 0.9999348  0.99981326 0.99991393 0.9999045 ]
[0.9948631  0.9987722  0.9998733  0.9999031  0.9999199  0.9997918
 0.9999275  0.89246017 0.9755258  0.9980627  0.9863268  0.9999299
 0.99990666 0.9998202  0.9999149  0.9999454 ]
[0.9959507  0.9714319  0.99991393 0.9999267  0.9999442  0.99960345
 0.99990296 0.858228   0.984382   0.9969704  0.973204   0.99990976
 0.9999064  0.9998839  0.999853   0.9999132 ]
[0.9954579  0.99803764 0.9998839  0.9999305  0.99993765 0.9994765
 0.99995553 0.8424118  0.9834319  0.99713635 0.9680456  0.99990773
 0.9999049  0.9997843  0.9999205  0.99994636]
[0.9948309  0.99794096 0.9999083  0.99995005 0.99991274 0.9997464
 0.99993634 0.9221115  0.984544   0.9976421  0.9754038  0.99989414
 0.999926   0.99976844 0.9998903  0.99993217]
[0.9920374  0.9942644  0.9999318  0.9999174  0.9999399  0.99970824
 0.9999001  0.89335036 0.99084634 0.99770856 0.97340494 0.9999347
 0.99995244 0.9998549  0.99992275 0.99993014]
[0.9945669  0.99525565 0.9998779  0.9999049  0.999918   0.999741
 0.99991846 0.8770911  0.9835896  0.99687153 0.98322195 0.9998934
 0.9998795  0.99985516 0.99986804 0.99986887]
[0.9946268  0.9963894  0.9999225  0.99992895 0.9999     0.99947673
 0.9999341  0.90276265 0.97682333 0.99700874 0.9643297  0.9999205
 0.9999087  0.99977475 0.9998355  0.9999089 ]
[0.9920358  0.99454015 0.99985087 0.99992406 0.999915   0.99943763
 0.9999361  0.8196468  0.9857859  0.99794847 0.9457486  0.9999342
 0.9999074  0.9998611  0.9998282  0.9998995 ]
[0.9965957  0.99477404 0.99990463 0.999925   0.9999101  0.9997273
 0.99991167 0.8752746  0.977414   0.99718827 0.9598949  0.9999124
 0.9999331  0.9998621  0.9998369  0.99992   ]
[0.996265   0.99683434 0.99991846 0.9999491  0.99989784 0.99960977
 0.9998981  0.86611205 0.9815052  0.9980794  0.97907686 0.9999118
 0.9999461  0.9998981  0.99982977 0.999907  ]
[0.99446094 0.9963427  0.99989045 0.9999324  0.9999324  0.9997664
 0.999941   0.89095676 0.98377824 0.9978801  0.91817313 0.9999325
 0.99991333 0.99979347 0.9998635  0.9999217 ]
[0.9946556  0.9962509  0.9998834  0.99994636 0.99994195 0.99972695
 0.9998965  0.91840756 0.98608065 0.99824655 0.9739128  0.999918
 0.99989307 0.99982136 0.9999248  0.9998758 ]
[0.9925237  0.99380165 0.9998963  0.99990726 0.9999229  0.9994843
 0.99993515 0.8762717  0.9895778  0.997209   0.97906804 0.99991643
 0.9999099  0.999887   0.99991345 0.99991405]
[0.9951912  0.9888389  0.9999428  0.9999522  0.9999207  0.9995881
 0.9999269  0.9084483  0.9872363  0.9981901  0.9557027  0.9999317
 0.999925   0.9998287  0.9999093  0.99993503]
[0.996774   0.9934661  0.9999293  0.99995697 0.9999385  0.99971575
 0.9999275  0.93866754 0.9757489  0.9986374  0.98323566 0.99992037
 0.999913   0.99983907 0.99991226 0.99993885]
[0.9928952  0.99732566 0.99991477 0.9999076  0.99989164 0.9996377
 0.99993527 0.81169224 0.98185146 0.99804246 0.974095   0.99992454
 0.99994373 0.9997379  0.9998392  0.9998939 ]
[0.9882486  0.99307394 0.9999112  0.9999428  0.9999293  0.9996393
 0.9998895  0.8708008  0.9819358  0.9982578  0.9683275  0.99987364
 0.9999294  0.9998815  0.9998503  0.99988866]
[0.9957675  0.99431616 0.99993277 0.99991906 0.9999366  0.9995265
 0.9999318  0.92200136 0.9870422  0.9978582  0.97911286 0.9999099
 0.99994016 0.99981326 0.99988794 0.9999201 ]
[0.99432373 0.9935335  0.9998883  0.9999355  0.99992585 0.99977034
 0.999933   0.919264   0.98224545 0.9976133  0.9845366  0.99992025
 0.9998933  0.9998894  0.9998771  0.99992394]
[0.9741391  0.9798498  0.9998461  0.9999529  0.9999199  0.99961615
 0.99990034 0.87971115 0.9838976  0.99442625 0.9617998  0.9998932
 0.9999287  0.99983394 0.99990356 0.9999238 ]
[0.9959454  0.99570054 0.999925   0.9999193  0.9999269  0.9995876
 0.9999391  0.83816296 0.98518676 0.99783593 0.9664187  0.9999269
 0.9999287  0.99981886 0.99984884 0.99992776]
[0.9952987  0.986227   0.9999175  0.9999331  0.9998839  0.999713
 0.9999336  0.851656   0.9806522  0.9967025  0.96771944 0.9999081
 0.9998921  0.9998555  0.99986887 0.99992526]
[0.9955193  0.9974868  0.9998739  0.9999175  0.9999542  0.9996213
 0.9999367  0.8813122  0.9915496  0.99666226 0.9702214  0.99993753
 0.9999293  0.9998667  0.99993217 0.9999409 ]
[0.99718237 0.9656574  0.9999285  0.99993455 0.99992704 0.9996259
 0.99991894 0.8331532  0.9835126  0.9973627  0.84294206 0.99987304
 0.99991524 0.99979144 0.99990785 0.99991286]
[0.9957759  0.9969087  0.999866   0.9999244  0.9999118  0.9995621
 0.9999099  0.9073305  0.98489493 0.9972601  0.97821987 0.999884
 0.99991024 0.9998938  0.9998951  0.9999156 ]
[0.9946313  0.9975001  0.9998821  0.99991703 0.99993515 0.99974626
 0.99994695 0.8822519  0.9882046  0.99729687 0.962789   0.99989223
 0.9999232  0.9997782  0.9998821  0.99990225]
[0.9960538  0.99222517 0.99991894 0.99991596 0.9999269  0.99968886
 0.9999118  0.8929433  0.97895217 0.99828666 0.96278644 0.9999074
 0.9999398  0.9997596  0.99991465 0.99993455]
[0.9945745  0.9976993  0.99992704 0.9999162  0.99988675 0.9997334
 0.99989176 0.88770443 0.98827237 0.99815184 0.9757657  0.9999255
 0.99993527 0.99989724 0.99986184 0.9998964 ]
[0.99604577 0.99525046 0.99992275 0.9999064  0.9999378  0.99974436
 0.99995697 0.92001927 0.9911652  0.99825805 0.9695238  0.9998946
 0.9999459  0.99986136 0.9999083  0.99989796]
[0.99520904 0.9975846  0.99988115 0.99994063 0.9998658  0.9997043
 0.9999275  0.8736378  0.98132735 0.9982262  0.96262425 0.9999068
 0.9999124  0.9997799  0.9998449  0.9999243 ]
[0.9929677  0.9969265  0.9998987  0.9999325  0.9999454  0.999597
 0.999897   0.91315174 0.97950155 0.99697745 0.9700079  0.99989915
 0.9999043  0.9997962  0.9998934  0.99988484]
[0.9940076  0.9941947  0.9999374  0.99991393 0.99989915 0.99955803
 0.9999474  0.805457   0.98931354 0.99658847 0.9844742  0.99988556
 0.999877   0.99987423 0.99984896 0.9999397 ]
[0.99602354 0.9958591  0.99988854 0.99989617 0.9999312  0.99963975
 0.9999008  0.8045682  0.9880043  0.9982241  0.965163   0.99993265
 0.9999248  0.99982125 0.9999     0.9998963 ]
[0.99705744 0.9637845  0.9995265  0.99993145 0.99991703 0.9996395
 0.99988186 0.85972035 0.9180838  0.9984022  0.94421774 0.99993443
 0.99994993 0.9998035  0.99985087 0.99988925]
[0.99309194 0.9921411  0.99987614 0.9999169  0.9998815  0.9994873
 0.9999418  0.86021876 0.98715717 0.99688643 0.9587605  0.99988985
 0.9998841  0.99976295 0.9998883  0.99990606]
[0.9968548  0.99787056 0.9999057  0.9999565  0.99993515 0.99952304
 0.9999093  0.9325624  0.9915354  0.9965809  0.97697794 0.9998803
 0.99986684 0.999783   0.99982786 0.99992955]
[0.99464995 0.9892007  0.99989796 0.9999604  0.99992025 0.9995858
 0.9999492  0.90174615 0.9836731  0.997718   0.98492694 0.9999119
 0.9999347  0.99989116 0.9998926  0.9999205 ]
[0.99526983 0.9977539  0.99989057 0.99994695 0.9999118  0.99974483
 0.99994504 0.895685   0.98595005 0.99816704 0.98115563 0.9999162
 0.99994564 0.99984634 0.9998772  0.9998871 ]
[0.9964534  0.9941981  0.9999256  0.9999306  0.99993694 0.99957794
 0.9999291  0.9122396  0.98271227 0.9973985  0.967046   0.99992394
 0.9998964  0.99980026 0.9999219  0.99993   ]
[0.9960377  0.9950512  0.9999186  0.9999479  0.9999455  0.99959093
 0.9999107  0.93649    0.9886242  0.9972699  0.9469101  0.9999157
 0.9998933  0.9998598  0.9999238  0.99992776]
[0.9955317  0.99604356 0.99990106 0.99990416 0.99992704 0.9997919
 0.9999337  0.88146406 0.99016005 0.9984085  0.9744324  0.9999201
 0.99991965 0.99983966 0.99988985 0.9999379 ]
[0.99408084 0.99153966 0.9999411  0.9999237  0.99990404 0.9997452
 0.99990785 0.91647387 0.9896869  0.99834085 0.97724986 0.99990773
 0.99993825 0.999828   0.9998884  0.9999106 ]
[0.9922236  0.9965724  0.99991167 0.9999099  0.9998882  0.99968314
 0.9999124  0.77527875 0.98313797 0.9974444  0.9628954  0.9999217
 0.9999232  0.9998324  0.99989355 0.9999447 ]
[0.9957398  0.9958091  0.99991465 0.99995196 0.9999039  0.9994874
 0.99995327 0.9078218  0.98546046 0.99801874 0.97645706 0.9999136
 0.9999114  0.99988437 0.9999163  0.99993694]
[0.9952036  0.99650097 0.9999229  0.9999311  0.9998981  0.9997106
 0.9999485  0.9065781  0.9893679  0.99770856 0.97744614 0.9999212
 0.999876   0.9997751  0.9998228  0.9999485 ]
[0.99358726 0.9930566  0.9998995  0.99990165 0.99992263 0.9997688
 0.9999411  0.8687516  0.9765686  0.99835265 0.9832772  0.99991393
 0.9999306  0.9998977  0.9999207  0.9999423 ]
[0.9958722  0.992469   0.99986684 0.9999037  0.9999311  0.99977905
 0.99991226 0.83433354 0.9906432  0.99775946 0.9585264  0.999864
 0.99990046 0.9998927  0.99990904 0.99991095]
[0.99490094 0.9969777  0.99991477 0.9999201  0.9999244  0.99951863
 0.999936   0.90382504 0.9882811  0.9983564  0.9741769  0.9999294
 0.9999329  0.99987257 0.9998921  0.99994516]
[0.9975783  0.99778724 0.9998987  0.9999324  0.99993396 0.9996865
 0.99994326 0.84406894 0.98811406 0.9966748  0.9706759  0.9999275
 0.9998926  0.9998801  0.99991155 0.9999449 ]
[0.99615234 0.9919247  0.99987566 0.99994195 0.9999478  0.99955267
 0.99993    0.8624626  0.9866106  0.99828535 0.97185814 0.9998927
 0.9999138  0.9998492  0.999859   0.9999205 ]
[0.9963032  0.9966017  0.9999361  0.99992514 0.9998894  0.99963665
 0.9999559  0.9402009  0.9867829  0.9976089  0.9706688  0.99991727
 0.9999567  0.9998272  0.99988806 0.9999503 ]
[0.9945093  0.99659723 0.9998555  0.99993575 0.99990547 0.9997732
 0.9999498  0.87785643 0.97775114 0.99803025 0.9628726  0.99992967
 0.9999429  0.99981433 0.99991035 0.9998987 ]
[0.9952242  0.99839276 0.99987245 0.9999553  0.9999026  0.9997948
 0.9999484  0.89283264 0.98859406 0.9969308  0.9572346  0.9998832
 0.99994314 0.9998797  0.99988925 0.99988914]
[0.9959181  0.9981324  0.9999075  0.9999404  0.9999143  0.99953437
 0.9999051  0.9143132  0.9819904  0.99819905 0.9712957  0.99993646
 0.9999293  0.9998547  0.9998934  0.9999511 ]
[0.99559337 0.99812585 0.9999279  0.99992585 0.9999329  0.9997404
 0.9999417  0.9097322  0.98384136 0.9959203  0.97655916 0.99993825
 0.99993527 0.9997707  0.99987566 0.99993455]
[0.9916073  0.9972228  0.999876   0.99995685 0.9999372  0.9994831
 0.9999454  0.92647964 0.9821844  0.99650407 0.9811379  0.99991965
 0.99988186 0.99983466 0.99986017 0.99988806]
[0.9949058  0.9966912  0.99987483 0.9999021  0.9999387  0.99963593
 0.9999329  0.90172297 0.9877351  0.99772745 0.9752755  0.999933
 0.9999114  0.9997677  0.9999162  0.99993944]
[0.99670994 0.8859633  0.99993885 0.99990344 0.9998996  0.9996978
 0.999951   0.83634096 0.98552763 0.99867636 0.97438645 0.9998869
 0.9999467  0.9998098  0.9999101  0.99994123]
[0.9942345  0.9967205  0.9998938  0.99994206 0.999915   0.99939835
 0.999941   0.86983925 0.982743   0.9971301  0.97380406 0.9999294
 0.9998995  0.9998671  0.99988604 0.99992967]
[0.99530774 0.99690104 0.9999112  0.99994385 0.9999461  0.99967504
 0.9999254  0.9132493  0.98935753 0.9970106  0.9721835  0.99991035
 0.9999031  0.9998098  0.9998888  0.9999311 ]
[0.99615073 0.9971758  0.9996989  0.9999528  0.9998919  0.99966335
 0.99993134 0.84377986 0.9254922  0.9947249  0.92189497 0.9999045
 0.99994946 0.99987376 0.99963677 0.99993706]
[0.99612206 0.99756575 0.9999355  0.9999311  0.99990726 0.9996971
 0.99993587 0.8512594  0.9469539  0.99714345 0.9221911  0.99993587
 0.9999143  0.9998958  0.9999136  0.99991846]
[0.99576426 0.9959091  0.99992156 0.99993265 0.9998863  0.9996971
 0.99987376 0.8681043  0.9790445  0.99711156 0.952699   0.9999318
 0.9999013  0.9998473  0.9999021  0.9999107 ]
[0.99413764 0.9891149  0.9999175  0.99994254 0.99988544 0.9996822
 0.9999012  0.8162772  0.98625135 0.9984579  0.8938298  0.99992955
 0.9999212  0.999736   0.9998735  0.9998846 ]
[0.9930662  0.98674566 0.9998907  0.9999498  0.9999169  0.9996859
 0.99990964 0.82756007 0.9632108  0.99564457 0.96785766 0.9998783
 0.9998832  0.99984217 0.99988246 0.99989617]
[0.99684983 0.9972908  0.9999044  0.9999536  0.9999064  0.9995881
 0.99991417 0.89116305 0.98680186 0.99830246 0.9865089  0.9999399
 0.99993205 0.99986947 0.99990416 0.99990034]
[0.9937604  0.99683905 0.9998827  0.99995697 0.9999262  0.99951565
 0.99993813 0.91704005 0.99181575 0.9978003  0.96245825 0.9998977
 0.9999199  0.9999032  0.99982697 0.99990356]
[0.9958812  0.9947306  0.9998903  0.99995196 0.9999428  0.99969625
 0.99994993 0.768525   0.98585737 0.9978927  0.9708617  0.9999405
 0.999915   0.99989676 0.9998678  0.99993205]
[0.9969971  0.9975338  0.9998816  0.99991894 0.9999502  0.99961036
 0.9999268  0.87499267 0.9787734  0.9981895  0.9746132  0.99993813
 0.9999418  0.99986804 0.9998976  0.9999268 ]
