Mprobs for dataset sim1 (100)

[0.9763174  0.99771464 0.9980081  0.9991678  0.99896073 0.9917603
 0.9989568  0.99315614 0.99493563 0.9475518  0.99713147 0.99487925
 0.9988312  0.96151537 0.94945264 0.998696   0.9990397 ]
[0.962858   0.99537045 0.99828476 0.9992366  0.99864703 0.99316883
 0.99857473 0.9933822  0.99208283 0.97418606 0.99796534 0.9879979
 0.9979013  0.90269333 0.95937973 0.9990637  0.99899477]
[0.95306206 0.99566674 0.99785894 0.9983253  0.99901474 0.9906176
 0.99900347 0.9888131  0.9918739  0.98156494 0.99813205 0.99347985
 0.9981388  0.91912    0.96449715 0.9986332  0.99875367]
[0.9805387  0.99860543 0.9954619  0.9991497  0.99786323 0.99629503
 0.9984047  0.9881793  0.99868375 0.9841559  0.9956181  0.9945978
 0.9970145  0.96459365 0.9647745  0.99730396 0.9992668 ]
[0.95666695 0.9970055  0.9978192  0.9992698  0.99880564 0.99487525
 0.9985734  0.9902395  0.9975177  0.9854783  0.99835736 0.9944977
 0.99853647 0.9689688  0.9983329  0.99867934]
[0.97343224 0.9950982  0.9976488  0.9066669  0.99899095 0.9984824
 0.9840067  0.99843556 0.98574674 0.99614537 0.98316574 0.99594384
 0.9895195  0.99747604 0.78621083 0.65859866 0.99812645 0.9989931 ]
[0.9087196  0.996136   0.99715734 0.99914455 0.99840313 0.99344796
 0.99864894 0.99329245 0.9915838  0.9732842  0.9980106  0.9974253
 0.9985423  0.9582773  0.92266405 0.9981248  0.99850225]
[0.9337961  0.99649614 0.99526465 0.85941887 0.99901116 0.99848914
 0.9913735  0.99843067 0.97163075 0.9945057  0.9120934  0.9957878
 0.9965019  0.9972819  0.79548323 0.9979303  0.9986228 ]
[0.9840608  0.9990307  0.99633247 0.9987545  0.99827766 0.9961591
 0.99861944 0.9961815  0.99602616 0.9922611  0.9979886  0.99549556
 0.998495   0.94333    0.99784005 0.9989479 ]
[0.9532893  0.9985636  0.9993111  0.8755355  0.99927956 0.9986212
 0.99349046 0.99876666 0.9942993  0.9973326  0.990475   0.99849653
 0.9973333  0.9980077  0.76138306 0.9182887  0.99672514 0.99923766]
[0.9642744  0.9973654  0.99534094 0.61694115 0.99915946 0.99634427
 0.99174786 0.9982968  0.98814183 0.97837836 0.9746991  0.9951196
 0.99503493 0.9953133  0.8692866  0.89177585 0.99783057 0.99857414]
[0.9813903  0.9982419  0.99269706 0.998955   0.9980586  0.99590635
 0.9988048  0.98562247 0.9911931  0.97967225 0.9976077  0.989967
 0.99720037 0.89934915 0.99693394 0.9989262 ]
[0.9803462  0.9979988  0.99788    0.54789567 0.9992963  0.9987531
 0.9952077  0.9991708  0.9899957  0.9931565  0.9724449  0.9970907
 0.9961499  0.99782807 0.76733226 0.97464436 0.9983388  0.9993999 ]
[0.9513248  0.9983164  0.99639493 0.99893516 0.99767774 0.9870481
 0.9983015  0.9831933  0.9971219  0.9725179  0.9962453  0.99221545
 0.9977301  0.9458663  0.9359621  0.9970469  0.9989392 ]
[0.990615   0.99859804 0.9961132  0.9311304  0.9993383  0.9984137
 0.99546766 0.9989906  0.99328107 0.998042   0.9916814  0.9963217
 0.99387264 0.99845576 0.96745324 0.97443753 0.99842876 0.9993851 ]
[0.95098186 0.9975473  0.9975677  0.83840245 0.99882215 0.99881136
 0.9942643  0.9991848  0.99145764 0.99069464 0.98631525 0.9985191
 0.9930112  0.9976041  0.95542973 0.71714747 0.99785256 0.99914324]
[0.97845334 0.99687517 0.9973018  0.9988876  0.9986229  0.9920304
 0.99834514 0.9950251  0.9962555  0.9896926  0.99777204 0.9915496
 0.9971308  0.9390314  0.920756   0.99854845 0.9988207 ]
[0.97126627 0.9976712  0.99260217 0.9990501  0.9989021  0.98248845
 0.9981476  0.9822203  0.9959306  0.9477441  0.99835926 0.99665785
 0.9980326  0.8660539  0.9741833  0.99738723 0.99832934]
[0.98348284 0.9985586  0.9980774  0.99912184 0.99904305 0.99697554
 0.99939764 0.993382   0.99807775 0.9828604  0.9974446  0.9946197
 0.99851996 0.94936013 0.96268326 0.9990232  0.9992324 ]
[0.9883089  0.99814236 0.9943488  0.9160845  0.9986212  0.99858284
 0.98925287 0.9984542  0.96605355 0.99660456 0.9875553  0.9969162
 0.99506605 0.9978054  0.9176974  0.9978922  0.9987374 ]
[0.9845143  0.9988998  0.9959085  0.7882298  0.99915123 0.99881977
 0.9971951  0.99919957 0.9939383  0.99530387 0.9913487  0.9967817
 0.9890648  0.99721825 0.85627925 0.9438353  0.99846953 0.99888307]
[0.98152703 0.9960187  0.9967069  0.8343773  0.999134   0.99748
 0.9905929  0.99901307 0.992276   0.98944104 0.980327   0.9973562
 0.9986089  0.99725133 0.96017456 0.99822277 0.9990183 ]
[0.9890059  0.9981141  0.9954738  0.811728   0.9993382  0.99773204
 0.9941245  0.99855727 0.99246985 0.99714017 0.9920095  0.9970073
 0.99258435 0.9986193  0.94862044 0.9567342  0.9973321  0.9992136 ]
[0.9872136  0.9988405  0.99781597 0.9993082  0.9991774  0.99241734
 0.9988035  0.9946944  0.9952683  0.9895822  0.9977076  0.9929523
 0.99864846 0.95296884 0.94342935 0.99850994 0.9992009 ]
[0.9809823  0.9977763  0.997603   0.9991479  0.9988605  0.9927921
 0.998431   0.99263823 0.98493063 0.98106444 0.99631387 0.98972565
 0.99797934 0.68049353 0.96114296 0.9983163  0.99869674]
[0.9753889  0.99641526 0.9976497  0.8688642  0.99934584 0.9980198
 0.9955569  0.99902475 0.9891033  0.99477553 0.99326456 0.99816066
 0.99366945 0.99897826 0.83167595 0.9969139  0.9991278 ]
[0.9873532  0.9983278  0.99828017 0.7809329  0.99959904 0.9988103
 0.994197   0.99873596 0.99048525 0.99072534 0.99255264 0.997747
 0.9901633  0.9974268  0.94798195 0.8511191  0.9984914  0.99907553]
[0.9671587  0.99844545 0.99597794 0.9990914  0.99911004 0.9914554
 0.998958   0.9932854  0.99405956 0.9587759  0.9984281  0.9936214
 0.997813   0.9694523  0.9979432  0.99902165]
[0.9763849  0.99762183 0.9978282  0.99901664 0.99866223 0.9890533
 0.99875593 0.9887059  0.9967056  0.9439467  0.9969838  0.9926987
 0.9975083  0.9356223  0.8800481  0.99745685 0.99919707]
[0.94173944 0.9988193  0.9959015  0.88326955 0.9990466  0.99877495
 0.99401194 0.9969503  0.99366933 0.9980843  0.9891171  0.9978485
 0.98888993 0.9986149  0.79037493 0.9741668  0.99799216 0.9991679 ]
[0.9695376  0.99698037 0.9979964  0.9992186  0.99855024 0.9958651
 0.99866915 0.9821164  0.99592125 0.9850054  0.9978331  0.9977271
 0.99781394 0.93239367 0.959956   0.9989274  0.9989537 ]
[0.9687857  0.99885535 0.9971945  0.94271755 0.9991116  0.9986551
 0.9972051  0.9988977  0.99458116 0.9954627  0.9868167  0.99680424
 0.9992453  0.99726045 0.7309193  0.9627159  0.99798113 0.99890316]
[0.95691687 0.9949033  0.99618226 0.9097023  0.99877936 0.9981634
 0.98787665 0.9984445  0.9917705  0.99745697 0.9165856  0.9967997
 0.9960233  0.99432325 0.92586005 0.9977837  0.9981981 ]
[0.95950747 0.9968214  0.995411   0.6847395  0.99882036 0.9987465
 0.988255   0.9987387  0.99548596 0.9923699  0.99097955 0.9952734
 0.99486864 0.99753016 0.9493072  0.89477235 0.9978327  0.9991359 ]
[0.9751794  0.99712604 0.998059   0.9991203  0.9984781  0.9935056
 0.9988224  0.9915172  0.99424183 0.9542279  0.99687356 0.99686986
 0.998197   0.94190925 0.96828294 0.9984937  0.99883145]
[0.979226   0.995752   0.9948822  0.9990288  0.99749136 0.98721784
 0.99863017 0.9881143  0.9954005  0.982077   0.99739057 0.99572504
 0.9966516  0.9446191  0.9985177  0.9985273 ]
[0.98725176 0.9971207  0.9969277  0.7411625  0.7117957  0.99930954
 0.99861896 0.9947748  0.99926037 0.9897323  0.99814165 0.9873975
 0.99811125 0.9985487  0.9982845  0.96536684 0.9987686  0.99930847]
[0.9512067  0.9991872  0.9960686  0.9143754  0.9988801  0.9989103
 0.9923309  0.9984748  0.99200046 0.99099964 0.9879838  0.99750656
 0.99665123 0.9987476  0.9616153  0.9977779  0.99857736]
[0.98460245 0.99147296 0.996624   0.91333926 0.9992567  0.99807537
 0.9796458  0.9983645  0.99228466 0.99274504 0.9603846  0.9948277
 0.9958865  0.9950464  0.9169044  0.99803275 0.99846363]
[0.97161406 0.99462974 0.99594647 0.999003   0.99839157 0.99183875
 0.99663335 0.99153626 0.9956405  0.9790588  0.9977216  0.99533516
 0.9981108  0.69062173 0.96773595 0.9981664  0.9988217 ]
[0.9712361  0.9967373  0.99627185 0.6922354  0.9994191  0.99832207
 0.9939459  0.9984274  0.9910721  0.9961461  0.9923827  0.99822193
 0.98265463 0.9980276  0.92032695 0.9978806  0.9988532 ]
[0.9715991  0.99908626 0.9928214  0.99895585 0.99818975 0.9960879
 0.999238   0.995854   0.9977538  0.98095304 0.99576616 0.9932319
 0.9985549  0.9473762  0.95990896 0.9977617  0.99882525]
[0.97753763 0.9971933  0.9984641  0.99945    0.99821764 0.9929041
 0.9983783  0.98965424 0.9960582  0.9798518  0.9976592  0.99753004
 0.99823356 0.95904166 0.94767857 0.99829525 0.99883384]
[0.96110016 0.9976903  0.9954222  0.58659345 0.9989448  0.997979
 0.9913085  0.9984282  0.99526477 0.9959431  0.9827696  0.9955244
 0.9966664  0.99801564 0.9067388  0.96530914 0.997189   0.99931645]
[0.9836215  0.99850464 0.9975241  0.75159955 0.9993242  0.9981553
 0.99022734 0.9982886  0.9898719  0.99263704 0.9923424  0.9974355
 0.99525815 0.9980889  0.92169684 0.9972947  0.9988732 ]
[0.9650815  0.9988926  0.99729484 0.99866533 0.99884987 0.9950428
 0.99889827 0.9926438  0.99709845 0.9909423  0.99722373 0.99515116
 0.99851745 0.8681705  0.9544886  0.9981762  0.9989747 ]
[0.93229306 0.9965281  0.998389   0.53965354 0.9992411  0.9989347
 0.9953062  0.9976985  0.993149   0.9921097  0.8609371  0.99598855
 0.99290234 0.9982394  0.90565574 0.8927639  0.99801034 0.9989655 ]
[0.956116   0.994733   0.9982572  0.856888   0.9993629  0.9983236
 0.99512637 0.99775547 0.9925991  0.98957473 0.9826067  0.99746263
 0.9952514  0.9968348  0.9551632  0.9434156  0.99854434 0.9989114 ]
[0.9627221  0.9984326  0.99810386 0.9995573  0.9981686  0.99853253
 0.9987006  0.9961164  0.9959984  0.98581135 0.997162   0.9963192
 0.9981249  0.9563508  0.9555456  0.998461   0.99877506]
[0.9784587  0.9981945  0.99461114 0.9364468  0.9989629  0.9978154
 0.99431276 0.99831116 0.9930147  0.996924   0.98222524 0.99724776
 0.9990054  0.9973368  0.9630047  0.97392255 0.99759656 0.9989066 ]
[0.9644263  0.9956038  0.9986952  0.9990138  0.9981121  0.9891195
 0.9987645  0.98961663 0.99314123 0.99102473 0.998604   0.99156135
 0.9975044  0.95925653 0.9186472  0.9972609  0.9986753 ]
[0.9354585  0.9969619  0.9945661  0.9993327  0.9987632  0.9943808
 0.99769056 0.9886136  0.9925447  0.9545242  0.9973597  0.9961242
 0.9967552  0.8892309  0.9969643  0.9989932 ]
[0.96555007 0.9974208  0.9975516  0.9991295  0.99792516 0.99462295
 0.9990181  0.99022055 0.99864453 0.9875831  0.9969296  0.996449
 0.9984206  0.96049196 0.97141707 0.99739563 0.9988477 ]
[0.9471535  0.9960078  0.9966799  0.9989724  0.9984262  0.9877802
 0.99783117 0.98720634 0.994574   0.9872508  0.99873215 0.9942245
 0.99865794 0.9533309  0.9439463  0.99723047 0.9986174 ]
[0.9269078  0.9967733  0.99854773 0.9469574  0.9992151  0.99900997
 0.9936522  0.9992355  0.9944389  0.998086   0.9520895  0.99775416
 0.99624616 0.9975805  0.8817463  0.9708293  0.99710983 0.9986959 ]
[0.9730958  0.9952152  0.9985827  0.79937506 0.9994332  0.9984268
 0.99375194 0.997419   0.98149925 0.9946249  0.99065065 0.99727815
 0.99254817 0.9986594  0.86598164 0.95857626 0.9978842  0.99911886]
[0.9790515  0.99842453 0.9978249  0.5788855  0.7389081  0.9992644
 0.99900633 0.99469817 0.9993364  0.98634976 0.99578637 0.9890561
 0.99745923 0.9946572  0.9989422  0.9980672  0.99922395]
[0.9680082  0.99555826 0.996858   0.76662314 0.99940646 0.9984896
 0.9961039  0.99801093 0.9919968  0.99686027 0.9901211  0.9979367
 0.98914486 0.9987562  0.7341222  0.99853444 0.998898  ]
[0.97712076 0.996618   0.9973665  0.8643793  0.9988788  0.99815613
 0.99852306 0.9990515  0.9883156  0.99251395 0.98910123 0.9980627
 0.9953133  0.99838483 0.90379786 0.96807665 0.99546283 0.99882656]
[0.92253923 0.99598265 0.9970304  0.999238   0.99835134 0.99313533
 0.99723464 0.9899713  0.99749076 0.98444116 0.9967913  0.9907313
 0.9977998  0.81319004 0.9650002  0.9980557  0.99838686]
[0.9694987  0.9975682  0.99555355 0.93407685 0.9981741  0.998912
 0.99399334 0.9981341  0.9919242  0.9970727  0.9914665  0.99828655
 0.9985257  0.9980123  0.6747358  0.9667122  0.99752957 0.9993086 ]
[0.9754504  0.99732614 0.99705684 0.9992918  0.9985695  0.9891095
 0.9988746  0.9895124  0.9942029  0.9898135  0.99789006 0.9950873
 0.99732566 0.81982744 0.9638894  0.99806374 0.9986381 ]
[0.9281413  0.99772364 0.9981645  0.909559   0.99917394 0.9989489
 0.9970867  0.99812216 0.9891679  0.99567455 0.97315866 0.9981647
 0.99811065 0.99800366 0.96789396 0.6193739  0.9985102  0.9990777 ]
[0.9870724  0.99534637 0.9963917  0.9029997  0.9989243  0.9982615
 0.9914528  0.99835086 0.99096465 0.99711454 0.98456603 0.9968972
 0.989594   0.99766386 0.72945225 0.9023357  0.99801576 0.9985862 ]
[0.96637416 0.9980007  0.9971706  0.62241846 0.99798906 0.99845636
 0.9949122  0.9977113  0.9927705  0.995823   0.9889066  0.997747
 0.99871445 0.99534565 0.6286071  0.9463717  0.9974854  0.9992914 ]
[0.9827093  0.99691856 0.9947968  0.9166192  0.99857736 0.9972588
 0.9960722  0.9987852  0.9753381  0.9893993  0.98657924 0.9979292
 0.99830866 0.9988269  0.9206883  0.9556753  0.99688834 0.998919  ]
[0.98882014 0.99817395 0.99838877 0.9988269  0.99852544 0.9952409
 0.99879503 0.9946701  0.99678624 0.99121827 0.99850297 0.9969013
 0.9972319  0.8324753  0.6571474  0.9985331  0.99901056]
[0.9835579  0.9980367  0.99799275 0.84589195 0.9993624  0.99803525
 0.99099344 0.9991392  0.9894768  0.99534297 0.97417283 0.9984522
 0.9941871  0.9986325  0.78262967 0.9567268  0.9980508  0.99901414]
[0.97434515 0.9987269  0.9976907  0.88000554 0.9989435  0.99852115
 0.9924114  0.99893624 0.9951519  0.99712294 0.98569185 0.9981517
 0.9965199  0.99838674 0.9415614  0.9986488  0.9991185 ]
[0.9833213  0.9988908  0.9965557  0.89971983 0.9992742  0.99873585
 0.99115074 0.9984156  0.9927792  0.99761534 0.9562118  0.99736613
 0.99649423 0.99791783 0.96454364 0.9603404  0.9982494  0.9987739 ]
[0.97241443 0.9966497  0.99698156 0.56268686 0.99940753 0.99863607
 0.9960014  0.9970409  0.98774636 0.99643517 0.98221374 0.99651873
 0.992729   0.99790657 0.9481282  0.91446644 0.9960068  0.9984118 ]
[0.9131856  0.9975526  0.9965076  0.7834736  0.9991842  0.99836
 0.98789513 0.9987379  0.98886883 0.9966168  0.9698565  0.99795794
 0.99419045 0.99602216 0.9385355  0.9420109  0.9959239  0.9991503 ]
[0.96891665 0.99799997 0.9966648  0.8455566  0.9985936  0.9985329
 0.9954815  0.99848026 0.9948213  0.99613756 0.9776422  0.9976998
 0.9947174  0.99901426 0.921062   0.7060317  0.99769443 0.9992545 ]
[0.9647446  0.99624205 0.9958947  0.61444724 0.9988944  0.9985971
 0.98764634 0.99857295 0.98871905 0.9916951  0.9774056  0.9983347
 0.98727566 0.9975038  0.9370306  0.9320661  0.9973846  0.99870276]
[0.95823526 0.99608994 0.9971679  0.99925095 0.998961   0.99569607
 0.9980356  0.9876794  0.9903088  0.9862748  0.9976458  0.99500656
 0.9973349  0.75795746 0.89755756 0.9984353  0.99911004]
[0.96525884 0.9976051  0.9994568  0.86692894 0.99836785 0.99797446
 0.9947988  0.99807394 0.9843024  0.99582905 0.9499153  0.9982912
 0.98403925 0.99841225 0.62047535 0.9533133  0.9984464  0.99872106]
[0.9457555  0.99751806 0.99801385 0.9022214  0.99893945 0.9985946
 0.98867106 0.99877185 0.99230766 0.99050564 0.9886995  0.9978707
 0.99608177 0.9987356  0.8059347  0.94417536 0.9993787  0.9991829 ]
[0.98657995 0.99867404 0.99749136 0.5309481  0.999226   0.9987626
 0.99415106 0.9988883  0.99333304 0.99425524 0.987959   0.9978817
 0.99727124 0.9989635  0.8400666  0.9778878  0.99856454 0.99915695]
[0.9907651  0.9985239  0.9973284  0.864293   0.9989297  0.9987919
 0.9971079  0.999241   0.9927602  0.9941603  0.9895593  0.99810034
 0.9970914  0.99880767 0.79409885 0.9991966  0.9988071 ]
[0.9808364  0.9974952  0.99775153 0.99856526 0.99875975 0.99440646
 0.99822396 0.9888825  0.992955   0.9823286  0.99766016 0.9940739
 0.9987588  0.75948083 0.94086    0.99722457 0.9989833 ]
[0.9893882  0.998109   0.99684477 0.9991497  0.9977252  0.9884899
 0.99858296 0.99040645 0.9906579  0.98317325 0.99760926 0.9942781
 0.99800843 0.98299086 0.94536686 0.99814045 0.9991978 ]
[0.98492485 0.99634117 0.9973495  0.50451446 0.99948585 0.9980812
 0.9949804  0.99913955 0.9858767  0.99577576 0.9937273  0.9964032
 0.9944007  0.99691856 0.93985426 0.95065165 0.9983931  0.9990445 ]
[0.9705091  0.99638027 0.9972384  0.8814441  0.99908876 0.9979266
 0.99305975 0.9982857  0.99203366 0.9962054  0.9841037  0.99746144
 0.9975879  0.99773216 0.961371   0.99744606 0.99928445]
[0.966575   0.9960996  0.99625933 0.8804022  0.9990308  0.9969121
 0.9889631  0.9978089  0.9842151  0.9959739  0.993471   0.9980724
 0.9919167  0.99755067 0.6434477  0.99906594 0.9989065 ]
[0.9861698  0.99841845 0.9970975  0.99924004 0.99814224 0.99263304
 0.99907804 0.9901273  0.99335045 0.9861378  0.9983804  0.99702865
 0.99900925 0.9723289  0.9479138  0.99797434 0.99926   ]
[0.9791741  0.9982699  0.99692386 0.78688717 0.999321   0.9979207
 0.9949608  0.9988643  0.9937605  0.99794036 0.98468024 0.99645704
 0.9966288  0.996908   0.97181576 0.9506255  0.99937636 0.99906176]
[0.9666794  0.99890256 0.99817836 0.90161926 0.9991072  0.9987116
 0.9933427  0.9986739  0.9929045  0.9979329  0.9683307  0.99823964
 0.99466467 0.9983442  0.6165135  0.9987496  0.99939907]
[0.9770156  0.99813604 0.9968875  0.99943    0.9989366  0.99362826
 0.9991165  0.99048704 0.99749845 0.9946725  0.99726295 0.9943218
 0.99751306 0.96830106 0.94020426 0.9985251  0.9991505 ]
[0.94601136 0.9971129  0.9946197  0.998885   0.9988574  0.9961682
 0.9984717  0.98572505 0.99405503 0.9867411  0.9973635  0.9951747
 0.99830025 0.9028144  0.9394573  0.99723816 0.99839944]
[0.95702386 0.99422705 0.99542195 0.8897522  0.9968761  0.99621373
 0.99033546 0.9975904  0.97244805 0.99476    0.9746728  0.99419737
 0.9949517  0.9953408  0.93651974 0.9945456  0.9991366 ]
[0.9781925  0.9971096  0.99555737 0.9991447  0.9988386  0.994266
 0.9989341  0.9940356  0.9982692  0.9912826  0.9983304  0.9961532
 0.99825484 0.96105415 0.9758991  0.9980878  0.99932826]
[0.98746    0.99845207 0.9977799  0.99960333 0.99861455 0.992938
 0.9986268  0.9913372  0.99270904 0.9755248  0.9964252  0.9940509
 0.9981585  0.56836313 0.9564329  0.9981932  0.9992322 ]
[0.97853696 0.9984635  0.99611914 0.6998796  0.9991648  0.99647266
 0.9966844  0.99832124 0.99050516 0.99606735 0.9829479  0.99721944
 0.9950707  0.99732673 0.9284129  0.9973688  0.99941516]
[0.9750186  0.9958001  0.99644727 0.87440914 0.99909806 0.99895215
 0.9858775  0.9979119  0.99487877 0.9961695  0.9493623  0.9984419
 0.99155223 0.997401   0.6743612  0.9245364  0.9967276  0.99819547]
[0.9805454  0.99467933 0.9976573  0.6756053  0.99892944 0.99870646
 0.9951083  0.99912065 0.98907125 0.9956326  0.97639114 0.9978531
 0.9940248  0.9980246  0.9254235  0.9720995  0.99844116 0.99923885]
[0.9821071  0.9973477  0.99890435 0.81332344 0.99895716 0.99865544
 0.99317414 0.99816054 0.9887186  0.99376243 0.9585703  0.995271
 0.9918521  0.99600923 0.96774936 0.94906306 0.9982332  0.99912375]
[0.9716636  0.9976471  0.9987017  0.8653494  0.9990903  0.99813145
 0.9970836  0.9983564  0.9891521  0.99572396 0.9896936  0.9975413
 0.9935772  0.9982279  0.8600776  0.95844865 0.9979984  0.9993388 ]
[0.98109424 0.99815243 0.9969848  0.87958974 0.9986523  0.9983889
 0.9897187  0.99761933 0.98660916 0.9937615  0.9541252  0.99666166
 0.99748236 0.997494   0.9529857  0.94614697 0.99643826 0.99912745]
[0.9930099  0.99686843 0.99859136 0.99952435 0.99806577 0.99575067
 0.99864775 0.99341136 0.99207366 0.9937649  0.9983107  0.9956031
 0.99849534 0.9302419  0.97650325 0.9990497  0.9988544 ]
[0.9346107  0.9975314  0.99776983 0.83320326 0.9985923  0.99681014
 0.9951154  0.99847656 0.9928019  0.99522334 0.97621083 0.99837744
 0.9964988  0.9975662  0.5741125  0.7965839  0.9968515  0.9992299 ]
