Mprobs for dataset sim1 (0.001)

[0.9998975  0.99994683 0.99991906 0.9998957  0.99996173 0.9999324
 0.9999522  0.99994826 0.9999434  0.9999316 ]
[0.99993134 0.99990535 0.99993503 0.99987245 0.999928   0.9999229
 0.99994886 0.9999474  0.99994695 0.99994755]
[0.99994326 0.99996185 0.99990344 0.99986374 0.99995446 0.9999118
 0.9999554  0.9999393  0.9998939  0.99992836]
[0.9999434  0.99994195 0.9999473  0.9999205  0.9999523  0.9999416
 0.99995744 0.9999416  0.9999218  0.99994254]
[0.9999317  0.9999428  0.9999341  0.9998703  0.9999596  0.999951
 0.9999207  0.9999229  0.99994755 0.9999356 ]
[0.9999211  0.9999291  0.99992454 0.9998871  0.9999224  0.9999279
 0.99995863 0.99993205 0.9999423  0.99991024]
[0.99944335 0.99977094 0.9998447  0.999506   0.99986494 0.99974114
 0.9998128  0.99982363 0.9996662  0.9998988 ]
[0.9999244  0.9999429  0.99991846 0.99993    0.9999511  0.9999367
 0.99994457 0.9999502  0.9999292  0.9999504 ]
[0.99992716 0.9999578  0.99994016 0.9998683  0.99993205 0.9998939
 0.9999386  0.9999608  0.9999329  0.99994695]
[0.99993217 0.99995863 0.9999454  0.99990296 0.99995124 0.999956
 0.9999443  0.9999461  0.9999393  0.99994457]
[0.9999019  0.99995553 0.99989355 0.9998486  0.99995697 0.9999168
 0.99995494 0.9999274  0.999938   0.9999435 ]
[0.9999049  0.9999577  0.9999392  0.99989283 0.9999248  0.99991155
 0.9999012  0.9999552  0.9998921  0.999912  ]
[0.99992216 0.9999597  0.999936   0.9998909  0.9999255  0.9999417
 0.99991584 0.9999217  0.9999268  0.99992406]
[0.99993026 0.99992824 0.9999349  0.99989915 0.999949   0.9999485
 0.99993396 0.99994624 0.999877   0.99989915]
[0.99990344 0.99991715 0.99990237 0.99990904 0.99995756 0.9999211
 0.99993587 0.99994016 0.9998783  0.9999052 ]
[0.99990237 0.9999374  0.9999213  0.99990344 0.999926   0.99994206
 0.99993825 0.9999528  0.9999125  0.9999137 ]
[0.9998865  0.99992263 0.99990964 0.9999014  0.999946   0.9999198
 0.99994123 0.9999474  0.999913   0.9999143 ]
[0.99989307 0.9999279  0.99994993 0.9998752  0.99994767 0.99995005
 0.99995744 0.999954   0.9998956  0.9999455 ]
[0.9999193  0.9999442  0.9999193  0.99984396 0.9999385  0.99989927
 0.9999571  0.9999106  0.99994934 0.9999155 ]
[0.99989176 0.99995863 0.999913   0.9998894  0.9999486  0.99989367
 0.9999584  0.9999114  0.9999366  0.99992573]
[0.9999378  0.9999534  0.99992085 0.9998672  0.9999206  0.99994993
 0.999944   0.9999589  0.9998971  0.99993014]
[0.99988616 0.9999485  0.99993706 0.9998878  0.9999455  0.99993455
 0.99995327 0.9999317  0.99992085 0.99991846]
[0.99992144 0.9999584  0.9998976  0.99987435 0.9999505  0.9999342
 0.9999622  0.99994934 0.9998987  0.9999517 ]
[0.9998894  0.99995255 0.999946   0.9999076  0.99991035 0.999949
 0.99996173 0.9999454  0.9999243  0.999908  ]
[0.9997008  0.99996233 0.99992883 0.99987173 0.99994075 0.9999366
 0.9999275  0.99991643 0.99988043 0.9998807 ]
[0.9999298  0.99991965 0.9999248  0.99988127 0.99992216 0.9999087
 0.999943   0.9999347  0.9999107  0.9999503 ]
[0.9998872  0.9999471  0.99993646 0.99991727 0.9999248  0.9999479
 0.99992883 0.9999223  0.9999187  0.9999418 ]
[0.99993813 0.9999263  0.9999144  0.99987566 0.9999553  0.9998965
 0.99995565 0.99994004 0.99990726 0.99995494]
[0.99993634 0.9999558  0.99994946 0.9998746  0.99994004 0.999943
 0.99992526 0.9999497  0.99994195 0.9999473 ]
[0.999936   0.9999548  0.9999478  0.99989986 0.99996054 0.99991524
 0.99994504 0.99992716 0.9999176  0.99995434]
[0.9999498  0.99993527 0.9999497  0.9999087  0.9999373  0.99994993
 0.99995685 0.9999193  0.99989104 0.999948  ]
[0.99992144 0.9999436  0.999908   0.99986446 0.9999343  0.99989057
 0.9999181  0.9999211  0.99989414 0.9999515 ]
[0.9998919  0.99991703 0.9999423  0.9998865  0.9999443  0.999907
 0.9999616  0.9999528  0.99994266 0.999954  ]
[0.99992    0.99995434 0.99990416 0.999859   0.99995327 0.9999027
 0.9999658  0.9999125  0.9998989  0.99994075]
[0.99990284 0.9999529  0.9999175  0.99985385 0.99992776 0.9999343
 0.9999509  0.9999324  0.9999112  0.99994457]
[0.99994016 0.9999608  0.999897   0.9998727  0.999915   0.9999137
 0.9999391  0.99994016 0.99994266 0.999936  ]
[0.99988234 0.99993277 0.9999368  0.9999057  0.99995065 0.99993587
 0.9999552  0.99994063 0.9999336  0.9999366 ]
[0.99989295 0.99993193 0.99994934 0.9999223  0.9999554  0.99995005
 0.99992025 0.9999548  0.9999409  0.99995303]
[0.99988675 0.9999442  0.999938   0.99984944 0.9999256  0.99992764
 0.9999442  0.999956   0.99989915 0.99991024]
[0.9999218  0.9999548  0.99990165 0.9998932  0.999913   0.99992085
 0.99993217 0.99992406 0.99990284 0.99990726]
[0.99990594 0.9999379  0.9999378  0.999895   0.99992156 0.9999378
 0.9999651  0.99995947 0.9998981  0.99992263]
[0.9998925  0.99991643 0.9999323  0.9999273  0.9999604  0.99994135
 0.9999416  0.9999373  0.9998958  0.999933  ]
[0.9999105  0.9999347  0.99993336 0.99991953 0.9999589  0.99994326
 0.9999654  0.9999162  0.9999013  0.99993634]
[0.9999491  0.99994946 0.99995446 0.9999168  0.9999597  0.99995136
 0.9999474  0.9999598  0.9999287  0.9999516 ]
[0.99994314 0.9999411  0.99994564 0.99983656 0.99994504 0.9999275
 0.9999472  0.99995553 0.99994695 0.9999455 ]
[0.99989676 0.99990916 0.99993455 0.9999187  0.99991274 0.9999552
 0.9999527  0.99990356 0.9999441  0.99990666]
[0.99992466 0.99994075 0.9999517  0.9998877  0.9999211  0.9999182
 0.9999205  0.99995065 0.9999157  0.99991727]
[0.99991214 0.9999558  0.9998946  0.9998215  0.9999479  0.9999006
 0.9999248  0.999931   0.999926   0.999894  ]
[0.99995136 0.9999504  0.99994147 0.9998971  0.9999453  0.9999331
 0.9999232  0.9999101  0.99989176 0.99995124]
[0.9999232  0.9999571  0.999931   0.99989283 0.9999536  0.9999199
 0.9999455  0.99995816 0.9999213  0.999895  ]
[0.99994457 0.9999306  0.9999058  0.9998356  0.9999515  0.9999083
 0.9999583  0.99991727 0.99994206 0.99992037]
[0.9999422  0.9999355  0.99991345 0.9999294  0.9999474  0.9998976
 0.9999628  0.9999254  0.9999325  0.9998946 ]
[0.9999169  0.99991965 0.9999032  0.9998248  0.99995494 0.9999145
 0.9999485  0.9999343  0.99989164 0.9999287 ]
[0.99989283 0.99993265 0.9999504  0.99992394 0.99992716 0.99995387
 0.9999486  0.999962   0.99993956 0.99994755]
[0.99989164 0.9999373  0.9999254  0.99988925 0.9999515  0.9999325
 0.9999622  0.9999535  0.99994826 0.99992657]
[0.99992144 0.9999175  0.9999511  0.9998202  0.999954   0.9999436
 0.999926   0.9999479  0.99993825 0.99993503]
[0.9999248  0.99995947 0.9999285  0.99990535 0.99996305 0.999931
 0.99996054 0.9999399  0.99990404 0.99990547]
[0.9999459  0.99995756 0.9999435  0.9998889  0.9999585  0.999923
 0.99991786 0.9999248  0.99993813 0.9999206 ]
[0.9999143  0.99993384 0.99994314 0.9998895  0.9999343  0.9998975
 0.9999341  0.99995804 0.99994504 0.9999156 ]
[0.99991906 0.9999554  0.99991786 0.9998474  0.9999169  0.9998914
 0.9999567  0.99993145 0.9998995  0.9999286 ]
[0.9999274  0.99990976 0.99994075 0.9998927  0.9999523  0.9999263
 0.99996364 0.9999269  0.9999337  0.9999143 ]
[0.99991393 0.9999511  0.99992347 0.99989784 0.9999641  0.99991846
 0.99994683 0.9999175  0.99992394 0.9999285 ]
[0.9998933  0.999936   0.99995315 0.9998858  0.99994016 0.9999331
 0.99994063 0.9999311  0.9999083  0.9999081 ]
[0.9999397  0.9999515  0.99992514 0.9998635  0.9999192  0.99991024
 0.999928   0.99996066 0.99994636 0.99991024]
[0.9999027  0.9999094  0.99995375 0.9998864  0.99995613 0.99992096
 0.9999124  0.999951   0.9999248  0.9999262 ]
[0.9999434  0.9999628  0.99994814 0.9998696  0.9999417  0.99990046
 0.99995947 0.999943   0.9998665  0.9999424 ]
[0.999949   0.99993265 0.99995136 0.999866   0.9999585  0.99994063
 0.9999186  0.99995196 0.9999012  0.99994767]
[0.9999285  0.9999522  0.99989307 0.9998821  0.99994767 0.9999044
 0.99996376 0.9999474  0.9999162  0.9999267 ]
[0.99990773 0.99995553 0.9999182  0.99991655 0.9999453  0.999948
 0.9999554  0.9999391  0.9999093  0.99992466]
[0.99989474 0.9999486  0.9998971  0.9998523  0.999931   0.9999088
 0.9999232  0.9999436  0.9999068  0.99992657]
[0.99992824 0.999908   0.9999404  0.9998491  0.9999418  0.9999132
 0.9999515  0.9999356  0.99993205 0.99990976]
[0.99989617 0.9999498  0.99994123 0.9998938  0.9999336  0.99989295
 0.99991477 0.9999411  0.9999275  0.9999006 ]
[0.9999385  0.99994075 0.9999305  0.99984527 0.9999386  0.9998996
 0.99995995 0.99991155 0.99993086 0.9999317 ]
[0.99988866 0.99993944 0.999949   0.99990165 0.99993145 0.99992085
 0.9999646  0.9999465  0.9999039  0.9999027 ]
[0.9999292  0.9999502  0.9999505  0.9998815  0.99993587 0.9999025
 0.9999411  0.99994385 0.99991596 0.9999329 ]
[0.99989057 0.99994934 0.99993944 0.99987113 0.9999367  0.9998951
 0.99995875 0.99995804 0.99989104 0.99993455]
[0.999948   0.9999571  0.9998975  0.9998648  0.999933   0.99992204
 0.99996126 0.9999558  0.99989593 0.9999149 ]
[0.9999285  0.99993265 0.99993515 0.9998857  0.99994445 0.9999163
 0.99992704 0.9999367  0.99991584 0.99993217]
[0.9999517  0.9999467  0.99992895 0.9998934  0.9999491  0.99993944
 0.99993455 0.9999273  0.9999404  0.99989426]
[0.999923   0.99993443 0.9999     0.9999027  0.9999242  0.9999471
 0.9999331  0.999941   0.99989533 0.99992967]
[0.99992585 0.99993527 0.999928   0.9998975  0.9999541  0.99993646
 0.99994814 0.99995553 0.99988663 0.99991286]
[0.99992573 0.99990904 0.9999423  0.9999386  0.99996126 0.99989784
 0.99996185 0.99990726 0.9999169  0.99993026]
[0.9999074  0.9999529  0.9999     0.99987364 0.99995077 0.99994123
 0.9999217  0.9999119  0.99991107 0.9999465 ]
[0.99989426 0.99994385 0.99995375 0.9999187  0.99995816 0.9999511
 0.99993694 0.999962   0.99994326 0.9998995 ]
[0.9999212  0.9999548  0.9999107  0.99987495 0.99992776 0.999912
 0.99993217 0.99994385 0.9999411  0.99990547]
[0.99994636 0.99992836 0.99990237 0.99990785 0.9999218  0.9999473
 0.9999485  0.9999263  0.9999068  0.9999033 ]
[0.9999342  0.99994636 0.99989974 0.99986434 0.9999428  0.99989223
 0.9999285  0.9999169  0.99993    0.9999387 ]
[0.99993503 0.99993587 0.99994504 0.99984944 0.99995613 0.99993336
 0.9999584  0.9999392  0.99991596 0.9999113 ]
[0.9999386  0.9999387  0.9999181  0.9999025  0.99994874 0.99993646
 0.99991727 0.999949   0.9999138  0.9999294 ]
[0.99988437 0.9999521  0.99993634 0.999864   0.9999672  0.99994385
 0.9999467  0.99996066 0.99994206 0.9999244 ]
[0.999941   0.99994636 0.9999485  0.99987257 0.99991953 0.9999169
 0.9999392  0.9999045  0.99993944 0.9999261 ]
[0.99991477 0.99992883 0.9999007  0.9998186  0.99992704 0.99990284
 0.99994016 0.99994516 0.99991775 0.99991083]
[0.9999081  0.9999423  0.9999223  0.99985886 0.99995005 0.99992025
 0.9999232  0.9999504  0.99991333 0.9999316 ]
[0.99993205 0.9999516  0.9999263  0.999869   0.9999263  0.9999243
 0.99991786 0.9999479  0.99989426 0.9999157 ]
[0.99994993 0.9999274  0.9999305  0.9998958  0.99992347 0.99993694
 0.9999261  0.9999155  0.9998977  0.9999261 ]
[0.9998982  0.9999565  0.99995196 0.9998801  0.9999144  0.9999337
 0.9999461  0.9999205  0.999884   0.99994016]
[0.9999006 0.9999256 0.9999275 0.9998789 0.999936  0.9999442 0.9999347
 0.9999212 0.9999435 0.9998969]
[0.9999454  0.99992716 0.9999062  0.9998623  0.9999589  0.999913
 0.99992526 0.99992204 0.9999229  0.9999157 ]
[0.9999349  0.99995124 0.99993634 0.9999181  0.99995387 0.9999387
 0.9999654  0.9999255  0.9999312  0.99994063]
[0.9999312  0.9999542  0.9999515  0.9998847  0.999944   0.99994373
 0.9999206  0.99993217 0.99993515 0.9999143 ]
