Mprobs for dataset sim1 (0.000001)

[0.9999087  0.9999596  0.9999461  0.99987376 0.99994326 0.99994254
 0.99992394 0.99996054 0.9998847  0.9999094 ]
[0.9999306  0.9999447  0.9999224  0.999895   0.9999454  0.9999503
 0.9999255  0.99993527 0.99989736 0.9999486 ]
[0.9999472  0.99995875 0.9999101  0.9998872  0.9999211  0.9999199
 0.9999205  0.99992764 0.9999461  0.9999474 ]
[0.9998859  0.9999126  0.99994266 0.9998609  0.99996614 0.9999386
 0.99996364 0.99994063 0.9999317  0.99992645]
[0.9998964  0.9999589  0.9999027  0.9999168  0.99992454 0.9999211
 0.99993134 0.9999436  0.9999261  0.99991107]
[0.9998826  0.9999553  0.9999405  0.9998938  0.9999448  0.9999194
 0.9999527  0.9999566  0.99989724 0.99989927]
[0.9999459  0.99992526 0.9999467  0.9999155  0.9999571  0.99995494
 0.9999529  0.99995613 0.9999348  0.9999467 ]
[0.9999149  0.99993134 0.99992025 0.9998944  0.99993753 0.9999424
 0.999923   0.9999131  0.99993837 0.9999312 ]
[0.9999411  0.9999535  0.99991035 0.9998386  0.99991417 0.9998975
 0.99991274 0.99992645 0.99993205 0.99993217]
[0.99988806 0.99992967 0.999908   0.9998485  0.9999509  0.999926
 0.99994576 0.99996054 0.9999466  0.9999362 ]
[0.9999018  0.9999356  0.99989665 0.99989855 0.9999285  0.9999242
 0.99994946 0.9999597  0.9999095  0.9999136 ]
[0.9999291  0.9999535  0.9999386  0.9999155  0.9999398  0.9998919
 0.9999286  0.9999392  0.9999343  0.99991834]
[0.9999188  0.9999473  0.99995184 0.9998925  0.9999486  0.9999155
 0.9999491  0.99993455 0.99994147 0.9999392 ]
[0.9999355  0.99993    0.9999243  0.99990165 0.9999598  0.9999436
 0.9999268  0.99994195 0.9999497  0.99994075]
[0.999913   0.9999405  0.99991906 0.99987316 0.9999558  0.99991214
 0.9999201  0.9999306  0.99991333 0.99992526]
[0.9999434  0.9999578  0.9999422  0.9998913  0.9999436  0.9998975
 0.9999434  0.9999479  0.999902   0.99992967]
[0.9998783  0.9999422  0.9999492  0.99991536 0.9999627  0.99991643
 0.9999496  0.99994016 0.9999244  0.9999347 ]
[0.99993265 0.9999372  0.9999298  0.9998647  0.99992037 0.9999449
 0.9999418  0.9999484  0.99989045 0.99993134]
[0.9999434  0.999938   0.99994624 0.9999014  0.9999354  0.9999418
 0.99995863 0.9999536  0.9999044  0.9999089 ]
[0.9998965  0.9999169  0.99993503 0.9998958  0.99995375 0.999938
 0.9999436  0.9999131  0.99993074 0.9999001 ]
[0.9999331  0.9999577  0.9999114  0.9998801  0.99994636 0.9999056
 0.9999516  0.99994946 0.99989784 0.99993956]
[0.9999422  0.9999242  0.999949   0.9998883  0.99992955 0.99994254
 0.99995136 0.99993026 0.999938   0.999946  ]
[0.9999225  0.999943   0.99989486 0.999877   0.9999366  0.99989533
 0.9999535  0.9999342  0.9999113  0.9999387 ]
[0.99989843 0.99991715 0.99993384 0.9998499  0.99995196 0.99992657
 0.99996185 0.99994147 0.9999019  0.9999378 ]
[0.9999114  0.9999312  0.9999163  0.99988544 0.9999629  0.9999051
 0.999943   0.99992645 0.9999497  0.9999496 ]
[0.9999286  0.9999515  0.9999485  0.9999279  0.9999536  0.9999441
 0.99992394 0.9999559  0.9999012  0.99991727]
[0.9999068  0.9999151  0.99991786 0.9999021  0.99993765 0.9999497
 0.9999298  0.999954   0.9999212  0.9999554 ]
[0.9999392  0.99995816 0.99993217 0.999889   0.99996126 0.99992275
 0.99996245 0.99991155 0.9999279  0.9998982 ]
[0.9999366  0.99993694 0.9998913  0.9998665  0.99991274 0.9999137
 0.999943   0.99995196 0.9999269  0.999949  ]
[0.9999243  0.9999547  0.9999324  0.999918   0.9999224  0.9999008
 0.99994457 0.9999405  0.9999033  0.9999385 ]
[0.9999293  0.99993193 0.999897   0.9998989  0.9999306  0.99993885
 0.99994385 0.99992    0.99990726 0.9999466 ]
[0.9999435  0.99995565 0.9999136  0.99991274 0.9999447  0.99994075
 0.99992764 0.9999006  0.99989676 0.99993837]
[0.99993813 0.9999422  0.9999287  0.99989307 0.9999546  0.99995077
 0.9999378  0.99995565 0.9999244  0.9999261 ]
[0.9998933  0.99992955 0.9999535  0.99989223 0.99992585 0.9999465
 0.9999242  0.9999467  0.9999442  0.999944  ]
[0.9999125  0.99991655 0.9999405  0.99990034 0.99992514 0.9999193
 0.99996364 0.9999459  0.9999354  0.9999    ]
[0.99992955 0.9999471  0.99991584 0.9998964  0.99993    0.99994075
 0.9999603  0.9999387  0.99989843 0.99994886]
[0.999946   0.9999478  0.9999417  0.9999254  0.9999641  0.9999249
 0.9999249  0.99996173 0.99992335 0.99989545]
[0.9999449  0.99994385 0.9999318  0.9998845  0.9999279  0.9999409
 0.9999447  0.99993086 0.9999372  0.9999157 ]
[0.9999404  0.99994075 0.9999287  0.99990606 0.999949   0.99989796
 0.9999504  0.99994063 0.9999379  0.99993205]
[0.9999107  0.9999287  0.99993885 0.9998404  0.9999497  0.99993956
 0.9999267  0.9999591  0.99993706 0.9998977 ]
[0.9999293  0.9999497  0.99993825 0.9998306  0.9999521  0.99993205
 0.99995935 0.9999199  0.9999273  0.99991524]
[0.9999182  0.9999223  0.9999347  0.99988353 0.9999168  0.99990785
 0.999936   0.99992096 0.99992466 0.9999434 ]
[0.9999018  0.9999503  0.99993634 0.9998611  0.99995327 0.99994445
 0.99995506 0.9999356  0.99993515 0.99995136]
[0.99989843 0.9999573  0.9999387  0.9998485  0.9999256  0.9999505
 0.9999484  0.99994385 0.99994445 0.9999087 ]
[0.99992216 0.9999287  0.9999089  0.9998549  0.9999293  0.9999434
 0.9999598  0.99990344 0.9999175  0.9999205 ]
[0.9999405  0.9999273  0.9999505  0.99986434 0.9999082  0.9999049
 0.999933   0.9999472  0.9999361  0.9999398 ]
[0.99991536 0.99996126 0.9999356  0.9998889  0.9999343  0.99992347
 0.9999294  0.9999454  0.99991417 0.9999224 ]
[0.9998934  0.9999076  0.9999027  0.9999007  0.99992216 0.99990284
 0.9999515  0.9999238  0.9999161  0.9999341 ]
[0.99993944 0.99994457 0.9999348  0.9999213  0.9999598  0.99991953
 0.99995434 0.99993587 0.9998982  0.9999201 ]
[0.9999398  0.99994504 0.9999459  0.99989974 0.99994254 0.99991167
 0.9999211  0.9999225  0.99994576 0.99995255]
[0.9999075 0.9999304 0.9999356 0.9998306 0.9999256 0.9999143 0.9999206
 0.9999503 0.9999379 0.9999181]
[0.99994326 0.9999528  0.99994564 0.9999306  0.999925   0.9999471
 0.99995184 0.99995923 0.99994206 0.99995136]
[0.99991655 0.9999151  0.9999478  0.9998692  0.99996185 0.99992764
 0.9999459  0.9998996  0.9999372  0.9999329 ]
[0.9999403  0.9999621  0.9999013  0.9998853  0.99993443 0.9999459
 0.99993443 0.99994755 0.9999167  0.9999331 ]
[0.9999349  0.9999602  0.99991167 0.9998287  0.9999187  0.9998934
 0.99992085 0.999931   0.99992704 0.9999156 ]
[0.9999304  0.999943   0.99995255 0.9998816  0.9999522  0.9999323
 0.99995446 0.99991703 0.9998921  0.99992585]
[0.9999442  0.9999231  0.9999356  0.99990916 0.9999449  0.9998907
 0.9999311  0.999946   0.9999348  0.9999442 ]
[0.9999076  0.999931   0.99991846 0.99987876 0.9999416  0.99989057
 0.9999441  0.9999169  0.999941   0.99992824]
[0.9999218  0.999962   0.9999299  0.9998708  0.9999448  0.9999336
 0.99995625 0.9999298  0.9999094  0.9999207 ]
[0.9999453  0.999951   0.99995077 0.99987507 0.99995697 0.99992037
 0.9999572  0.999912   0.99993205 0.9999199 ]
[0.9999355  0.9999161  0.9999039  0.99989426 0.9999136  0.9998989
 0.999951   0.9999491  0.99992263 0.99990153]
[0.9999491  0.9999263  0.99989367 0.99988127 0.9999268  0.99992394
 0.99995136 0.9999603  0.99992716 0.99989915]
[0.9999243  0.9999342  0.99994755 0.99983704 0.9999641  0.9999522
 0.9999589  0.99995077 0.99994254 0.99992216]
[0.9999007  0.99992156 0.9999366  0.9998816  0.99993575 0.99994755
 0.9999331  0.99995184 0.9999354  0.9999014 ]
[0.9999188  0.99996006 0.99991477 0.99988973 0.9999472  0.99991107
 0.9999635  0.9999523  0.9999292  0.99989736]
[0.9999473  0.9999542  0.9999126  0.99988186 0.99994993 0.9999509
 0.9999541  0.9999236  0.9999167  0.9999279 ]
[0.9999044  0.9999157  0.99989617 0.9999021  0.9999436  0.99994624
 0.9999552  0.9999472  0.99994564 0.9999211 ]
[0.99993086 0.9999434  0.99992704 0.9998852  0.99994385 0.9999081
 0.99992955 0.9999596  0.9999132  0.99991035]
[0.9999182  0.99995756 0.9999254  0.9998865  0.9999608  0.99993086
 0.99991214 0.999908   0.9998734  0.99993825]
[0.99988866 0.9999192  0.99989855 0.9998307  0.99994886 0.9998995
 0.99994063 0.99992824 0.99989724 0.999907  ]
[0.99991274 0.9999244  0.9999114  0.9998394  0.9999429  0.99991906
 0.99995863 0.9999565  0.9999145  0.999899  ]
[0.99992514 0.9999418  0.9999293  0.99988437 0.9999211  0.999918
 0.9999174  0.99992263 0.9999398  0.99994123]
[0.99993956 0.99993455 0.9999391  0.9998996  0.99995184 0.99991035
 0.99993217 0.9999609  0.99989843 0.9999405 ]
[0.99994695 0.9999453  0.99991083 0.9998247  0.999961   0.9999393
 0.99991894 0.9999207  0.9999429  0.99992967]
[0.9999374  0.999949   0.99993646 0.9999044  0.999926   0.9999138
 0.9999118  0.9999522  0.99993026 0.999926  ]
[0.9999063  0.9999448  0.99989593 0.9998628  0.9999237  0.9998915
 0.9999161  0.999936   0.9999199  0.99991393]
[0.9999224  0.9999274  0.9998926  0.9998925  0.99992085 0.99991465
 0.9999373  0.99992955 0.9999006  0.99991417]
[0.9999213  0.9999385  0.9999474  0.9998491  0.9999478  0.9999181
 0.9999565  0.9999591  0.99994063 0.99990046]
[0.9999378  0.99996066 0.9999144  0.9999304  0.9999602  0.9999273
 0.9999547  0.9999548  0.99988496 0.9999491 ]
[0.9999343  0.9999579  0.9999349  0.99985135 0.9999362  0.9999366
 0.99995947 0.9999548  0.99993455 0.99991167]
[0.99994016 0.9999467  0.9999211  0.99986374 0.99992406 0.99993575
 0.9999304  0.99992144 0.9998827  0.9999331 ]
[0.9999113  0.9999131  0.9999379  0.99983275 0.999923   0.9999151
 0.999956   0.9999552  0.99993443 0.9999442 ]
[0.9999409  0.99990845 0.9999212  0.99990606 0.9999291  0.9999238
 0.9999621  0.9999137  0.9999372  0.9999187 ]
[0.99989617 0.999946   0.99992955 0.9998834  0.9999503  0.9999522
 0.9999317  0.9999331  0.9998976  0.9999244 ]
[0.9999273  0.9999567  0.99995005 0.9999106  0.99991894 0.99991643
 0.9999354  0.99992204 0.99994576 0.9999062 ]
[0.99990916 0.99992204 0.9999174  0.99989855 0.99995327 0.99995136
 0.9999398  0.9999007  0.999928   0.99991095]
[0.99994457 0.9999299  0.9998987  0.99990773 0.9999521  0.99993956
 0.99996305 0.9999143  0.99994636 0.99991703]
[0.9999399  0.9999378  0.99988997 0.99991274 0.9999373  0.99993527
 0.99992466 0.9999299  0.9999273  0.99992573]
[0.9999465  0.9999342  0.9999348  0.99990773 0.99996006 0.99992883
 0.9999312  0.99996233 0.99989426 0.9999225 ]
[0.9999181  0.9999541  0.99993515 0.9999162  0.9999573  0.99993014
 0.99992955 0.9999174  0.9998869  0.9999485 ]
[0.99989927 0.9999169  0.9999491  0.99991536 0.99994314 0.99994326
 0.9999535  0.9999349  0.99995005 0.999933  ]
[0.9999393  0.9999455  0.9999049  0.9998889  0.9999603  0.99991965
 0.999943   0.99994004 0.99991274 0.99995244]
[0.99993956 0.9999281  0.9999076  0.9999026  0.9999527  0.9999424
 0.99996185 0.99995625 0.9999056  0.999897  ]
[0.9999428  0.9999566  0.9999337  0.9998795  0.99992144 0.9999269
 0.9999527  0.9999348  0.99990773 0.99993765]
[0.99993026 0.9999527  0.9999012  0.9998567  0.99995756 0.99990344
 0.999923   0.9999504  0.999905   0.9999293 ]
[0.9999305  0.99993753 0.9999341  0.9998914  0.9999132  0.99989116
 0.9999385  0.99995434 0.99992037 0.9999331 ]
[0.99993575 0.9999269  0.9999418  0.99991417 0.9999255  0.99990726
 0.9999199  0.9999428  0.99991703 0.99992836]
[0.9999087  0.9999347  0.9999062  0.9998759  0.9999362  0.99993336
 0.9999503  0.99995077 0.9999256  0.99995315]
[0.99990034 0.99996233 0.9999287  0.9998852  0.9999615  0.99994206
 0.99994266 0.9999523  0.99991834 0.9999342 ]
[0.99989426 0.99995863 0.99993277 0.9998424  0.9999212  0.9999466
 0.99993515 0.99994993 0.99990356 0.9999201 ]
