Mprobs for dataset sim1 (1)

[0.9999409  0.99995494 0.99989116 0.9998902  0.9999279  0.99992037
 0.9999534  0.99995375 0.9999306  0.99994874]
[0.999923   0.9999243  0.99994266 0.9998357  0.9999589  0.99994683
 0.9999119  0.9999292  0.9999405  0.99992144]
[0.999943   0.99994206 0.9999008  0.99985075 0.999959   0.9999374
 0.9999567  0.99994147 0.9999167  0.99993145]
[0.99994004 0.9999317  0.9999169  0.9998629  0.9999367  0.9999428
 0.999923   0.99991107 0.99993753 0.9999027 ]
[0.9999293  0.9999486  0.9999076  0.99986064 0.99991333 0.9999155
 0.9999317  0.9999447  0.9999262  0.99989367]
[0.99990034 0.99995005 0.99990916 0.99990225 0.9999331  0.9999281
 0.9999615  0.9999229  0.99989223 0.99995065]
[0.99990404 0.99994075 0.99989986 0.9999312  0.99992335 0.9999515
 0.99991596 0.9999306  0.99993825 0.99991715]
[0.9998903  0.99993753 0.9999474  0.9998729  0.9999548  0.99990594
 0.9999225  0.9999105  0.9998834  0.9999224 ]
[0.9999001  0.9999279  0.9999031  0.9998609  0.9999275  0.9999232
 0.9999405  0.99991393 0.9999006  0.99994624]
[0.9998933  0.9999473  0.9999331  0.9998443  0.99991715 0.99989605
 0.9999529  0.9999566  0.99991906 0.9999447 ]
[0.99994326 0.99994755 0.9999101  0.9998807  0.9999335  0.99989223
 0.99990964 0.9998965  0.99988246 0.9999037 ]
[0.99991727 0.999961   0.9999505  0.9998803  0.9999156  0.9999491
 0.99993265 0.9999379  0.9999393  0.99990785]
[0.9999088  0.9999453  0.99990237 0.9998648  0.9999434  0.99991393
 0.9999393  0.99991417 0.9999424  0.9999013 ]
[0.99991894 0.9999572  0.99992824 0.9999106  0.99992335 0.99989223
 0.9999628  0.9999397  0.99989843 0.9999386 ]
[0.9999062 0.999907  0.999912  0.9998429 0.9999651 0.9999372 0.9999516
 0.9999467 0.9998902 0.9999424]
[0.99991655 0.9999527  0.9999155  0.99991333 0.99996626 0.99988294
 0.9999355  0.9999248  0.9999349  0.99992657]
[0.9999465  0.999918   0.9999397  0.9998958  0.999936   0.99993694
 0.99994385 0.9999522  0.99993324 0.99990106]
[0.9999306  0.99995565 0.9999058  0.99986887 0.9999572  0.9999192
 0.99994755 0.9999409  0.999913   0.9999337 ]
[0.9998895  0.99995494 0.99992585 0.99991584 0.99993896 0.9999038
 0.99993396 0.99994826 0.99993587 0.99994063]
[0.99990284 0.999954   0.9999473  0.99986625 0.9999229  0.99993396
 0.9999515  0.9999206  0.99991465 0.9999423 ]
[0.9999455  0.99995434 0.999894   0.9998729  0.9999591  0.99994123
 0.9999254  0.99993384 0.9999075  0.9999405 ]
[0.9999199  0.99995315 0.9999232  0.9999095  0.99995327 0.99990535
 0.9999105  0.9999542  0.9999119  0.99991727]
[0.99990463 0.9999379  0.9999118  0.9998939  0.99991965 0.9999261
 0.99992466 0.99995375 0.99993813 0.9999014 ]
[0.9999049  0.9999436  0.9999521  0.9998671  0.9999571  0.99991226
 0.9999596  0.9999497  0.9999443  0.99995327]
[0.99993634 0.9999535  0.9999157  0.9998888  0.9999393  0.9999275
 0.9999496  0.99992156 0.9999194  0.9999021 ]
[0.99992085 0.9999546  0.9999101  0.9998104  0.9999293  0.9998939
 0.99993753 0.9999267  0.9999114  0.9999521 ]
[0.99993    0.9999167  0.9999292  0.99990225 0.999925   0.9999001
 0.99996066 0.9999567  0.9999168  0.99995387]
[0.99994624 0.9999509  0.9999486  0.9999193  0.9999393  0.9999223
 0.9999374  0.9999088  0.99988854 0.9999471 ]
[0.999892   0.9999306  0.9998996  0.9998307  0.99993587 0.9999293
 0.99991524 0.99992585 0.99989927 0.999951  ]
[0.9999299  0.9999411  0.9999311  0.9998153  0.999956   0.99991417
 0.99990916 0.99991596 0.9999448  0.99994695]
[0.9999037  0.99993324 0.9999237  0.99990106 0.99993706 0.999913
 0.9999267  0.9999368  0.9999025  0.9999094 ]
[0.9999285  0.99991345 0.99992514 0.99982184 0.9999318  0.9999373
 0.9999454  0.99995446 0.99992394 0.9999176 ]
[0.9999392  0.999949   0.99989545 0.99985766 0.999938   0.9999006
 0.99991405 0.9999168  0.9999045  0.9999043 ]
[0.9998964  0.99993753 0.99993896 0.9999057  0.99992967 0.9999478
 0.99993145 0.99994004 0.9999492  0.9999107 ]
[0.9999274  0.9999461  0.9999423  0.99986434 0.99994695 0.9999411
 0.99994457 0.99991345 0.9998882  0.9999434 ]
[0.9998945  0.99995863 0.9999267  0.9999052  0.9999126  0.99990547
 0.99993503 0.99994886 0.99993336 0.9999347 ]
[0.99991703 0.9999424  0.99995327 0.99989045 0.9999584  0.9999279
 0.99992394 0.99994373 0.99989736 0.99990594]
[0.9999435  0.99996173 0.9999254  0.9998851  0.9999441  0.99991477
 0.9999182  0.9999479  0.99995005 0.99993217]
[0.99993765 0.99994445 0.99989104 0.9998369  0.9999554  0.9999169
 0.99995553 0.999941   0.9999374  0.99994946]
[0.99993944 0.99996257 0.9998921  0.99991095 0.9999516  0.99993134
 0.9999285  0.9999485  0.9999031  0.9998964 ]
[0.9999379  0.99991643 0.99995136 0.9998394  0.99995816 0.99993324
 0.99994504 0.99993455 0.99994385 0.99990106]
[0.9998939  0.9999268  0.9999385  0.99986243 0.99995077 0.999908
 0.9999627  0.9999349  0.99992    0.9999052 ]
[0.9999075  0.9999591  0.99994326 0.9998374  0.999923   0.9999511
 0.99993956 0.9999335  0.9999473  0.9999136 ]
[0.99992037 0.9999224  0.9999219  0.99980456 0.99993193 0.9999037
 0.99992955 0.9999541  0.9999219  0.99994874]
[0.99988425 0.9999219  0.9999136  0.99990225 0.9999052  0.99995005
 0.99995375 0.9999527  0.99991393 0.9999392 ]
[0.99994195 0.99992585 0.99994576 0.9998441  0.999956   0.99989665
 0.999948   0.99990654 0.9999236  0.99991536]
[0.99994135 0.9999548  0.99993753 0.9998815  0.9999373  0.9999057
 0.99992466 0.999941   0.9998907  0.9999527 ]
[0.99991775 0.99996316 0.99994457 0.9998654  0.99993443 0.999941
 0.99992466 0.99994195 0.99987996 0.9999287 ]
[0.99991405 0.9999405  0.9998945  0.9998173  0.999933   0.9999231
 0.99991417 0.99991417 0.99987614 0.99989843]
[0.99991715 0.99992263 0.9999417  0.99990475 0.9999249  0.9999368
 0.9999622  0.99994516 0.9999006  0.99990916]
[0.9999418  0.9999422  0.99993336 0.9998871  0.9999554  0.9998864
 0.9999553  0.9999579  0.99991035 0.99992764]
[0.9999497  0.99995613 0.9999074  0.9998566  0.99994266 0.9999118
 0.99992454 0.99991    0.99993086 0.999951  ]
[0.99994123 0.9999542  0.9998951  0.9998318  0.9999466  0.9999244
 0.9999312  0.9999435  0.99994576 0.9999007 ]
[0.999925   0.99991167 0.9999434  0.99982613 0.99991775 0.9999175
 0.99993455 0.99993455 0.9999261  0.9999198 ]
[0.99990785 0.9999374  0.99988925 0.99983656 0.99995494 0.99989676
 0.9999169  0.9999423  0.9999099  0.9999199 ]
[0.99991345 0.9999429  0.99994373 0.9999213  0.9999287  0.9999095
 0.9999502  0.99995244 0.9999293  0.99994373]
[0.99990463 0.99993134 0.9999293  0.9998406  0.9999596  0.9999479
 0.99994564 0.9999392  0.9998976  0.9999509 ]
[0.9999336  0.99993813 0.9999281  0.9999275  0.9999597  0.99994385
 0.9999387  0.99995244 0.9999447  0.9999548 ]
[0.9999113  0.9999479  0.99989736 0.9999007  0.9999182  0.99994624
 0.99994683 0.9999256  0.99994004 0.99994135]
[0.9999174  0.9999553  0.999918   0.99990916 0.99995923 0.99992347
 0.9999392  0.9999285  0.9999244  0.99994695]
[0.99991155 0.99995077 0.99993455 0.999913   0.9999306  0.9999068
 0.99994075 0.99995303 0.99993086 0.99990106]
[0.99987364 0.99993575 0.99992526 0.99984944 0.9999572  0.9999039
 0.9999386  0.9999465  0.99994624 0.99989676]
[0.99992263 0.9999311  0.9999429  0.99986744 0.99996066 0.9999337
 0.99994206 0.9999418  0.9998983  0.9999497 ]
[0.9999343  0.99991393 0.9999449  0.99988496 0.99993026 0.99992514
 0.9999602  0.9999411  0.99992716 0.999902  ]
[0.9999236  0.99995327 0.99994993 0.99992335 0.9999614  0.9999144
 0.9999318  0.9999367  0.9998864  0.999928  ]
[0.99992096 0.9999428  0.9999243  0.99992406 0.99992204 0.99994123
 0.99995005 0.9999267  0.99991226 0.9999052 ]
[0.99990153 0.9999206  0.9999305  0.9998857  0.999926   0.99991167
 0.9999279  0.99991107 0.99993587 0.99994636]
[0.99990964 0.99991155 0.99992025 0.9998393  0.99995124 0.99989367
 0.999962   0.99992096 0.99988496 0.999943  ]
[0.999918   0.9999552  0.9999329  0.99988496 0.9999528  0.999946
 0.9999423  0.99995756 0.99993336 0.9999329 ]
[0.99991584 0.9999534  0.9999409  0.9998073  0.99994254 0.99993706
 0.9999471  0.9999286  0.99992526 0.9999101 ]
[0.9998927  0.9999486  0.99993074 0.99985576 0.99992025 0.9999485
 0.9999372  0.99995875 0.9999329  0.99989176]
[0.9999069  0.9999534  0.99990785 0.9999051  0.99993277 0.9999434
 0.99993694 0.99992716 0.99992776 0.99993265]
[0.99989176 0.9999589  0.99994814 0.9998692  0.9999217  0.99993396
 0.9999589  0.99993944 0.9999372  0.99994075]
[0.9999399  0.9999591  0.99991024 0.999845   0.99996185 0.99991
 0.9999261  0.99995196 0.99994576 0.99994636]
[0.99994326 0.99992466 0.9999527  0.99987674 0.99995565 0.9999449
 0.9999528  0.9999125  0.9999355  0.99991477]
[0.9999317  0.9999187  0.9999126  0.9998332  0.99994946 0.9999387
 0.99995255 0.9999032  0.999899   0.99995065]
[0.9998965  0.99991596 0.999928   0.99990106 0.999943   0.9999311
 0.9999604  0.99992335 0.99994266 0.9999484 ]
[0.9999335  0.9999305  0.99989986 0.999851   0.9999622  0.9999385
 0.9999268  0.9999125  0.99993026 0.9999534 ]
[0.99993706 0.99991727 0.9998964  0.9998679  0.99994504 0.999941
 0.9999211  0.9999268  0.99988544 0.99992   ]
[0.9999014  0.99994683 0.9999094  0.9998429  0.9999386  0.99989986
 0.9999596  0.9999269  0.9998745  0.99994373]
[0.9999236  0.9999052  0.99991226 0.9999049  0.9999615  0.9999182
 0.99993837 0.99994123 0.99992216 0.99989665]
[0.9998939  0.9999554  0.99992096 0.99982965 0.9999354  0.9999416
 0.9999428  0.999941   0.99993515 0.99991655]
[0.9999397  0.9999323  0.99994755 0.9998776  0.9999423  0.99990094
 0.99995685 0.9999316  0.9999354  0.9999305 ]
[0.9999026 0.9999331 0.999941  0.9998777 0.9999589 0.9999125 0.999944
 0.9999409 0.999899  0.9999317]
[0.99990964 0.9999616  0.9999424  0.9999089  0.99994886 0.99993944
 0.9999306  0.9999145  0.99991226 0.9999385 ]
[0.99993455 0.9999435  0.999931   0.99992263 0.99993217 0.99992573
 0.9999584  0.99993396 0.99989486 0.9999218 ]
[0.99990344 0.99996066 0.9999249  0.9998733  0.9999465  0.99988925
 0.9999467  0.9999126  0.99992156 0.999936  ]
[0.9999435  0.99995685 0.9999306  0.99986696 0.9999398  0.9999025
 0.9999337  0.99990594 0.99990106 0.9999095 ]
[0.999913   0.9999585  0.9999081  0.999902   0.9999629  0.9999448
 0.99994147 0.9999434  0.99992025 0.999897  ]
[0.99989355 0.9999081  0.9998945  0.9998565  0.9999263  0.99992895
 0.9999397  0.9999193  0.999887   0.9999416 ]
[0.9998971  0.9999186  0.9999466  0.9998741  0.9999622  0.99993956
 0.99995697 0.99992    0.9999285  0.9998908 ]
[0.9999131  0.9999095  0.9999261  0.99991655 0.99994254 0.9999311
 0.999931   0.9999291  0.9999213  0.99995446]
[0.99991477 0.99993896 0.9999429  0.99985516 0.9999546  0.9999231
 0.99992657 0.99992466 0.99992466 0.9999448 ]
[0.999923   0.999918   0.9999316  0.9998035  0.9999409  0.99995065
 0.9999492  0.99992216 0.9999074  0.99994767]
[0.9998801  0.99991107 0.9999485  0.9998996  0.99994755 0.9999449
 0.9999614  0.9999473  0.99988985 0.9998934 ]
[0.99992037 0.9999199  0.9999479  0.9998964  0.9999391  0.9999378
 0.99994624 0.9999232  0.9999031  0.99993765]
[0.99992573 0.99995565 0.99989474 0.9998845  0.99995315 0.99989676
 0.9999479  0.9999286  0.9999093  0.999907  ]
[0.99991894 0.9999385  0.99993896 0.9998934  0.99990857 0.9998927
 0.99994826 0.9999342  0.99993396 0.9998913 ]
[0.9999113  0.9999572  0.99992776 0.9999068  0.9999292  0.9999049
 0.9999449  0.9999516  0.999889   0.9999399 ]
[0.9999349  0.9999571  0.9999478  0.99987304 0.9999305  0.99993753
 0.9999454  0.999926   0.99991095 0.9999516 ]
