Mprobs for dataset sim1 (50)

[0.94295746 0.99730265 0.9979406  0.99744886 0.99956053 0.9989404
 0.9954367  0.9986222  0.99175066 0.9975285  0.9825363  0.99683726
 0.97461444 0.9994867  0.99673814 0.992303   0.9994523  0.9995028 ]
[0.94447386 0.9974948  0.9983119  0.9985442  0.99949205 0.9994948
 0.9937517  0.9994942  0.99377644 0.9970317  0.98076046 0.99797004
 0.9930107  0.9994624  0.99811375 0.99328774 0.9991799  0.99968946]
[0.9495093  0.9985715  0.99832505 0.9938916  0.9996886  0.9996039
 0.99449867 0.9991714  0.9869157  0.985314   0.9794352  0.99671245
 0.99431497 0.9985019  0.9954991  0.9898122  0.99854976 0.9993481 ]
[0.8798754  0.99830496 0.99907637 0.99761677 0.9996991  0.9994524
 0.99181306 0.9993975  0.98560554 0.9888897  0.9889298  0.9979538
 0.9957029  0.999332   0.99536526 0.99236745 0.9991906  0.99960285]
[0.9712624  0.9983419  0.99906284 0.9958204  0.9994603  0.9994541
 0.9961111  0.9994024  0.9847867  0.9922489  0.9769669  0.9978726
 0.9948237  0.9993223  0.99801135 0.9894022  0.99897975 0.9995846 ]
[0.8941424  0.99774736 0.99121135 0.9914397  0.99947065 0.9992525
 0.994419   0.9993131  0.9922052  0.9944043  0.97985554 0.99822503
 0.9961696  0.99869764 0.9956982  0.9937848  0.9988111  0.9995017 ]
[0.9783564  0.9966145  0.99719965 0.997797   0.99951947 0.9994972
 0.99299604 0.9995485  0.9901365  0.9969476  0.98370844 0.99603325
 0.99622726 0.99903935 0.99805343 0.9896449  0.9990402  0.9995536 ]
[0.93346196 0.99850684 0.9974389  0.9973236  0.99919015 0.9993493
 0.99414176 0.99844605 0.9864488  0.98710096 0.9466788  0.9980604
 0.99605644 0.99875116 0.99498075 0.9923193  0.9979571  0.9992512 ]
[0.95899683 0.99749714 0.9988526  0.9974928  0.99966276 0.999076
 0.99410594 0.9991622  0.9796326  0.9924759  0.9854742  0.9974849
 0.99484974 0.9992211  0.9946985  0.9838839  0.9986274  0.9993344 ]
[0.9441196  0.9979868  0.99918693 0.99705803 0.9996908  0.99944884
 0.99530977 0.9993284  0.9825371  0.99667346 0.9830876  0.99833447
 0.9933344  0.99944466 0.9985304  0.99443984 0.99921787 0.9996284 ]
[0.9681171  0.9984652  0.9981688  0.99765116 0.9996469  0.99961346
 0.9943961  0.99895644 0.9935866  0.9963649  0.9870983  0.9969649
 0.9974732  0.99950254 0.99606425 0.988998   0.99920636 0.99965644]
[0.95664734 0.99826497 0.9983368  0.99730587 0.9996871  0.9995933
 0.9951983  0.998966   0.9932417  0.9903274  0.977982   0.9962722
 0.9959015  0.99902606 0.9971723  0.98881334 0.9990387  0.9996195 ]
[0.9726537  0.99604285 0.99770594 0.997881   0.9996138  0.99956995
 0.9955461  0.9987208  0.9929053  0.99668664 0.9705265  0.9983012
 0.99561125 0.9988568  0.9980579  0.9878663  0.99870896 0.99973744]
[0.951694   0.9986706  0.9977749  0.9983051  0.9997435  0.99931324
 0.99811506 0.9992774  0.9945852  0.9967327  0.98859006 0.9975407
 0.99495643 0.99944204 0.9959486  0.9880144  0.9989801  0.9997285 ]
[0.980666   0.99883455 0.99852824 0.9955967  0.999666   0.9994122
 0.9961526  0.99904615 0.9911486  0.99642134 0.981911   0.9986523
 0.99626005 0.99922    0.9980311  0.99107516 0.9992617  0.9996382 ]
[0.96005714 0.9976751  0.99934417 0.9972365  0.99969673 0.9995963
 0.9953572  0.9994306  0.98732334 0.99321544 0.97675896 0.9968856
 0.997285   0.9992818  0.9978064  0.98798555 0.99878305 0.9994624 ]
[0.97177607 0.9981268  0.99645245 0.99849164 0.9996351  0.99915063
 0.99589795 0.99930274 0.992126   0.9883016  0.96833986 0.9954792
 0.9905972  0.9989812  0.9962658  0.99212074 0.99816555 0.9989849 ]
[0.9396346  0.99837637 0.99674267 0.9965939  0.99946123 0.9995067
 0.99314344 0.9990324  0.991113   0.99548966 0.9859789  0.9989077
 0.99573946 0.99920565 0.99838996 0.9852181  0.99924636 0.9996105 ]
[0.9748404  0.99836296 0.9985765  0.9989191  0.9996208  0.99972814
 0.99482477 0.99947554 0.98360103 0.99442    0.9292239  0.9975719
 0.9967444  0.99952567 0.9965404  0.9873001  0.998546   0.9995408 ]
[0.9684106  0.996917   0.99930656 0.9981652  0.9995977  0.9994091
 0.99514526 0.9993567  0.9934285  0.9971347  0.9686784  0.9983687
 0.9980228  0.99890494 0.99748707 0.9807555  0.9983712  0.99942744]
[0.90268075 0.99687743 0.9970975  0.99813795 0.9996189  0.99926084
 0.9925216  0.9992373  0.9844008  0.99676466 0.95767754 0.99854386
 0.99254394 0.9993082  0.99715805 0.985386   0.99853265 0.9994956 ]
[0.95473087 0.9975973  0.9988733  0.9928665  0.9997756  0.999416
 0.9919584  0.9993381  0.9880917  0.9942404  0.9804385  0.9979232
 0.99496436 0.9991922  0.994632   0.9932888  0.9989247  0.99948466]
[0.9729206  0.99872214 0.99817526 0.99760073 0.9996939  0.99964714
 0.9968189  0.9993206  0.9928155  0.9952434  0.9877434  0.99921954
 0.99561876 0.99946755 0.99828607 0.9925685  0.9992341  0.99956757]
[0.9795304  0.99808735 0.999089   0.9941955  0.9996486  0.9995654
 0.9961746  0.999416   0.993419   0.99129313 0.98282707 0.99789655
 0.9939839  0.9995253  0.99689084 0.99190664 0.99896467 0.99958223]
[0.9175498  0.99833363 0.997973   0.9936597  0.99949646 0.99951196
 0.99045944 0.9995474  0.99056435 0.9948205  0.98676294 0.9958657
 0.99200225 0.99918646 0.99338526 0.97825646 0.999038   0.99941874]
[0.94323856 0.99893016 0.99881697 0.998221   0.9996486  0.99945384
 0.99777967 0.9992506  0.993789   0.9968869  0.9881364  0.9978357
 0.99190474 0.9992337  0.99834    0.9885667  0.99896955 0.99959666]
[0.9540652  0.99831295 0.99782604 0.99822754 0.9995353  0.99957675
 0.99396944 0.99905604 0.9943566  0.99716383 0.98548746 0.99564004
 0.99160564 0.99923253 0.9963773  0.9841606  0.9991007  0.99939334]
[0.88289076 0.9980106  0.99829584 0.9984273  0.99962604 0.999668
 0.99516535 0.9994273  0.99216956 0.99501497 0.98485446 0.9969014
 0.9940744  0.9994623  0.997964   0.98991805 0.99895525 0.9995727 ]
[0.9555673  0.99557143 0.99784124 0.5467608  0.9950223  0.999668
 0.99965525 0.9946684  0.99926573 0.98669726 0.9934361  0.96988153
 0.9960104  0.99318576 0.9993463  0.99772924 0.98811114 0.99912447
 0.9995239 ]
[0.9535394  0.997248   0.9988016  0.9976096  0.99967074 0.9995509
 0.99821115 0.99952114 0.9894908  0.99836427 0.9894118  0.9982285
 0.9949203  0.99912184 0.9967379  0.9946485  0.9990062  0.999469  ]
[0.9768589  0.99685305 0.99748456 0.99836403 0.99976474 0.99966455
 0.99544466 0.9992367  0.9951349  0.99348336 0.9887425  0.99798346
 0.998705   0.9993261  0.99797887 0.99515617 0.99921644 0.9995528 ]
[0.8899812  0.99823916 0.99807715 0.9968258  0.99962544 0.99894816
 0.99462986 0.9992975  0.98332757 0.99143994 0.9398158  0.9973737
 0.99760485 0.9988514  0.99665654 0.98020226 0.99910235 0.9995084 ]
[0.9258553  0.9985611  0.99146384 0.99746346 0.99965763 0.99937445
 0.9962082  0.9990702  0.99217457 0.9940169  0.9840426  0.9981013
 0.98197204 0.99959236 0.998279   0.9904767  0.99859196 0.99894017]
[0.9321464  0.99592125 0.99674326 0.9980307  0.9996768  0.99936
 0.9938432  0.9988933  0.9826529  0.9958145  0.96284455 0.9967558
 0.9950525  0.9990121  0.9978877  0.9893907  0.99826294 0.99950945]
[0.96677524 0.998123   0.99860126 0.9971513  0.99965644 0.9996152
 0.99658537 0.99921703 0.9901259  0.9935324  0.9848127  0.99849963
 0.99769706 0.99899095 0.99758077 0.9868167  0.99920744 0.99964774]
[0.96865505 0.99839765 0.9980982  0.9988696  0.9996068  0.99954444
 0.99466985 0.9995433  0.99336374 0.99314463 0.94393384 0.9979347
 0.9979048  0.999303   0.9966696  0.98596907 0.99917406 0.9994991 ]
[0.98493564 0.9984091  0.99679285 0.99749005 0.9998048  0.99939084
 0.994011   0.9996118  0.9953393  0.99654007 0.9893574  0.99850476
 0.99782515 0.9986639  0.99910635 0.99329424 0.99808466 0.99955255]
[0.9745309  0.9984302  0.99708885 0.9986696  0.99957055 0.99970967
 0.9959275  0.99939454 0.9942872  0.99861646 0.9837397  0.99891937
 0.99879766 0.9994605  0.9966961  0.9938949  0.9989833  0.99964917]
[0.9425386  0.9971591  0.9988242  0.9957302  0.9996051  0.99946934
 0.9952093  0.999471   0.98953223 0.9936772  0.9836541  0.99697113
 0.99467874 0.9990081  0.997624   0.9816535  0.9982377  0.99950147]
[0.9355765  0.9938538  0.9983241  0.9978237  0.9995727  0.99915564
 0.9948154  0.99863404 0.98915863 0.99521756 0.98100096 0.9950694
 0.991895   0.99915004 0.9969081  0.98538035 0.9990575  0.99955994]
[0.9703312  0.9969798  0.99593204 0.9945372  0.9995778  0.9992072
 0.98388493 0.99910164 0.99203706 0.9929762  0.9848599  0.9959863
 0.99546874 0.9989907  0.9963503  0.9906816  0.99888664 0.99942636]
[0.9826738  0.9956044  0.9984409  0.99764156 0.99962914 0.9995396
 0.9947432  0.99949944 0.9885798  0.99533457 0.9721696  0.99857986
 0.9970018  0.9991315  0.99664235 0.98619986 0.9991278  0.999305  ]
[0.9711161  0.99811065 0.99597013 0.9963876  0.99959534 0.9994904
 0.99212146 0.99948174 0.992897   0.99460644 0.9374353  0.9981342
 0.9984907  0.9991466  0.99710983 0.9936786  0.99872655 0.99962986]
[0.9799182  0.9977865  0.9986326  0.99782515 0.9996911  0.999686
 0.9964947  0.9993162  0.993401   0.9973339  0.9816793  0.9983742
 0.9937384  0.9993861  0.997556   0.9816943  0.99876785 0.99945647]
[0.92900646 0.9982681  0.9987275  0.9982326  0.9996953  0.9995322
 0.99195695 0.9992255  0.98959047 0.996412   0.9739764  0.99744666
 0.9964909  0.99946576 0.9976978  0.98385274 0.99856985 0.9996507 ]
[0.9345018  0.99742234 0.9978855  0.9976956  0.99965835 0.99954236
 0.99683845 0.9987583  0.99245584 0.997101   0.9801278  0.9983156
 0.9984975  0.99932575 0.998049   0.9865882  0.99901295 0.99908113]
[0.8106977  0.9983707  0.9859672  0.9824218  0.99942017 0.9994628
 0.99532014 0.99892455 0.9897193  0.99764985 0.98298866 0.99792105
 0.98880005 0.9993069  0.9977849  0.9908133  0.99873835 0.99968207]
[0.9742198  0.99818987 0.9978126  0.9974814  0.9997365  0.9995084
 0.9971431  0.9995658  0.9896237  0.99781007 0.97175443 0.99815
 0.9923173  0.99946696 0.9967169  0.9854452  0.99910885 0.9996538 ]
[0.9804452  0.9982673  0.9971161  0.99688894 0.9996773  0.99937254
 0.99375373 0.9994823  0.98679465 0.99219793 0.98538357 0.9975841
 0.9980432  0.999196   0.9975351  0.9881579  0.9991153  0.9994727 ]
[0.965059   0.99820507 0.99888784 0.9961184  0.9998355  0.9996269
 0.995729   0.99922895 0.993107   0.9962606  0.98912    0.9975158
 0.99608517 0.99915516 0.99779356 0.9923919  0.99902606 0.99965346]
[0.8833168  0.9973865  0.99323237 0.99671847 0.9996326  0.9992424
 0.99464107 0.9984958  0.99321884 0.9924132  0.9766872  0.9961383
 0.99632394 0.9996319  0.99713576 0.9873953  0.998919   0.99958414]
[0.8959788  0.9974227  0.99849725 0.9962857  0.99951565 0.9993036
 0.9962488  0.9990361  0.9934221  0.99739033 0.98416674 0.9985611
 0.9928114  0.99919254 0.9982027  0.99074554 0.99911493 0.9994962 ]
[0.9784081  0.9979882  0.9974788  0.99675983 0.9996959  0.9995689
 0.99620205 0.9990675  0.99000895 0.99394375 0.98223156 0.9986841
 0.9944535  0.9991328  0.9973347  0.98374313 0.99919766 0.9995436 ]
[0.9618472  0.9985819  0.99790657 0.99643517 0.99962103 0.99965
 0.9931704  0.99937457 0.9923224  0.9981121  0.9924281  0.998432
 0.9948427  0.99913496 0.99785835 0.99097955 0.9989416  0.9995441 ]
[0.9378248  0.997535   0.995893   0.99425334 0.9995413  0.9992836
 0.99446094 0.99915683 0.9841435  0.9972735  0.9538591  0.9970372
 0.9871321  0.99930024 0.99719596 0.9870107  0.99815124 0.99961925]
[0.95981306 0.99613947 0.9978415  0.9972898  0.9995851  0.99920624
 0.99680495 0.9988476  0.98963505 0.99364245 0.93171555 0.9953577
 0.99687034 0.998847   0.9963709  0.9907945  0.99852693 0.99950933]
[0.97886765 0.99858546 0.99768054 0.9979766  0.9997888  0.9996697
 0.9938852  0.99872667 0.98531806 0.9954424  0.98128843 0.99750334
 0.9978521  0.9991836  0.9963291  0.9941678  0.9987207  0.9994011 ]
[0.9115769  0.997267   0.99733967 0.99702877 0.999648   0.99936765
 0.99613106 0.999278   0.9928098  0.99089104 0.9745883  0.99506986
 0.9934918  0.9993036  0.9970956  0.9903031  0.9990376  0.9996774 ]
[0.9770129  0.9986902  0.99858296 0.9975878  0.99968183 0.9995183
 0.9968125  0.99952424 0.99097216 0.99359703 0.9790628  0.99683124
 0.9980038  0.9988036  0.99812406 0.9950074  0.9989717  0.9996878 ]
[0.9687977  0.9979255  0.9961158  0.9974337  0.9996973  0.99957925
 0.9981831  0.9992859  0.986702   0.99635375 0.98657507 0.99856275
 0.99466914 0.9991019  0.9967781  0.99087054 0.99892586 0.9994748 ]
[0.9334849  0.9987901  0.9972892  0.99432486 0.999642   0.99961215
 0.99660575 0.9995548  0.98797196 0.99376416 0.9267954  0.997696
 0.99563843 0.9989278  0.99796176 0.98722494 0.9983222  0.9993249 ]
[0.97879046 0.99802506 0.9986829  0.9981134  0.999705   0.99957234
 0.99699223 0.9996202  0.9908631  0.9942175  0.9799954  0.99662054
 0.99642724 0.9993414  0.99838555 0.98142964 0.9989793  0.9996202 ]
[0.9861113  0.99790937 0.99938583 0.99812    0.99968207 0.9992343
 0.99566215 0.9992748  0.99254394 0.99450195 0.9866194  0.99843377
 0.9940294  0.99948907 0.9985196  0.99108315 0.9988256  0.99951565]
[0.97434187 0.99893385 0.99735236 0.99824214 0.99975973 0.9995141
 0.9941049  0.99931943 0.9858813  0.9947377  0.9763822  0.9976191
 0.9954549  0.99904674 0.9982223  0.9923374  0.9983064  0.9994337 ]
[0.9570353  0.9983758  0.99847287 0.9978551  0.99966323 0.9993943
 0.99421436 0.99940157 0.99036837 0.9948266  0.98567516 0.998711
 0.9987679  0.9991353  0.9969452  0.99112564 0.9993498  0.999731  ]
[0.96581876 0.99840385 0.9979457  0.99824536 0.99967146 0.9994481
 0.9924523  0.99872714 0.9883046  0.99708205 0.98796    0.9974548
 0.988198   0.99920505 0.9978411  0.99045676 0.9992418  0.99965   ]
[0.9584088  0.9977527  0.9980332  0.99850637 0.9997669  0.9994487
 0.9961719  0.9992086  0.98263836 0.99792635 0.9836285  0.99775213
 0.99473095 0.999166   0.9950854  0.9853969  0.99892277 0.9995727 ]
[0.9491839  0.99834037 0.9979461  0.9974291  0.9995159  0.9990325
 0.9974911  0.99886334 0.98867875 0.99697185 0.9835654  0.99883837
 0.9925454  0.999169   0.9972361  0.9890408  0.99821955 0.99948955]
[0.89803827 0.99100924 0.99571556 0.9974241  0.99955374 0.9994987
 0.99285275 0.9990085  0.98731333 0.9936521  0.9811148  0.9965513
 0.9897748  0.9982469  0.99447256 0.9912879  0.99855    0.999542  ]
[0.9572157  0.99832636 0.9989526  0.99774677 0.99975747 0.9992341
 0.99665064 0.99907035 0.9865633  0.9968569  0.9845324  0.99804723
 0.9957136  0.99925476 0.9984982  0.9752162  0.9989692  0.9995245 ]
[0.9724726  0.99762064 0.99527305 0.995001   0.99944645 0.99944514
 0.99499774 0.9988513  0.97886455 0.99384946 0.9546374  0.997547
 0.99799013 0.9983145  0.9974475  0.99243355 0.99799025 0.99950945]
[0.87138146 0.9959193  0.9982193  0.9965178  0.99972755 0.9993432
 0.99322104 0.99930525 0.99360895 0.99528825 0.96023595 0.9966703
 0.994753   0.9988078  0.9954106  0.99155515 0.9994141  0.9993462 ]
[0.8642804  0.99820113 0.9979138  0.9950465  0.99951065 0.999521
 0.99648535 0.99920505 0.98902357 0.9926698  0.9850987  0.9970071
 0.9957177  0.999393   0.99780256 0.9731583  0.9986613  0.99935204]
[0.91458434 0.99871135 0.9985354  0.9979931  0.99974877 0.99939024
 0.99639773 0.9993974  0.9941208  0.9963445  0.96071744 0.9981408
 0.99720985 0.99933785 0.99885595 0.99179524 0.9988248  0.9996201 ]
[0.88762945 0.9986249  0.9983382  0.9950134  0.99966276 0.9994312
 0.99714416 0.99921095 0.97953165 0.9942595  0.9867916  0.9975116
 0.99662775 0.9990971  0.99748033 0.9929066  0.9975134  0.9995896 ]
[0.9461051  0.9955551  0.99667525 0.9978849  0.9996076  0.9990308
 0.99584574 0.99862945 0.98792124 0.99536514 0.9799811  0.99770916
 0.99720794 0.9990018  0.99587125 0.9926872  0.9982462  0.99910945]
[0.96816146 0.9985721  0.99417675 0.99858284 0.99971384 0.9995839
 0.99667156 0.99937963 0.9937709  0.99671316 0.98218775 0.998362
 0.9942326  0.9995597  0.9971052  0.97347623 0.99929357 0.99950504]
[0.98095703 0.9976184  0.9985721  0.9967679  0.9996761  0.9994974
 0.9951233  0.9993137  0.9939573  0.99719185 0.9823139  0.9975062
 0.9976185  0.9992418  0.99722004 0.9919892  0.9994506  0.99961877]
[0.8786423  0.99855906 0.9978269  0.9983302  0.99974364 0.99956983
 0.99748033 0.99929416 0.9884936  0.9962703  0.9880041  0.9985513
 0.99283135 0.9993017  0.99817204 0.99333256 0.9988944  0.99959093]
[0.97683585 0.99795    0.99624276 0.9957404  0.99948597 0.9995938
 0.9940105  0.9994773  0.9955194  0.9945498  0.9891076  0.99785966
 0.9925567  0.9992768  0.99539727 0.98196626 0.99886996 0.9997192 ]
[0.9146787  0.997689   0.9986008  0.9985877  0.99971575 0.99959964
 0.9960414  0.9991974  0.98937875 0.99633527 0.9797546  0.9985948
 0.99578696 0.9994802  0.9967253  0.990261   0.9991359  0.9994875 ]
[0.9796022  0.9978829  0.99847096 0.99649054 0.99977666 0.9993899
 0.99591005 0.99883014 0.99427646 0.991214   0.9714317  0.99652255
 0.994728   0.9993048  0.9952193  0.9831525  0.9991277  0.99930096]
[0.95278317 0.99706525 0.99819607 0.9947109  0.9996105  0.999511
 0.9929617  0.9995023  0.99214596 0.9953092  0.98296887 0.99711466
 0.9945734  0.9991893  0.99679786 0.9853485  0.9991253  0.9994824 ]
[0.88880646 0.9989606  0.9934681  0.997895   0.999514   0.99954176
 0.9923482  0.9993892  0.99059147 0.99511117 0.9838489  0.9963426
 0.99610126 0.99859613 0.99589646 0.9847342  0.99891245 0.9995888 ]
[0.9643641  0.9981141  0.9979657  0.9977997  0.99978036 0.99955505
 0.99572515 0.999175   0.9920067  0.9892697  0.9706324  0.9969037
 0.9943175  0.9992556  0.9985435  0.98980194 0.99903154 0.9995135 ]
[0.9675811  0.99841833 0.9985897  0.99587977 0.9996432  0.9990847
 0.9943093  0.99941206 0.99259263 0.98949206 0.9831256  0.99679214
 0.99131715 0.9993856  0.9972652  0.9879666  0.99920744 0.9995858 ]
[0.9785081  0.9973302  0.99862206 0.995538   0.9996592  0.9992442
 0.9921171  0.9990711  0.98479134 0.9939711  0.977211   0.998042
 0.99204856 0.99930465 0.997693   0.9907611  0.99922264 0.9995414 ]
[0.96305835 0.99852633 0.9975956  0.99865353 0.99984324 0.9995883
 0.9944319  0.9991659  0.9899385  0.9953402  0.96524084 0.99925536
 0.995295   0.99960536 0.99787605 0.99288505 0.998992   0.99961096]
[0.98104525 0.997521   0.9984207  0.99532276 0.99967515 0.9994678
 0.99720925 0.999363   0.9895605  0.99814165 0.9691473  0.99802727
 0.993618   0.99922526 0.9974995  0.9940363  0.9986992  0.9995641 ]
[0.921653   0.9979989  0.9982405  0.99869674 0.9997712  0.9995511
 0.9975164  0.9996426  0.9948485  0.99521327 0.93760264 0.99774855
 0.9983571  0.9993432  0.9981171  0.98569334 0.9993604  0.9996872 ]
[0.96053183 0.9986029  0.9972523  0.99923086 0.9996159  0.9997305
 0.9985127  0.999532   0.99122405 0.99502015 0.98688716 0.9985228
 0.9954673  0.9994455  0.99778014 0.9933215  0.9991874  0.99963725]
[0.9372428  0.996678   0.99711394 0.9975331  0.9997801  0.99945384
 0.9940573  0.9987752  0.98569936 0.99304914 0.98472    0.9969131
 0.9948651  0.99924564 0.9972492  0.9872902  0.9987533  0.9995078 ]
[0.95343727 0.9983499  0.9986663  0.99808526 0.9996815  0.99965763
 0.9897069  0.9995679  0.9813291  0.98894626 0.9832419  0.99816185
 0.99471647 0.9995041  0.9968894  0.98726183 0.99836427 0.9994691 ]
[0.97194934 0.997785   0.9945098  0.9971438  0.99972147 0.9994023
 0.9958544  0.9991381  0.99207944 0.99074215 0.8981055  0.99818796
 0.99779415 0.9987343  0.9964497  0.98496234 0.99917763 0.9991008 ]
[0.9074473  0.9959591  0.9951067  0.9953009  0.99961627 0.99939394
 0.9960466  0.9995183  0.987224   0.99200964 0.9758617  0.9971373
 0.9947213  0.999405   0.9975284  0.9892643  0.99842167 0.99949217]
[0.96761227 0.9981229  0.9967439  0.9977253  0.9996086  0.999305
 0.9946768  0.999161   0.98512113 0.9981793  0.96698976 0.99858993
 0.99242276 0.99929416 0.9962345  0.9929716  0.99828464 0.99935406]
[0.9707121  0.9979899  0.99758697 0.99731207 0.999739   0.99933714
 0.9962477  0.99916875 0.99057126 0.99151695 0.97999406 0.9975393
 0.996223   0.99941003 0.9961248  0.98520875 0.99861825 0.9996056 ]
[0.96905285 0.9990988  0.9977574  0.99800223 0.9995276  0.99951184
 0.99413425 0.99964154 0.99120843 0.9928712  0.96070266 0.99774987
 0.9986607  0.9993254  0.9983015  0.99375904 0.99864966 0.9996075 ]
[0.9414822  0.9975133  0.9983595  0.99432594 0.99947447 0.9994634
 0.9954378  0.99900776 0.9837525  0.9875738  0.98376065 0.9985024
 0.9925141  0.99901927 0.99665594 0.9885399  0.9984901  0.9994941 ]
[0.9315099  0.99789494 0.9984977  0.9983     0.9996351  0.9995383
 0.99029094 0.99926156 0.99350375 0.99577916 0.9847055  0.99750936
 0.99565977 0.9993387  0.99731976 0.9836715  0.9982821  0.9993599 ]
