Mprobs for dataset sim1 (0.00001)

[0.9998903  0.9999424  0.9999293  0.99988735 0.99992967 0.999944
 0.99993205 0.99996305 0.99992156 0.9999386 ]
[0.99992716 0.9999596  0.9999373  0.99988496 0.9999435  0.9998921
 0.9999244  0.9999337  0.9998735  0.99991405]
[0.9999479  0.999956   0.999946   0.99988496 0.9999205  0.999943
 0.99994123 0.9999484  0.9998926  0.99992335]
[0.9999021  0.99992704 0.9999471  0.9998871  0.9999554  0.999912
 0.9999639  0.99992836 0.99991095 0.9999428 ]
[0.999913   0.99995506 0.9999291  0.99986553 0.9999207  0.999925
 0.9999478  0.9999325  0.99994135 0.99989986]
[0.99993503 0.99993205 0.9999393  0.9998597  0.999949   0.9999354
 0.99994624 0.9999186  0.9999442  0.9999324 ]
[0.9999285  0.9999354  0.9999169  0.99990356 0.99993813 0.9999423
 0.9999616  0.99991834 0.9999248  0.99995077]
[0.99994636 0.9999057  0.999908   0.9998412  0.9999604  0.9999225
 0.9999405  0.99994147 0.99988604 0.9999275 ]
[0.9999163  0.9999572  0.9999324  0.9998703  0.9999585  0.9999435
 0.99995625 0.99995494 0.9999088  0.99993336]
[0.99994624 0.9999434  0.9998981  0.99984014 0.99996364 0.9999106
 0.9999378  0.99995375 0.99989045 0.99992263]
[0.99990237 0.99993277 0.9998996  0.99983907 0.9999263  0.99994063
 0.99993634 0.9999393  0.999915   0.9999442 ]
[0.99992204 0.99991345 0.99991274 0.99991167 0.99995136 0.99988985
 0.9999616  0.9999484  0.99988663 0.99993694]
[0.99988806 0.99992883 0.9999466  0.99987507 0.99992263 0.9999404
 0.9999182  0.9999428  0.9998938  0.99991596]
[0.9999113  0.9999273  0.9999393  0.99988484 0.9999423  0.99988854
 0.9999542  0.99994373 0.99993014 0.99993896]
[0.9999491  0.9999317  0.99993145 0.99982697 0.99994993 0.99993896
 0.99991596 0.9999536  0.99993837 0.9999528 ]
[0.9998915  0.9999362  0.9999479  0.99983764 0.9999473  0.9999
 0.9999217  0.99994016 0.9999037  0.9999398 ]
[0.99991536 0.99993336 0.99989843 0.99948704 0.9998388  0.9998574
 0.99994123 0.99989784 0.99987626 0.9998896 ]
[0.9999368  0.9999434  0.99994004 0.9998367  0.9999471  0.99989367
 0.9999316  0.99992967 0.99992585 0.9999291 ]
[0.99990726 0.9999609  0.99993587 0.9999205  0.9999536  0.99992895
 0.9999399  0.99995315 0.9999441  0.9999503 ]
[0.9999043  0.9999225  0.9999232  0.9999317  0.9999293  0.9999083
 0.99993014 0.9999238  0.99990356 0.99992657]
[0.99993074 0.99992096 0.9999374  0.99985063 0.9999354  0.99989116
 0.99995506 0.9999263  0.999925   0.999944  ]
[0.99993277 0.9999435  0.99992704 0.99987257 0.9999387  0.9999249
 0.9999466  0.999956   0.9999232  0.9998996 ]
[0.99992514 0.9999423  0.9999502  0.9998634  0.99993753 0.9999099
 0.99991846 0.99991393 0.999905   0.99992275]
[0.9999006  0.9999194  0.9999372  0.9998416  0.99995863 0.99992955
 0.9999411  0.99994314 0.99990857 0.9999441 ]
[0.99992836 0.9999459  0.9999249  0.99992836 0.99992883 0.999943
 0.99992764 0.99994826 0.99993336 0.9999225 ]
[0.99994683 0.9999554  0.9999367  0.9998554  0.9999578  0.9999145
 0.9999087  0.9999559  0.999925   0.9999118 ]
[0.99990714 0.9999616  0.9999473  0.9998491  0.999948   0.9999478
 0.99993587 0.9999118  0.99990857 0.9999418 ]
[0.99989843 0.9999337  0.999925   0.9999075  0.99993086 0.9999423
 0.99994564 0.99993587 0.99993145 0.9999546 ]
[0.99991834 0.9999471  0.9998989  0.99984217 0.99994266 0.9999349
 0.9999305  0.9999373  0.9999174  0.999931  ]
[0.9998857  0.9999546  0.9999441  0.9999213  0.9999565  0.9999143
 0.9999585  0.99992764 0.9998976  0.99993646]
[0.9999356  0.9999274  0.999949   0.9999269  0.99996877 0.9999331
 0.9999305  0.999915   0.9999391  0.99992585]
[0.9998976  0.9999579  0.9999398  0.9999229  0.9999409  0.99994016
 0.9999211  0.9999509  0.9999093  0.9999362 ]
[0.9999119  0.9999554  0.9998909  0.9998802  0.9999527  0.99993944
 0.9999541  0.9999497  0.99994016 0.9999442 ]
[0.9999325  0.99991584 0.9999399  0.99986243 0.999912   0.99990046
 0.99991    0.99993575 0.9999218  0.9998932 ]
[0.9999361  0.99993205 0.9999325  0.9999194  0.99995744 0.99991226
 0.9999417  0.9999559  0.9999032  0.9999064 ]
[0.9999317  0.99994254 0.9999051  0.9998944  0.9999217  0.9998913
 0.9999442  0.9999528  0.9999255  0.9998933 ]
[0.9999361  0.9999478  0.9998908  0.99989057 0.9999119  0.99993765
 0.99994755 0.9999541  0.9999056  0.99991405]
[0.99994457 0.9999192  0.999907   0.9999312  0.9999449  0.99993956
 0.99992    0.9999198  0.99990964 0.9999268 ]
[0.99994516 0.9999174  0.99993265 0.9999125  0.99993277 0.99990416
 0.99991393 0.99994385 0.9999484  0.9999502 ]
[0.9999374  0.99993587 0.99994504 0.99987745 0.99994516 0.9999281
 0.9999368  0.9999504  0.99994504 0.99994636]
[0.9998865  0.9999428  0.9999391  0.9998461  0.99990463 0.9998889
 0.99991286 0.9999521  0.9999169  0.99993944]
[0.999892   0.9999149  0.99990475 0.9998381  0.99996257 0.9999443
 0.99996066 0.9999511  0.9998951  0.999951  ]
[0.9998981  0.99996185 0.99994445 0.9998715  0.9999459  0.9999107
 0.9999298  0.99992406 0.99994457 0.9999497 ]
[0.99993134 0.99994886 0.99990094 0.9998888  0.99991345 0.99992347
 0.9999337  0.9999187  0.99992514 0.99994004]
[0.9999294  0.9999186  0.9999343  0.99983394 0.9999213  0.9999529
 0.9999479  0.99995255 0.9999193  0.9999472 ]
[0.99994886 0.99992096 0.9999006  0.99989414 0.9999465  0.9999466
 0.9999596  0.999949   0.9998951  0.99989665]
[0.99994373 0.9999459  0.9999306  0.9999206  0.9999479  0.9999231
 0.99995255 0.9999604  0.9999337  0.9999443 ]
[0.9999498  0.9999306  0.99992585 0.99988174 0.99994826 0.9999466
 0.99994075 0.9999584  0.9999317  0.9999323 ]
[0.9999331  0.99995303 0.9999201  0.99985266 0.99995077 0.9999113
 0.9999418  0.9999471  0.9999299  0.9999267 ]
[0.99992764 0.99991274 0.9999287  0.9998981  0.99996364 0.9999486
 0.999954   0.99996066 0.9999051  0.9998983 ]
[0.99988925 0.9999573  0.99994695 0.9998889  0.99991894 0.9999424
 0.99995506 0.9999261  0.99988854 0.9999362 ]
[0.9998934  0.99992204 0.99994457 0.9999076  0.9999521  0.99990153
 0.99993205 0.99991643 0.99994254 0.999926  ]
[0.9999411  0.9999255  0.9999527  0.9998894  0.99996066 0.9999248
 0.99993336 0.99995935 0.9999362  0.9999465 ]
[0.9999198  0.99995804 0.9999399  0.9998977  0.99993753 0.9999474
 0.99993336 0.9999473  0.9999002  0.99991953]
[0.99994314 0.99991953 0.9998944  0.99992406 0.99996567 0.99989116
 0.9999634  0.9999105  0.99992514 0.9999516 ]
[0.99991167 0.9999393  0.99993527 0.9998418  0.9999361  0.99995184
 0.99992704 0.99994385 0.99990475 0.9999263 ]
[0.9998987  0.9999263  0.99994457 0.9998795  0.9999181  0.9999454
 0.9999279  0.9999434  0.9999037  0.999908  ]
[0.9998989  0.9999602  0.9999516  0.99980754 0.9999552  0.99994445
 0.99995506 0.9999459  0.9999306  0.9999496 ]
[0.99989617 0.99994075 0.9999366  0.9999219  0.99995005 0.99990034
 0.9999113  0.9999441  0.99992836 0.9999385 ]
[0.9999492  0.99995315 0.9999063  0.999874   0.99992204 0.9999503
 0.99992824 0.9999217  0.9999379  0.99994254]
[0.9999486  0.999959   0.99991894 0.9999     0.99991953 0.9999316
 0.99991024 0.9999223  0.9999405  0.9999368 ]
[0.9999013  0.9999298  0.9998971  0.99990094 0.9999554  0.9999443
 0.9999207  0.99993134 0.9999106  0.99993956]
[0.9999032  0.99993634 0.999928   0.99987817 0.9999213  0.9998938
 0.9999527  0.99995184 0.9998988  0.9998944 ]
[0.9999058  0.9999342  0.9999229  0.99992263 0.9999633  0.999905
 0.99995375 0.9999567  0.99993944 0.9999089 ]
[0.9995753 0.9998596 0.9998079 0.9999043 0.9998679 0.9998565 0.9998215
 0.9999291 0.9997602 0.9998778]
[0.9999186  0.99995935 0.999946   0.9998702  0.9999503  0.99992275
 0.99994135 0.9999465  0.99991524 0.9999281 ]
[0.9999323  0.9999453  0.99993277 0.99986327 0.9999424  0.9999404
 0.9999676  0.99993134 0.999899   0.99994516]
[0.9999163  0.99994266 0.99993515 0.99992704 0.9999573  0.9999577
 0.99993885 0.9999027  0.9999244  0.99995077]
[0.9999323  0.99994195 0.9999423  0.99987507 0.9999387  0.99994814
 0.99995875 0.9999472  0.999938   0.9999037 ]
[0.9999223  0.9999572  0.99990165 0.9999021  0.9999348  0.9999324
 0.9999497  0.9999213  0.9998902  0.99991226]
[0.99994504 0.999956   0.99994993 0.9998272  0.99993825 0.99993587
 0.99991786 0.99995995 0.99989784 0.99989927]
[0.9999404  0.99996006 0.9999242  0.9999082  0.9999192  0.99992967
 0.9999527  0.9999542  0.9999403  0.99995375]
[0.99991524 0.9999547  0.9999242  0.9998975  0.9999598  0.9999176
 0.99992967 0.9999517  0.99989915 0.9999387 ]
[0.9999223  0.99992347 0.99994206 0.9998567  0.99993443 0.9999311
 0.9999348  0.9999573  0.9999454  0.9999021 ]
[0.9999521  0.99992156 0.999897   0.99991214 0.99992836 0.999938
 0.99993384 0.99993944 0.99988306 0.9999068 ]
[0.99990594 0.9999416  0.9999018  0.9998683  0.9999229  0.9999502
 0.99995553 0.99991274 0.99989307 0.9998958 ]
[0.9999316  0.9999267  0.9999076  0.9998592  0.9999465  0.99995184
 0.9999498  0.9999273  0.9998703  0.99992454]
[0.99990857 0.99990773 0.9999503  0.99989235 0.9999579  0.99995434
 0.9999224  0.99994576 0.9999049  0.999943  ]
[0.9999429  0.99991035 0.9999049  0.9998853  0.99994314 0.9999062
 0.99996305 0.99994457 0.99993324 0.9999367 ]
[0.99994135 0.9999232  0.9999238  0.99991345 0.99992776 0.99992716
 0.9999387  0.9999553  0.99993277 0.9999349 ]
[0.99992704 0.9999199  0.9999422  0.9998043  0.99996257 0.9999014
 0.9999199  0.9999095  0.9999267  0.9999143 ]
[0.99989676 0.9999535  0.99994564 0.99989426 0.9999263  0.9999335
 0.9999298  0.9999541  0.9999038  0.9999223 ]
[0.9998871  0.99990726 0.99994934 0.99985707 0.9999527  0.9999541
 0.99992466 0.9999386  0.99992263 0.99990785]
[0.9998969  0.9999515  0.9999504  0.99990904 0.9999312  0.99993956
 0.99992645 0.99993646 0.9998957  0.9999248 ]
[0.9998864  0.9999417  0.9999385  0.99991465 0.99993217 0.99992275
 0.99991715 0.9999536  0.9998853  0.99991727]
[0.99988484 0.99993575 0.99991083 0.99986815 0.9999199  0.9999205
 0.99991333 0.99992    0.99991894 0.9999298 ]
[0.9999039  0.9999368  0.99994004 0.9998375  0.9999256  0.99994934
 0.9999403  0.99993265 0.99994266 0.9999534 ]
[0.9999485  0.99995005 0.99993026 0.9998926  0.999962   0.999944
 0.9999101  0.99993396 0.99989784 0.9999131 ]
[0.9998989  0.99994206 0.99991655 0.9999064  0.9999342  0.999926
 0.9999411  0.99993587 0.9999356  0.9999019 ]
[0.99994683 0.99991524 0.9999527  0.9998983  0.99994767 0.999908
 0.9999238  0.9999275  0.9999125  0.99992216]
[0.99994266 0.9999559  0.9999231  0.99985206 0.9999318  0.9999124
 0.9999685  0.9999373  0.9999125  0.9999361 ]
[0.99994016 0.99993896 0.99995184 0.9998704  0.9999244  0.9999449
 0.99995303 0.99995697 0.9999186  0.9999465 ]
[0.9999455  0.9999522  0.999907   0.9998845  0.9999441  0.99992096
 0.99992967 0.99993336 0.9999318  0.9999237 ]
[0.9999392  0.99994373 0.99993956 0.999892   0.9999256  0.99994457
 0.9999137  0.99995875 0.9999428  0.9999231 ]
[0.99992335 0.99994516 0.9999223  0.9998888  0.9999372  0.9999237
 0.99994516 0.9999243  0.99993384 0.99993455]
[0.9999393  0.9999503  0.999948   0.99987686 0.9999553  0.99992394
 0.9999479  0.99994004 0.9999205  0.999941  ]
[0.99991345 0.9999337  0.9999244  0.99980944 0.99995244 0.99994206
 0.9999336  0.9998988  0.99988675 0.99993265]
[0.999933   0.9999591  0.9999523  0.9999244  0.99991584 0.9999449
 0.99996054 0.99991906 0.9999409  0.9999534 ]
[0.9999324  0.99995744 0.99990916 0.99986255 0.999956   0.9999511
 0.9999211  0.99991786 0.99993277 0.999938  ]
[0.99990785 0.9999187  0.9999051  0.9998337  0.99993455 0.99995315
 0.9999231  0.9999474  0.99994254 0.9999082 ]
