Mprobs for dataset sim1 (25)

[0.877888   0.997664   0.9980469  0.999308   0.9997832  0.9997719
 0.9946026  0.99975425 0.9882609  0.9919065  0.95777106 0.9953956
 0.9964644  0.999716   0.9993005  0.99837273 0.99928135 0.99961567]
[0.86122394 0.9977112  0.99862707 0.9994752  0.99982905 0.9997681
 0.9982162  0.9996933  0.9866926  0.9915044  0.9793275  0.997638
 0.9898544  0.9996413  0.99922    0.9971955  0.9995813  0.9998085 ]
[0.93142736 0.99726737 0.99888045 0.9996093  0.9998938  0.99977046
 0.9982041  0.9996113  0.9908137  0.9899066  0.97175276 0.9977271
 0.9908388  0.9995546  0.99928707 0.9982659  0.9996834  0.99982834]
[0.9312906  0.9979486  0.99922764 0.9991366  0.9998317  0.9996656
 0.9965037  0.99957865 0.9916333  0.9962459  0.97259414 0.9979177
 0.993932   0.9996076  0.9995627  0.99794024 0.99960667 0.9998369 ]
[0.81461155 0.9961903  0.9948748  0.9994049  0.9998467  0.9997609
 0.9974458  0.9996494  0.99205387 0.99497616 0.9691094  0.99824405
 0.98897845 0.999529   0.99919206 0.99848145 0.9994628  0.9997712 ]
[0.96632063 0.9976457  0.99783844 0.99958247 0.9998802  0.9997714
 0.9972837  0.9993691  0.9879567  0.9958683  0.97176796 0.9985637
 0.99732995 0.99980825 0.9995328  0.9983399  0.9996817  0.99980193]
[0.96917367 0.99621326 0.9972019  0.9996613  0.99984777 0.9997546
 0.9966774  0.99971884 0.9842202  0.99364763 0.9573183  0.9982002
 0.9930091  0.9997104  0.99929655 0.9981008  0.9993351  0.9998087 ]
[0.7944301  0.9983425  0.99651706 0.9994729  0.99983037 0.99980885
 0.9967775  0.9996215  0.99440396 0.99649185 0.956043   0.99855393
 0.99248016 0.99981505 0.9991866  0.99773705 0.9995536  0.99983156]
[0.82942927 0.99822384 0.9986957  0.99942136 0.99975854 0.9996939
 0.9978224  0.9996785  0.9909738  0.99711657 0.78811044 0.998412
 0.99412775 0.9996278  0.9994074  0.9986827  0.9993492  0.99984264]
[0.86760634 0.99791366 0.9961662  0.99966    0.9998134  0.9998331
 0.9977938  0.99970824 0.9905667  0.995249   0.9644141  0.9981756
 0.98689085 0.99957126 0.99951005 0.996252   0.99940157 0.9997478 ]
[0.929935   0.99833494 0.9952866  0.9995492  0.9998087  0.99987364
 0.99754155 0.99949765 0.9884177  0.9907996  0.97721523 0.9981869
 0.9878236  0.99966455 0.9995795  0.9967374  0.99959284 0.9998373 ]
[0.9547821  0.99760914 0.9986247  0.9995453  0.99986374 0.9996673
 0.9982986  0.9996884  0.97971547 0.9955995  0.9673163  0.997741
 0.9903285  0.9994978  0.99911445 0.99807125 0.99955684 0.9997197 ]
[0.8402869  0.9973393  0.9598914  0.99921143 0.99985373 0.99974054
 0.9957594  0.9996486  0.99254483 0.9816135  0.9734986  0.9971106
 0.9856141  0.99965715 0.99936944 0.99877506 0.9991061  0.9997712 ]
[0.9102972  0.99827933 0.9961732  0.9996166  0.99989593 0.9997906
 0.9985089  0.9996183  0.9808929  0.997929   0.9800976  0.99568886
 0.9971866  0.99985254 0.9995284  0.9984034  0.99957436 0.9998    ]
[0.9115747  0.99767345 0.9982992  0.9993303  0.999843   0.9997651
 0.9980019  0.9996362  0.9868663  0.99620086 0.96265393 0.99820507
 0.99293643 0.9997465  0.9991936  0.99827135 0.99954754 0.9997588 ]
[0.9616497  0.99637526 0.99801624 0.9997249  0.99988174 0.9997955
 0.99745256 0.9996785  0.98522216 0.99210656 0.9781148  0.9984956
 0.9949019  0.99962854 0.99922955 0.99707377 0.99950075 0.999795  ]
[0.66656846 0.997347   0.99856865 0.99899393 0.9998423  0.99978024
 0.99305975 0.99977595 0.9864827  0.98979175 0.98010075 0.9984623
 0.99557674 0.9997009  0.99968946 0.9963529  0.9991478  0.9997429 ]
[0.5304022  0.9971505  0.99735874 0.99790454 0.9998294  0.9998056
 0.99685115 0.9995191  0.9915283  0.99454826 0.5998255  0.9984267
 0.9939533  0.99962544 0.99967    0.99706024 0.999418   0.9997999 ]
[0.9604926  0.99771714 0.9977701  0.9996051  0.9998492  0.99982256
 0.99715304 0.9996125  0.98714197 0.9956713  0.97795326 0.9979457
 0.99542147 0.9997838  0.99957997 0.99832696 0.9996687  0.9997789 ]
[0.9711575  0.9983405  0.99878794 0.9996289  0.99984026 0.99986863
 0.9985246  0.9995845  0.99139047 0.99771774 0.9850817  0.99763584
 0.9955     0.99973935 0.99945325 0.9984908  0.99952316 0.9998361 ]
[0.9364365  0.9942701  0.9978624  0.99951863 0.9998078  0.9998087
 0.99515367 0.9996132  0.9828636  0.99239856 0.98446137 0.9971403
 0.99496007 0.99963045 0.99911433 0.9974456  0.9993616  0.9997446 ]
[0.8936643  0.99809414 0.996869   0.999634   0.9998466  0.9997938
 0.99778605 0.99972683 0.98209846 0.9948907  0.9680207  0.99791926
 0.98423475 0.9997707  0.9994572  0.99799156 0.99947697 0.99981946]
[0.91720986 0.99826705 0.9979559  0.99962044 0.9998367  0.99970466
 0.99660206 0.99975926 0.9851549  0.9980465  0.9803467  0.9981318
 0.9915639  0.9995888  0.99913967 0.9983151  0.99939716 0.9998568 ]
[0.930369   0.99783796 0.9990068  0.99948967 0.9998785  0.99978894
 0.9972167  0.99970895 0.99187213 0.99648404 0.9738255  0.9986571
 0.9964741  0.99973387 0.9991689  0.9970739  0.99961275 0.99980444]
[0.9191435  0.9970047  0.99906224 0.99954283 0.9998437  0.99980754
 0.996783   0.9996575  0.99309665 0.99072003 0.94919074 0.9976368
 0.9941664  0.99977666 0.99956495 0.9980361  0.99964607 0.9998344 ]
[0.95500803 0.9975677  0.9989208  0.99969923 0.999835   0.9997193
 0.9982761  0.99969935 0.9881814  0.9942042  0.98330516 0.9982187
 0.9969754  0.9996859  0.9995497  0.996876   0.999584   0.99974555]
[0.92018723 0.99753654 0.9992157  0.9994319  0.9998753  0.99979264
 0.9956701  0.9997547  0.9910453  0.99443686 0.95550144 0.9967319
 0.9923118  0.9996001  0.99927694 0.99781966 0.9994616  0.9998541 ]
[0.9304394  0.998434   0.99419254 0.99957865 0.9997992  0.99985695
 0.9965397  0.9995608  0.98598886 0.99486035 0.97290516 0.9978441
 0.9883487  0.99967253 0.9989297  0.99828786 0.9995566  0.9997619 ]
[0.5779194  0.99797386 0.9972187  0.9993063  0.99978155 0.99976057
 0.9978119  0.9996438  0.9751915  0.99732995 0.9784249  0.99886775
 0.99631625 0.9997633  0.9995234  0.99695075 0.99969614 0.99980265]
[0.9519447  0.99679846 0.9991167  0.99938345 0.9998246  0.9998233
 0.99707437 0.99971205 0.98855686 0.994433   0.98831314 0.99900097
 0.99558026 0.99975294 0.9995326  0.9976609  0.99959904 0.99981886]
[0.94964397 0.99797064 0.99737954 0.99934906 0.99984074 0.9997054
 0.99605006 0.99961436 0.9927699  0.9975495  0.97705346 0.9988914
 0.9890426  0.99957603 0.99935263 0.9965096  0.9993923  0.99981993]
[0.9583536  0.9982482  0.99687827 0.99940467 0.99991286 0.99970824
 0.99807274 0.99959797 0.98738396 0.99143267 0.9396521  0.9977145
 0.99506915 0.99971753 0.9992379  0.99774325 0.99906236 0.99969435]
[0.68313265 0.9974886  0.9982603  0.9994849  0.9998709  0.99981195
 0.9970277  0.99966013 0.9890192  0.99144065 0.95069504 0.9982337
 0.99638355 0.9997577  0.99952817 0.99657744 0.9994998  0.9998062 ]
[0.88502216 0.99698997 0.9985563  0.9991372  0.9999106  0.99977094
 0.9979151  0.9992995  0.9782536  0.99283    0.94642794 0.9976179
 0.99141616 0.99965715 0.99958163 0.9964547  0.9994056  0.99984527]
[0.91253716 0.99751437 0.99895006 0.99955696 0.9998596  0.99966955
 0.99666256 0.9995963  0.9933123  0.99065053 0.93294233 0.99793696
 0.99160016 0.9997545  0.9992418  0.9969772  0.9993228  0.9998274 ]
[0.94995177 0.99799573 0.9924706  0.99937576 0.99980706 0.99974483
 0.9968252  0.9994142  0.9841187  0.9938214  0.9426671  0.99814844
 0.99280435 0.9997776  0.9988985  0.996763   0.999008   0.9997985 ]
[0.91709024 0.9976687  0.9989405  0.999491   0.9998597  0.9998536
 0.9952928  0.9994306  0.99359494 0.9978707  0.9863919  0.99809784
 0.99407876 0.99975246 0.9995301  0.9965385  0.9996517  0.999853  ]
[0.6683521  0.9982942  0.9958871  0.99939835 0.99989164 0.99989057
 0.9985629  0.99971074 0.9928712  0.9934007  0.98554707 0.99852425
 0.9948861  0.999696   0.99931467 0.9965828  0.9994585  0.99984074]
[0.9060935  0.9968581  0.9976222  0.9995678  0.9998517  0.9998053
 0.99662787 0.99958175 0.9912163  0.9930922  0.85756874 0.9982322
 0.9961888  0.9997694  0.999331   0.99718374 0.999532   0.99981564]
[0.816094   0.99629277 0.998818   0.9995036  0.9998667  0.9997347
 0.9980222  0.99963975 0.99123996 0.99144626 0.96031344 0.99830234
 0.9948657  0.9997862  0.99952674 0.99846613 0.9993561  0.9997273 ]
[0.8871801  0.99673945 0.9980185  0.99931765 0.9998259  0.9997025
 0.99681276 0.9996705  0.9926763  0.9954869  0.91637975 0.99774915
 0.9964688  0.99964535 0.9989913  0.99754924 0.9992298  0.99977034]
[0.9507166  0.99783057 0.99798846 0.9994024  0.9998802  0.9998535
 0.9968712  0.9996731  0.98844945 0.99056107 0.9663707  0.9969548
 0.99302673 0.99976164 0.9993352  0.9988111  0.99948275 0.9997272 ]
[0.928646   0.9966814  0.9986909  0.99962497 0.9998374  0.9997552
 0.997778   0.9996283  0.9838847  0.9889199  0.94377404 0.99680907
 0.99281234 0.9997036  0.99909973 0.997776   0.99925035 0.99985445]
[0.7630154  0.99783736 0.9986842  0.9994487  0.999887   0.99982375
 0.9967204  0.9997235  0.98866886 0.9954928  0.98192436 0.9977659
 0.99084026 0.9996481  0.9994591  0.9972691  0.9993705  0.9997981 ]
[0.8176574  0.9987262  0.9984578  0.9996562  0.9998641  0.99978536
 0.9974806  0.999813   0.9876189  0.99624664 0.9889444  0.99830073
 0.99156296 0.99975497 0.999629   0.9983334  0.9996656  0.9997627 ]
[0.962254   0.9987048  0.99853086 0.99943537 0.9998419  0.99973375
 0.9982963  0.99959713 0.98800594 0.99748343 0.9840534  0.99871755
 0.99035174 0.9997124  0.9992567  0.9983608  0.9995158  0.99979717]
[0.9355971  0.9972734  0.9973334  0.9994635  0.99987054 0.99970156
 0.9966857  0.99971086 0.99350476 0.99554837 0.94926476 0.99671435
 0.9967457  0.9995036  0.9994937  0.9958866  0.9992489  0.9997254 ]
[0.89707345 0.9974245  0.9982095  0.99950373 0.99991226 0.9997359
 0.9957146  0.9996195  0.99226415 0.99414414 0.98209    0.99797434
 0.9932653  0.9996705  0.9993304  0.9980744  0.9992495  0.99981374]
[0.9746074  0.9978345  0.99238974 0.9994299  0.99984    0.9998553
 0.99683255 0.99960285 0.98785377 0.99678826 0.9742398  0.9990176
 0.99359787 0.9996586  0.99943537 0.99850285 0.9993136  0.99982494]
[0.9703582  0.9962314  0.99660206 0.99942976 0.9997737  0.99980086
 0.9961434  0.99968004 0.99352056 0.9930287  0.9755912  0.9985978
 0.99466455 0.9997514  0.9994097  0.9981293  0.9995245  0.99981445]
[0.9719458  0.99846137 0.996601   0.99948347 0.99984956 0.99984634
 0.9957404  0.9998313  0.9882217  0.9941717  0.97693676 0.9983683
 0.99513006 0.9996946  0.99948174 0.9974154  0.9996861  0.9998294 ]
[0.9455738  0.9980527  0.9967019  0.9995708  0.9998416  0.99976677
 0.9972052  0.99956566 0.99093425 0.9932634  0.9478828  0.99791163
 0.9901399  0.99964    0.99968934 0.998007   0.99950063 0.9998319 ]
[0.9646358  0.99872833 0.9988311  0.99907434 0.99979514 0.9998287
 0.99708503 0.9995085  0.99046004 0.9946247  0.9324446  0.9983563
 0.9962482  0.99977905 0.99930835 0.99521184 0.99960977 0.99971896]
[0.8478282  0.9981346  0.9977113  0.9994305  0.99988174 0.9998217
 0.9962717  0.99969614 0.9937125  0.9977336  0.9203923  0.9979296
 0.99630886 0.999666   0.9996309  0.9973181  0.9990414  0.9997558 ]
[0.99589753 0.9987741  0.9992762  0.9998536  0.999816   0.9980306
 0.9994086  0.989267   0.99122846 0.9850873  0.99863654 0.9954234
 0.9997137  0.99940073 0.99692684 0.99932766 0.99979573]
[0.8213473  0.99791735 0.99717534 0.9993703  0.9997929  0.9997631
 0.9953225  0.9995772  0.98870087 0.99169695 0.9785285  0.99641055
 0.99543506 0.99975175 0.9994867  0.99636036 0.9992893  0.99981946]
[0.8939598  0.9979347  0.9972826  0.99778605 0.9998845  0.99972075
 0.99287707 0.9995159  0.98658586 0.99234176 0.95548415 0.99639684
 0.9826386  0.99965763 0.99911743 0.9939668  0.99879575 0.9997676 ]
[0.93422955 0.9987306  0.9950971  0.9995152  0.9998934  0.9997427
 0.9965868  0.9997247  0.989155   0.9958729  0.94088775 0.9965953
 0.99496007 0.9997205  0.9996012  0.99609345 0.99965286 0.99987185]
[0.9357209  0.9974777  0.99759054 0.9994967  0.99981064 0.9997676
 0.99436486 0.99941623 0.9852239  0.99572796 0.96388507 0.99730647
 0.9945064  0.9996489  0.9988381  0.9971891  0.999373   0.9997274 ]
[0.9419596  0.9979955  0.9979704  0.99945515 0.9998516  0.99983156
 0.997823   0.999764   0.99006736 0.99558735 0.96897364 0.9990662
 0.9918031  0.99948055 0.9995554  0.99808514 0.9993969  0.9998586 ]
[0.9271394  0.9950121  0.9979983  0.9993709  0.999843   0.99976295
 0.99707437 0.9995654  0.9899024  0.9966067  0.9538677  0.99761957
 0.990222   0.99968505 0.99916637 0.99612576 0.99916697 0.99978465]
[0.95736474 0.99863535 0.9967572  0.9994592  0.9998927  0.999826
 0.99732363 0.9995459  0.98897284 0.9963982  0.97476417 0.9971348
 0.99677986 0.9996977  0.9995974  0.9981705  0.9994444  0.99986196]
[0.79424006 0.99722195 0.99778855 0.9990742  0.9998134  0.99982315
 0.9981364  0.9997787  0.9898197  0.99581474 0.9878869  0.9982418
 0.99325484 0.9996675  0.99954826 0.99834836 0.99935335 0.999788  ]
[0.9391135  0.9979133  0.9793717  0.99936575 0.9998186  0.99970204
 0.9963972  0.9997979  0.9785588  0.9895726  0.95984167 0.99732506
 0.98795754 0.99969494 0.9993383  0.9979418  0.9993606  0.9997671 ]
[0.8146408  0.99862194 0.99612516 0.9974744  0.999824   0.9998062
 0.99614966 0.99964476 0.93826026 0.9895956  0.96205103 0.9982748
 0.961901   0.9986268  0.9995827  0.9973066  0.9989466  0.9989157 ]
[0.8873978  0.9962658  0.99728656 0.999401   0.9998248  0.99966955
 0.99508977 0.9994886  0.9823095  0.9916237  0.9492447  0.99595684
 0.9888797  0.999726   0.9994128  0.998086   0.9995372  0.9996093 ]
[0.93604577 0.99890435 0.9988649  0.9994861  0.99987507 0.9997919
 0.9973531  0.9996958  0.99077785 0.998362   0.98505855 0.9977969
 0.9944616  0.9996903  0.99953914 0.99821234 0.9994178  0.9998123 ]
[0.82744086 0.99815124 0.99636567 0.99944264 0.99982244 0.99973875
 0.9980596  0.9996333  0.9816024  0.994768   0.98502314 0.99846256
 0.9967271  0.99967694 0.99934834 0.9982785  0.99966276 0.99986243]
[0.9081334  0.99810696 0.99793756 0.99908364 0.99986315 0.9997013
 0.9978461  0.99974924 0.98896456 0.9902024  0.97142047 0.99876946
 0.99734974 0.9998124  0.9994197  0.9967528  0.99949336 0.99987185]
[0.9541706  0.99813396 0.99772435 0.99944025 0.9998455  0.99981433
 0.9985857  0.9996879  0.9839027  0.9947984  0.97227436 0.996151
 0.9968014  0.9997577  0.9993956  0.9980414  0.99926645 0.9998343 ]
[0.5043588  0.9958698  0.99814045 0.99958855 0.9998629  0.99980396
 0.9965604  0.9995326  0.9818699  0.99774325 0.9697646  0.9985813
 0.9933469  0.99973696 0.9995327  0.99701166 0.9996494  0.9997725 ]
[0.9346631  0.9985153  0.99782026 0.9993529  0.9998579  0.99985886
 0.99821955 0.99985015 0.9941518  0.99334574 0.8960818  0.9987658
 0.99311733 0.99975985 0.99969745 0.9985825  0.99962676 0.99988115]
[0.9637996  0.9980635  0.9975889  0.9995419  0.999864   0.9997793
 0.9968135  0.99974006 0.98968667 0.9944852  0.9885211  0.9985775
 0.99530786 0.9997936  0.9996431  0.99815196 0.99941194 0.9998522 ]
[0.9386124  0.9983615  0.97173405 0.99957496 0.9998048  0.9997383
 0.9963181  0.9995357  0.9814601  0.99237895 0.96292555 0.99844897
 0.9928174  0.99970573 0.9994849  0.99768233 0.99947196 0.99975306]
[0.8115117  0.99794656 0.9977806  0.9995103  0.9998336  0.99975294
 0.99770844 0.99967813 0.9897411  0.9919586  0.9338989  0.99824095
 0.99736893 0.9997873  0.99904937 0.99797934 0.9995751  0.999824  ]
[0.9117662  0.9989587  0.99697876 0.99963915 0.99982893 0.9997106
 0.9974113  0.99964297 0.98626375 0.9909338  0.9644739  0.99788135
 0.9915559  0.9996886  0.9996848  0.9968521  0.99945205 0.9997646 ]
[0.9425303  0.9980356  0.9988121  0.99951994 0.9998099  0.9998381
 0.9977457  0.99957615 0.9884086  0.99448544 0.9830745  0.9983972
 0.996888   0.99969673 0.9995933  0.997727   0.99941957 0.99973184]
[0.9366302  0.9969981  0.9970862  0.9993851  0.99987626 0.9997123
 0.99726176 0.9995797  0.9919329  0.99185514 0.94032073 0.9981414
 0.99487656 0.99963677 0.9994318  0.9978776  0.99912506 0.9998574 ]
[0.91789234 0.9978957  0.9927532  0.9980477  0.9998425  0.9989397
 0.9985672  0.99974567 0.99178505 0.97472644 0.9582388  0.9978103
 0.97541964 0.99963963 0.99958044 0.99643767 0.9972493  0.9996977 ]
[0.8320413  0.9983559  0.99804354 0.9994684  0.999905   0.9997563
 0.9956982  0.9995285  0.9866455  0.99695885 0.9181538  0.997488
 0.99511576 0.99977726 0.9992755  0.99867886 0.9991978  0.999701  ]
[0.9966717  0.99701583 0.99951816 0.9998487  0.99979895 0.998061
 0.99970895 0.9846069  0.9972058  0.9551001  0.9988248  0.99687445
 0.9996896  0.99897194 0.99834144 0.99955755 0.9997367 ]
[0.94235164 0.9980823  0.9988796  0.9991392  0.9998697  0.99960977
 0.99725085 0.99938786 0.9901592  0.99701667 0.9794789  0.9975689
 0.99636877 0.9997242  0.99949014 0.9982527  0.9995302  0.99987686]
[0.9369826  0.99613106 0.9905868  0.9993635  0.99980587 0.99977726
 0.9950578  0.9996619  0.9867357  0.99036026 0.9654406  0.99833786
 0.9894817  0.9996902  0.99906963 0.9977512  0.99961555 0.99978215]
[0.94734967 0.9975412  0.9985489  0.99960834 0.9998958  0.9998142
 0.99629885 0.99980813 0.9871272  0.9917887  0.9746558  0.9982559
 0.9961702  0.99969065 0.99963284 0.9979317  0.99953187 0.9997861 ]
[0.8354385  0.9985758  0.99842775 0.9994467  0.99986684 0.9997892
 0.9980866  0.99959403 0.99348843 0.99274945 0.97478163 0.9970241
 0.9925171  0.99968123 0.9996933  0.9971302  0.9994936  0.99983275]
[0.95826095 0.9981548  0.9966176  0.9991805  0.9998286  0.9998111
 0.9980513  0.9995289  0.9890258  0.9955201  0.9768993  0.99711466
 0.9981108  0.9997571  0.9993149  0.99729306 0.9991887  0.9998288 ]
[0.9454695  0.9986261  0.996621   0.99964523 0.999882   0.9997608
 0.9974353  0.9995926  0.9920021  0.9965044  0.9666454  0.99720275
 0.9938839  0.9996457  0.99943286 0.99836856 0.9996569  0.999703  ]
[0.9058571  0.9980057  0.9989635  0.9994881  0.9998926  0.99972814
 0.9969139  0.9995875  0.99120104 0.99274147 0.97401005 0.99875224
 0.99654096 0.99974877 0.99931514 0.99661046 0.9993647  0.99979776]
[0.8487151  0.9979518  0.99815696 0.99948704 0.9998429  0.999759
 0.99754035 0.9997601  0.9877422  0.9943311  0.9618425  0.9985098
 0.993346   0.99966407 0.99925727 0.99763215 0.99955946 0.99975234]
[0.820073   0.99862456 0.9937628  0.99947375 0.9998357  0.99983275
 0.99819666 0.99958855 0.98791516 0.97674507 0.9544833  0.9975424
 0.9928383  0.9996099  0.9995722  0.99556476 0.9995863  0.9997155 ]
[0.9631093  0.99857855 0.9982886  0.999483   0.99984264 0.99971217
 0.9977551  0.9997415  0.99338007 0.995057   0.97683847 0.998754
 0.9906018  0.9996655  0.99951935 0.99848926 0.99963343 0.9998641 ]
[0.9495908  0.99804074 0.9982414  0.99951935 0.9998696  0.99984276
 0.99748045 0.9998399  0.9919504  0.99626607 0.96526575 0.9984528
 0.9958746  0.99982446 0.9997334  0.99714774 0.9997161  0.9998275 ]
[0.99881786 0.9977264  0.99957246 0.9997955  0.9997993  0.99782455
 0.99976    0.98978746 0.99185383 0.9828919  0.9984187  0.9961552
 0.999485   0.9994568  0.9970092  0.99922764 0.9998142 ]
[0.95732313 0.99835724 0.998616   0.9996908  0.9998528  0.99978167
 0.9982634  0.9997031  0.99359083 0.99456996 0.9831508  0.99733365
 0.9944577  0.9997726  0.99934274 0.99772817 0.99946326 0.9997478 ]
[0.52155703 0.99699926 0.99851495 0.99941695 0.9998369  0.99977714
 0.99576473 0.9993555  0.99254507 0.9955218  0.980558   0.99890006
 0.9964701  0.99981874 0.9993787  0.9974796  0.9994771  0.9996915 ]
[0.86862195 0.99674606 0.9957476  0.99942136 0.999803   0.99965835
 0.99786013 0.9997476  0.98520315 0.99445784 0.97247934 0.99880517
 0.9932318  0.9995516  0.998606   0.9969193  0.9995578  0.9998288 ]
[0.9552192  0.9974245  0.993739   0.99959797 0.9998696  0.9997608
 0.997929   0.99967766 0.9915291  0.99471706 0.9056662  0.997378
 0.99510795 0.9995939  0.999113   0.9986841  0.9994093  0.999671  ]
[0.92451286 0.9977945  0.9976223  0.9994772  0.9998665  0.9998272
 0.9984517  0.9997863  0.9820031  0.9926502  0.9797814  0.99835616
 0.9963356  0.9997062  0.99960166 0.9985461  0.9997236  0.99984384]
[0.9515781  0.9975108  0.9984511  0.9996326  0.99985003 0.9997218
 0.9922604  0.99963903 0.9920805  0.9942668  0.9746402  0.9977035
 0.99102134 0.9995708  0.99963236 0.9982497  0.999446   0.999767  ]
[0.5499633  0.9982634  0.99941456 0.99942577 0.9998436  0.9997751
 0.99635196 0.9997584  0.98912305 0.9948756  0.9831405  0.9987055
 0.9920185  0.9996062  0.999506   0.9957775  0.9994223  0.99972445]
