Results for dataset sim1 (5):

RMSE:                               MAE:                                Corr:                              
4.9539875287411315                  3.9618060808572104                  0.8018407323351003                 
4.953537556348119                   3.9614227088222616                  0.8017879244103886                 
4.952804299434331                   3.960574557588928                   0.8018000862871126                 
4.951361820841512                   3.960061460638969                   0.8018269012420484                 
4.951615335457374                   3.96010984508345                    0.8018341807309125                 
4.953122258978409                   3.960927866750662                   0.8018412701144465                 
4.951304205824072                   3.9600518142152317                  0.8018312382546652                 
4.951660869846826                   3.9601952314897617                  0.8018426601262097                 
4.953073837110472                   3.961113556232698                   0.801821318027311                  
4.95172800205782                    3.9603772608887033                  0.8018402396354514                 
4.951645790065207                   3.9604184773322464                  0.8018301508397229                 
4.951950860275825                   3.9605403771174577                  0.8018231727667139                 
5.032808126518169                   4.022902283463288                   0.7943318744735297                 
4.952359883991811                   3.960559133375496                   0.8018226325861323                 
4.951933070781246                   3.960248901199785                   0.8017943242352236                 
4.95200373306798                    3.9603151851352414                  0.801819600369214                  
4.95267739964162                    3.96076382485545                    0.801831347074067                  
4.9511473359369                     3.959698933477635                   0.8018270401961937                 
4.951304444861008                   3.9600684357645974                  0.8018277694658484                 
4.951438056738519                   3.9600831282916333                  0.8018355088043339                 
4.952423318566027                   3.960430827439639                   0.8018326227435636                 
4.952227772424105                   3.960653509604314                   0.8018394260444796                 
4.955473219166811                   3.962482223881372                   0.8017412534788263                 
4.950989939417019                   3.960107608905073                   0.8018406514852007                 
4.951674899061592                   3.960044110194512                   0.8018453118843559                 
4.9532614276363365                  3.961098021382102                   0.8018255121799249                 
4.955575293296499                   3.962172456132848                   0.8013865834733868                 
4.9528061668216585                  3.9608566713225692                  0.8018470002801269                 
4.952694860427565                   3.960948764002268                   0.8018178521865836                 
4.951041501618075                   3.959985968030292                   0.8018465391543022                 
4.952373040408376                   3.9606406242858756                  0.8017871136335052                 
5.008024421858718                   4.008572400415821                   0.796426868261368                  
4.95089447677015                    3.9596425246413745                  0.8018627776544545                 
4.952394756868837                   3.9607399442755544                  0.8018126283043752                 
4.9534007311595                     3.9614194682778447                  0.8017352209113728                 
4.951642621438602                   3.960117613750561                   0.801840449123946                  
4.951323661568178                   3.959861381210176                   0.8018548464238572                 
4.95172371564457                    3.960330610500247                   0.8018267630584027                 
4.9520704960161375                  3.9598728252165367                  0.801847273354411                  
4.952683114554846                   3.960934606215691                   0.8018086623882683                 
4.953674291386608                   3.961666399397079                   0.8018192747479972                 
4.953231824207907                   3.961185552798972                   0.8018180895415334                 
4.95125992486455                    3.9600643336435746                  0.8018257579686322                 
4.951651107205273                   3.9601956898600945                  0.8018118023400487                 
4.9532139003015025                  3.9610640369897925                  0.8018125134140248                 
4.95239872266922                    3.960681821264612                   0.8018459645725218                 
4.954233921721403                   3.9620711913767717                  0.801767355155006                  
4.952348201505366                   3.96059811913185                    0.8018393546671875                 
4.953722934914947                   3.9612385511558923                  0.801806785720578                  
4.951617367947007                   3.9601873575881705                  0.8018233845181982                 
4.95292282215326                    3.961242805301653                   0.8018314645127365                 
4.951499475762275                   3.960396355074324                   0.8018426629969477                 
4.95247620644923                    3.9607448533581073                  0.801834166146704                  
4.951361338082817                   3.960178324961047                   0.8018392075952891                 
4.949971975334623                   3.9599347124185593                  0.8016732477808418                 
4.952389573302384                   3.960676103026571                   0.8018243327714624                 
4.953412999598561                   3.961423257854078                   0.8018308918462669                 
4.952065487017645                   3.960311403141568                   0.8017739086376285                 
4.951581944375181                   3.9599097574452236                  0.8018347584290824                 
4.951390685693132                   3.9602095110285505                  0.8018183669739296                 
4.952249627182599                   3.9607030075051597                  0.8018402997080909                 
4.950459931480684                   3.959596905958241                   0.8018122493811851                 
4.95279917059359                    3.9605258410512922                  0.8018606800025686                 
4.951837597029414                   3.960350903638597                   0.8018187491216233                 
4.956539845215477                   3.962693843686259                   0.8013468710943201                 
4.953061857916125                   3.961028470746772                   0.8018223035184602                 
4.953395973719154                   3.9611705956320415                  0.8018126677051222                 
4.951717146769511                   3.960388631353044                   0.8018326717239399                 
4.951205975985103                   3.959989571296121                   0.8018328983449636                 
4.953621036370215                   3.9612272690535857                  0.8018091552423878                 
4.951220315416798                   3.9598196287650964                  0.8018406066968146                 
4.952464848766168                   3.9606062789921155                  0.8018333754672553                 
4.951759401125747                   3.9603047002947167                  0.8018261891019671                 
4.952540406813831                   3.960677089564637                   0.801830942312805                  
4.953557686309793                   3.960997542315501                   0.8018302136074112                 
4.952187163243234                   3.960512688898381                   0.8018486622544034                 
4.952737055101608                   3.960611955744178                   0.8017864180148361                 
4.951945735847934                   3.9603750030234783                  0.8018528686285312                 
4.954825640713056                   3.9622220315350183                  0.8017659536145477                 
4.953158864784527                   3.9608553575574215                  0.8018078275445899                 
4.951689115909613                   3.960184160717951                   0.8018245936950609                 
4.954324439583085                   3.961820631575625                   0.8018172944083309                 
4.951648107549283                   3.9603422166116893                  0.8018452947935389                 
4.95476968390429                    3.9623065694471937                  0.8017919961793506                 
4.9549854916666485                  3.9619104890930967                  0.8017839386204438                 
4.951634107959601                   3.9603008268648234                  0.8018192226972344                 
4.951700447848938                   3.960036171436213                   0.8018481626385118                 
4.952918681550324                   3.9605942034722212                  0.801843970619545                  
4.950427767462744                   3.9593221756141093                  0.801858999300092                  
4.951819064662258                   3.9604227617316763                  0.801819773722298                  
4.953589509025588                   3.9613860695582552                  0.8018063493119868                 
4.954635303433036                   3.96248892393376                    0.8015899232856297                 
4.951818892080933                   3.9602420219866312                  0.8018368198784991                 
4.952354536625897                   3.959848699267026                   0.8016715423069567                 
4.951929581695407                   3.960759972266997                   0.8018078140375018                 
4.950538458561362                   3.9593748249991854                  0.8018602957372061                 
4.9539804476489655                  3.9617335806636738                  0.8018244263387434                 
4.951477993924995                   3.9603387252385014                  0.8018262369054722                 
4.9513957084817                     3.9602213076256665                  0.8018468843540959                 
4.953181833840239                   3.961408305303944                   0.8018300810120933                 
