Mprobs for dataset 2 (AIC)

[0.99910563 0.9247599  0.99107015 0.99954    0.9985104  0.94310427
 0.9993358  0.9848689  0.9510533  0.99302787 0.8917055  0.82780385
 0.9201398  0.9950682  0.9990018  0.8748932  0.99070376 0.8907285
 0.976934   0.86650527 0.9958533  0.98997843 0.99677724 0.86803627
 0.91535074 0.99146116 0.73119783 0.5724338  0.8955228  0.9703335
 0.91510147 0.97125846 0.8650908  0.94444025 0.85751367 0.9515786
 0.9980478  0.95007926 0.99351007 0.987954  ]
[0.9991892  0.8863593  0.982501   0.9997516  0.99950063 0.9634327
 0.99915254 0.9661156  0.9797792  0.967533   0.883232   0.94017816
 0.99346244 0.9992843  0.5881029  0.849622   0.9811803  0.96989864
 0.9954203  0.9898901  0.9921766  0.9515891  0.9554187  0.9084981
 0.81903356 0.917987   0.90185726 0.707873   0.969163   0.9834831
 0.7952104  0.9792367  0.960274   0.79403496 0.99768615 0.8712438
 0.69152004 0.9940094  0.9937697 ]
[0.99588865 0.939236   0.9961345  0.9997218  0.9995999  0.9952609
 0.9987901  0.9638977  0.98195297 0.98114246 0.9646957  0.7268347
 0.9478235  0.95484614 0.99327916 0.9975237  0.7417765  0.989184
 0.98386467 0.84758663 0.99579155 0.9132214  0.9933335  0.8831604
 0.9853116  0.7564048  0.9654304  0.86256456 0.86080426 0.8793825
 0.5324773  0.93827236 0.9007629  0.85858953 0.97307456 0.9802617
 0.9551607  0.9965487  0.69084734 0.9982248  0.9624417 ]
[0.9978156  0.921044   0.9949202  0.99984765 0.9995974  0.99922514
 0.9991079  0.9790028  0.96931654 0.9742682  0.9002996  0.8756614
 0.87217176 0.9960396  0.9985538  0.9891201  0.99241346 0.9286978
 0.99470806 0.633128   0.99406874 0.97382945 0.9724008  0.86112106
 0.546655   0.72552496 0.8968683  0.91863847 0.52898663 0.7903251
 0.9793073  0.92188066 0.9537202  0.99777395 0.8948641  0.9348023
 0.99701416 0.8759309  0.9721795 ]
[0.9971444  0.93929714 0.9873634  0.99959916 0.9996841  0.9979267
 0.99781513 0.94717616 0.9935748  0.9680273  0.6983419  0.7860746
 0.9853821  0.9966983  0.67583114 0.95464504 0.9855457  0.9207736
 0.9858037  0.95793366 0.9817262  0.92170817 0.97682005 0.7795617
 0.920573   0.989659   0.81819713 0.9923678  0.90290475 0.9052008
 0.97716933 0.97998947 0.9906121  0.99013025 0.9909587  0.9590713
 0.9981908  0.9676101  0.5655421  0.95566344]
[0.99321824 0.9299444  0.9864829  0.999424   0.9991891  0.9915883
 0.9985733  0.9786599  0.9991812  0.98541576 0.97690475 0.8527549
 0.8596864  0.9979044  0.9985845  0.92774224 0.9949714  0.960861
 0.9908444  0.9941438  0.98926204 0.99382025 0.9869515  0.9867828
 0.9995906  0.83226573 0.92692906 0.95781994 0.978323   0.832828
 0.9875759  0.8770068  0.9837707  0.9862238  0.96769196 0.76863354
 0.99806684 0.9661005  0.96063316]
[0.9976285  0.9885318  0.9909621  0.9998307  0.9995852  0.99925727
 0.9992686  0.9678541  0.9566205  0.9950187  0.88939196 0.9974585
 0.9969319  0.8895424  0.82331216 0.98205066 0.94627815 0.9899503
 0.9923767  0.9811699  0.9608738  0.87035304 0.9683719  0.9267862
 0.8361677  0.92476803 0.9674518  0.97129977 0.9259055  0.92834264
 0.99408144 0.5144338  0.99569327 0.98190594 0.9775313  0.8179295 ]
[0.9765058  0.9474861  0.9835685  0.9996037  0.9994381  0.9981883
 0.99926203 0.9730593  0.9858549  0.9785432  0.8059175  0.59423244
 0.99472576 0.9964618  0.5308417  0.9450252  0.8849765  0.9399129
 0.89548844 0.9758345  0.98661995 0.9931954  0.95417386 0.94896173
 0.9789492  0.6597226  0.9319943  0.9431856  0.6298687  0.75273937
 0.8774755  0.980022   0.92901534 0.90227914 0.94163233 0.99560416
 0.9467616  0.90081084 0.99798334 0.985658   0.9834796 ]
[0.9993007  0.9887046  0.98999196 0.9999355  0.99949455 0.99828243
 0.99926776 0.9464846  0.9823798  0.9623657  0.8037305  0.95968854
 0.9946826  0.99581426 0.87694395 0.6298358  0.8877826  0.9794145
 0.9193127  0.9946473  0.986767   0.97196823 0.94730055 0.8343253
 0.92810434 0.8228271  0.8260566  0.64239794 0.9022937  0.9649966
 0.96899015 0.95761997 0.67524254 0.6303751  0.9930287  0.8158923
 0.59264725 0.9954516  0.97430646]
[0.90634555 0.89420456 0.99286216 0.9995203  0.99949145 0.99826896
 0.99919313 0.91061854 0.91821575 0.97255015 0.8885125  0.8362838
 0.99621433 0.99922705 0.6391773  0.990902   0.9724736  0.9872793
 0.89384466 0.9958681  0.98786074 0.99791354 0.85223234 0.9816015
 0.8495323  0.83717877 0.98284364 0.9678274  0.9623163  0.8950955
 0.9758773  0.933218   0.7873795  0.99703145 0.9370799  0.98529226
 0.9948678  0.9750235 ]
[0.984925   0.9254068  0.98818386 0.9997781  0.9994666  0.9978104
 0.9963082  0.9327216  0.9779112  0.9665226  0.91665    0.94774866
 0.9926186  0.9976301  0.75747484 0.8582179  0.99006164 0.94980687
 0.93918914 0.9912804  0.9884786  0.8431007  0.6349933  0.97933507
 0.67110085 0.96670324 0.96474266 0.9232075  0.9709263  0.9882637
 0.998162   0.9988801  0.8720313  0.8805621 ]
[0.99686474 0.9036373  0.98758787 0.9997949  0.99964786 0.99751055
 0.9992028  0.9552847  0.9777548  0.9718408  0.89067036 0.8795975
 0.9118971  0.9930496  0.9962572  0.5748     0.9867443  0.981743
 0.9696293  0.99007714 0.54856974 0.98354477 0.8946586  0.94126654
 0.83557266 0.7082904  0.9351766  0.8457924  0.9006269  0.98097265
 0.7479869  0.93382895 0.97341794 0.95179033 0.99495196 0.75619155
 0.9946812  0.9752483  0.83471435]
[0.8733392  0.9672235  0.98690075 0.999201   0.99945194 0.8878543
 0.99926716 0.97226113 0.97368366 0.9900032  0.6578349  0.84905547
 0.9744803  0.94554794 0.99626166 0.9957753  0.8437814  0.9855049
 0.66420007 0.97430295 0.99268943 0.5171722  0.9855745  0.9107236
 0.9641868  0.8373011  0.92839783 0.9395676  0.8489729  0.8335978
 0.9509372  0.98400253 0.96319246 0.966606   0.82318044 0.91610545
 0.9958047  0.9984787  0.9839733 ]
[0.98671687 0.87704843 0.9904467  0.99972385 0.9995845  0.9964191
 0.99874073 0.95660436 0.9643449  0.99163306 0.77561814 0.70350134
 0.9821326  0.9942683  0.99751246 0.99025655 0.9804208  0.86593086
 0.7210116  0.80025154 0.97357655 0.9902136  0.53013724 0.9921829
 0.9755642  0.98314744 0.97396547 0.8761781  0.95670724 0.9147086
 0.7973107  0.8718909  0.7514581  0.92550164 0.9543358  0.8195511
 0.8516914  0.9508924  0.9520351  0.7851748  0.99824584 0.7709434
 0.9974884  0.9844273  0.9245431 ]
[0.97173756 0.90811414 0.9888876  0.9998456  0.99974376 0.9985104
 0.9992194  0.9672637  0.9525285  0.98882294 0.64845335 0.594651
 0.89143467 0.99743253 0.9977822  0.74685645 0.56369334 0.98593915
 0.93398786 0.9907493  0.9962534  0.98279965 0.9206168  0.98624706
 0.96587825 0.9846281  0.6013013  0.59050167 0.76058936 0.8159788
 0.90672636 0.9897954  0.9679854  0.9266138  0.9165615  0.928112
 0.80724424 0.99507254 0.7507956  0.9936451  0.9869654 ]
[0.872635   0.9321729  0.99537575 0.99760795 0.9996152  0.95879096
 0.9990054  0.9686186  0.97272575 0.9862764  0.6900868  0.9665295
 0.9945679  0.99817395 0.78550255 0.9771962  0.9764579  0.9177909
 0.9954423  0.9267383  0.9946813  0.9581044  0.92670524 0.8198171
 0.9485069  0.9562948  0.7389042  0.93500787 0.9354369  0.97997975
 0.8676069  0.9881863  0.94689757 0.98005337 0.9906206  0.93891245
 0.9982381  0.9879332 ]
[0.9978661  0.9342507  0.9885845  0.99980646 0.9996271  0.99917126
 0.99920624 0.9358293  0.9831344  0.9675724  0.69893783 0.99367756
 0.99761224 0.9042929  0.8095411  0.86962426 0.89037436 0.9810977
 0.7586298  0.99003965 0.9774818  0.95898485 0.7572365  0.8855997
 0.95966136 0.9511402  0.9674407  0.9072897  0.9899003  0.9143405
 0.86002237 0.84571415 0.9984553  0.98239166 0.9750547  0.9715679
 0.84567267]
[0.9968195  0.9243079  0.9940732  0.9998462  0.999476   0.997294
 0.9992791  0.94201607 0.97189236 0.9601786  0.6314372  0.95840245
 0.5193185  0.9942364  0.9990157  0.800566   0.9837599  0.97914153
 0.9259535  0.99233234 0.97965074 0.9922161  0.96957314 0.9770926
 0.8893319  0.8503569  0.8427259  0.6794127  0.9772584  0.97906315
 0.955703   0.93439823 0.95046806 0.9105148  0.99518716 0.84406394
 0.99552166 0.98923665 0.9020641 ]
[0.9906289  0.9432817  0.9881477  0.9998423  0.9995511  0.9991658
 0.99924445 0.9703339  0.9560954  0.9882699  0.9298541  0.587275
 0.9519488  0.99605894 0.99867475 0.8077636  0.8714717  0.9491497
 0.9688766  0.875947   0.9954314  0.9933697  0.9571468  0.9710715
 0.50514233 0.8111557  0.90633714 0.8789872  0.9143443  0.9815672
 0.9881986  0.9619562  0.84505624 0.99674076 0.87627167 0.9968105
 0.99142694]
[0.9964271  0.91398877 0.98860514 0.9998888  0.99967194 0.99924636
 0.9993005  0.9894818  0.9734684  0.99335396 0.81362414 0.7408211
 0.7207054  0.99478686 0.99810827 0.7998328  0.87935853 0.92549497
 0.9911814  0.8886895  0.9918384  0.9940743  0.99654096 0.94487715
 0.9368983  0.7761711  0.8962544  0.8597813  0.8074067  0.9603525
 0.5371409  0.9258335  0.96563363 0.7928622  0.9699607  0.94824255
 0.5858897  0.9929792  0.96879435 0.99439234 0.98839605]
[0.9872693  0.89664865 0.9764649  0.99953353 0.9998342  0.9997042
 0.9990928  0.97398156 0.9251895  0.9812027  0.88475865 0.9649353
 0.9960186  0.9985337  0.7932186  0.93821293 0.76740617 0.9806256
 0.90457356 0.98130506 0.9970837  0.5000815  0.987636   0.8484504
 0.8533016  0.78288996 0.8109067  0.75389856 0.8900988  0.98913807
 0.7808279  0.9618364  0.9639912  0.9496197  0.99584466 0.99849534
 0.9737958  0.6172667 ]
[0.9989643  0.90858626 0.9846372  0.9998281  0.99920964 0.9983822
 0.99955994 0.9347981  0.95118296 0.97949284 0.8805424  0.710412
 0.6555082  0.99640405 0.99866676 0.9772429  0.9880602  0.9677656
 0.9947895  0.98505765 0.9908048  0.93799084 0.8426548  0.93292063
 0.87240857 0.8090321  0.7726921  0.84450656 0.8223227  0.9053282
 0.9660805  0.8724693  0.9793346  0.85890675 0.74824256 0.99645054
 0.9909731  0.9343484  0.98387134]
[0.9968352  0.91430455 0.98680407 0.9998956  0.9997063  0.999592
 0.99912757 0.94685405 0.9889825  0.9812826  0.76537526 0.68159527
 0.9957508  0.99882394 0.9274116  0.9060511  0.9134419  0.9848706
 0.9201283  0.92801493 0.99214983 0.9804499  0.9778415  0.98270863
 0.64469683 0.9418509  0.6586344  0.94378835 0.9426024  0.91337067
 0.9747424  0.849094   0.94742596 0.7101764  0.8657226  0.9975096
 0.7297938  0.99615604 0.8452411  0.98432595]
[0.9982717  0.9875553  0.995602   0.9994797  0.99935204 0.98367083
 0.9984189  0.92704904 0.9648045  0.9984951  0.6473988  0.7225842
 0.688367   0.9045051  0.87698567 0.9964922  0.99435437 0.9939482
 0.95639527 0.98118734 0.9933469  0.851096   0.9561805  0.54832685
 0.87557507 0.9859409  0.9325227  0.9480432  0.9565698  0.9844185
 0.91570175 0.63148206 0.9388205  0.9795838  0.9953773  0.9973917
 0.8313064  0.9218026  0.8886487 ]
[0.9982315  0.90476507 0.99343514 0.99874806 0.9994216  0.9974667
 0.999424   0.92833513 0.9667723  0.96968365 0.90376234 0.87699544
 0.95351106 0.9910397  0.9992706  0.9883709  0.99045897 0.91408855
 0.9399366  0.98622465 0.94846493 0.95680565 0.7024951  0.95760685
 0.96921754 0.75211763 0.7718087  0.9263132  0.9754063  0.8929294
 0.9682947  0.9788846  0.94084704 0.9973169  0.81381726 0.99370724
 0.6287503  0.9351343  0.8491873 ]
[0.9958651  0.9473947  0.9909865  0.9995788  0.99972254 0.93711245
 0.9978982  0.97020984 0.9557367  0.9886891  0.9001908  0.93345237
 0.99604    0.99699783 0.8738496  0.98746127 0.9603913  0.9641876
 0.9911823  0.98906004 0.9781829  0.96342444 0.89374375 0.928161
 0.8647876  0.85253936 0.65739924 0.91070515 0.95711505 0.9456382
 0.79359585 0.9529796  0.9245557  0.9793825  0.99529463 0.99714226
 0.9853592  0.767618  ]
[0.9996526  0.9608822  0.98858345 0.9998318  0.99934393 0.9313183
 0.9990816  0.9169066  0.9609459  0.9705673  0.94721437 0.94026154
 0.99217296 0.99924755 0.87042284 0.8450111  0.82853657 0.8241595
 0.98358166 0.9764532  0.99523926 0.9742822  0.97207075 0.9754554
 0.9332663  0.7243529  0.9203745  0.9708464  0.97774714 0.8088306
 0.89532024 0.99007154 0.998021   0.8586984  0.9973042  0.98412466
 0.6730484 ]
[0.98894125 0.89361614 0.9911205  0.99962354 0.99929917 0.96991134
 0.99943084 0.95114464 0.972659   0.9757607  0.57501125 0.8452255
 0.8982968  0.9954086  0.995544   0.7442793  0.9880619  0.98480135
 0.9857334  0.9920604  0.986262   0.9930569  0.9504635  0.935701
 0.965471   0.8428844  0.91286623 0.7557138  0.7577547  0.9396874
 0.5435466  0.89211315 0.9970202  0.75569326 0.987129   0.98568755
 0.97441614 0.72594285]
[0.9971591  0.9249118  0.9927683  0.9998307  0.9993154  0.998743
 0.99901474 0.9584492  0.9917024  0.9748411  0.8863258  0.6725509
 0.7829782  0.9944753  0.9967193  0.88861203 0.9715206  0.9799024
 0.9791422  0.99609035 0.9915558  0.98283213 0.9645952  0.7642954
 0.8279042  0.9950795  0.6075056  0.93009305 0.8927002  0.6392511
 0.6665911  0.9322853  0.9786993  0.92409384 0.8957359  0.9504098
 0.9931925  0.5888648  0.997127   0.9883668  0.9615082 ]
[0.99913967 0.8963253  0.9851667  0.9997075  0.99910575 0.9978115
 0.9994319  0.9663032  0.94111353 0.9642518  0.7941719  0.60854906
 0.99782217 0.9994698  0.9792779  0.8622302  0.9957105  0.99150664
 0.99149936 0.89792985 0.99152863 0.60338795 0.90876025 0.9467944
 0.9309631  0.9693365  0.9509811  0.9949214  0.90046763 0.91616607
 0.9985586  0.7289595  0.9884228  0.9804632  0.991836   0.9910336
 0.8497191 ]
[0.9993967  0.92835313 0.9211829  0.9991698  0.9985347  0.93359524
 0.9989666  0.9543633  0.9240662  0.96476704 0.9148011  0.9192991
 0.7748096  0.81456625 0.99651355 0.9980749  0.6622157  0.93328464
 0.98453796 0.96718216 0.9950081  0.9892908  0.99311465 0.98551196
 0.9560142  0.9969506  0.87618726 0.9074838  0.53805465 0.9059657
 0.87469584 0.91563934 0.9651952  0.8132045  0.9863501  0.9962148
 0.99837697 0.96228284 0.99859947]
[0.9996557  0.9392533  0.9753132  0.99950576 0.9992654  0.9950647
 0.99924904 0.95806485 0.9834873  0.9533191  0.888013   0.93633723
 0.6645244  0.99317706 0.9984876  0.8524016  0.6918655  0.9896131
 0.9515536  0.9893869  0.991577   0.9832714  0.96405077 0.924614
 0.9269679  0.6544445  0.8505137  0.9381008  0.9750396  0.99020886
 0.81859666 0.7492143  0.9545266  0.89962626 0.9962584  0.7616825
 0.9970963  0.9746259 ]
[0.95130444 0.93310934 0.9894503  0.99987435 0.99907506 0.99892265
 0.9993537  0.9802171  0.95219785 0.99124956 0.7529684  0.62533
 0.95702386 0.5062818  0.99509513 0.99798834 0.97402716 0.9920225
 0.91768396 0.9161998  0.92594886 0.86738896 0.9924716  0.9839827
 0.95707095 0.9047139  0.97894317 0.88155663 0.8361598  0.9600174
 0.7219328  0.93248665 0.9649423  0.9376915  0.9730535  0.9273966
 0.9716591  0.9125579  0.94070786 0.9966292  0.991833   0.9789651
 0.96495396 0.8886853 ]
[0.99755496 0.92347866 0.99268734 0.9996706  0.99915564 0.9984054
 0.9986237  0.980227   0.99388134 0.9710523  0.9610889  0.82450527
 0.65410537 0.9974324  0.9985177  0.8478668  0.98623824 0.9896584
 0.72711444 0.9697688  0.9935129  0.9736553  0.9818184  0.9971848
 0.9556212  0.686598   0.75951385 0.7881376  0.9943457  0.91893977
 0.96184224 0.9734551  0.9522087  0.981316   0.99125844 0.91245365
 0.9979234  0.7529586  0.9970072  0.9432553  0.9317525 ]
[0.9931525  0.9379399  0.98878855 0.9995091  0.99960726 0.9092533
 0.99939215 0.92631197 0.9575115  0.9679146  0.80945015 0.8418934
 0.93711066 0.9907419  0.998552   0.5748353  0.9708698  0.8627473
 0.98311687 0.9912425  0.99016714 0.94503546 0.6889357  0.9396773
 0.9616606  0.8898719  0.8807335  0.9683064  0.92626965 0.8236376
 0.95726585 0.9601543  0.904386   0.81041896 0.99183464 0.83602583
 0.99255824 0.98377913 0.7055232 ]
[0.98851776 0.96726424 0.98942834 0.9996068  0.99902916 0.99865425
 0.9990287  0.9700285  0.98001057 0.96896017 0.9218519  0.7875371
 0.6187626  0.995972   0.9985476  0.9449027  0.9684193  0.989312
 0.97663033 0.9950708  0.9970504  0.82831323 0.96054    0.8950388
 0.81109893 0.7450395  0.6878804  0.96039724 0.9437901  0.8263597
 0.98583996 0.9591619  0.9839796  0.995082   0.5103359  0.99715793
 0.94201195 0.7786722 ]
[0.9966724  0.874758   0.988668   0.99952686 0.99955755 0.9945986
 0.99939954 0.93543303 0.98561364 0.9594133  0.93422884 0.7994105
 0.78347135 0.9554664  0.9897211  0.9990816  0.9745043  0.98710966
 0.91335034 0.98268247 0.98804224 0.92436993 0.9524822  0.8172163
 0.9249086  0.87658316 0.94578606 0.9602119  0.86721987 0.9793946
 0.98488647 0.91167164 0.99666494 0.6855878  0.99226564 0.96621156]
[0.93109083 0.925017   0.9835528  0.99952424 0.99873465 0.99442166
 0.9986425  0.9166619  0.99520457 0.98302263 0.8484822  0.94114405
 0.9964553  0.99943274 0.72944856 0.96091926 0.9651011  0.94572073
 0.9922116  0.9031245  0.9796052  0.89503396 0.9924843  0.7306642
 0.7675371  0.92279625 0.7952239  0.99209917 0.8855916  0.9948716
 0.95296526 0.9114075  0.95171237 0.9297296  0.79410654 0.9174703
 0.94271904 0.9770797  0.9978371  0.98816687 0.9948938  0.96821064
 0.90861756]
[0.99472106 0.8825684  0.9859584  0.99996996 0.9994686  0.8813219
 0.9989536  0.9619932  0.9749706  0.97936696 0.9533786  0.9634769
 0.89915663 0.9955018  0.9988927  0.6100358  0.94480604 0.9739163
 0.8424546  0.995752   0.9918908  0.9827215  0.9694322  0.8420427
 0.9323625  0.8874976  0.8247571  0.9649437  0.9684747  0.9327603
 0.95126706 0.92275786 0.9928785  0.9969585  0.9980585  0.9924867
 0.79838896]
[0.9995677  0.97307724 0.99355894 0.99959105 0.999019   0.90648454
 0.99904686 0.96198994 0.94644076 0.97326887 0.92141134 0.61205393
 0.99745494 0.99893385 0.9179659  0.8571343  0.92140174 0.97746366
 0.99089164 0.99552816 0.99668306 0.98765546 0.9793818  0.5628761
 0.93363744 0.7986566  0.80882406 0.9697477  0.9973291  0.93389386
 0.95968854 0.9088215  0.7421405  0.7017581  0.96778226 0.9988753
 0.9535419  0.6299537  0.99679166 0.62160796 0.9874172 ]
[0.99928445 0.9457331  0.99258995 0.99972266 0.9992835  0.9995555
 0.9980958  0.9527066  0.96274644 0.9894265  0.6235942  0.9138173
 0.99562836 0.9985625  0.96764576 0.526795   0.97445744 0.8177417
 0.8033144  0.9650048  0.98562825 0.9916815  0.6374305  0.98798186
 0.75162363 0.93464696 0.9042589  0.94470775 0.85175854 0.7696698
 0.88541025 0.97785974 0.9698145  0.99816656 0.9294116  0.99676347
 0.96359277 0.99086046 0.97932976 0.8024428 ]
[0.9973706  0.92044055 0.9958462  0.999668   0.998638   0.88808966
 0.9993765  0.9369315  0.9661025  0.9785315  0.9802311  0.92641807
 0.9789767  0.9963898  0.9977139  0.95881814 0.5338353  0.9845249
 0.97984856 0.9650491  0.88483655 0.9927978  0.9771324  0.8783927
 0.87397814 0.6609322  0.91354465 0.9701333  0.96786994 0.9796198
 0.9035342  0.9033367  0.9968862  0.8412835  0.9924859  0.9760702
 0.82379144]
[0.99138135 0.9178875  0.9874507  0.9995913  0.9985403  0.93099713
 0.9992768  0.9231215  0.98638284 0.99186677 0.8237981  0.6858653
 0.9828173  0.9344908  0.9891851  0.99910057 0.9419061  0.92699486
 0.9467987  0.981024   0.99554706 0.7796806  0.98310375 0.9821293
 0.9875123  0.67409307 0.9853945  0.7956697  0.8278548  0.61984485
 0.9018409  0.97483134 0.80384654 0.9611146  0.9338482  0.9977671
 0.8431314  0.9941591  0.989223   0.98018515 0.7716528  0.7202176 ]
[0.99789774 0.9369416  0.98260534 0.9998827  0.9994474  0.9936941
 0.9993394  0.96770793 0.9918726  0.98660266 0.9835465  0.69186234
 0.6660593  0.9971322  0.99828523 0.98490095 0.7337027  0.9574981
 0.9375399  0.9874121  0.97001046 0.9971194  0.9685075  0.9648406
 0.9977882  0.9548706  0.7816322  0.7507145  0.9817717  0.89982754
 0.9416762  0.77632517 0.9968887  0.9837932  0.9963988  0.91927725
 0.96362776]
[0.997265   0.90279967 0.96954143 0.9998338  0.99947673 0.99945
 0.99949193 0.923947   0.9128746  0.98829925 0.8355263  0.6591021
 0.96980613 0.9923524  0.997426   0.9986407  0.8636635  0.980339
 0.9189582  0.983297   0.95709527 0.9803278  0.9807395  0.968778
 0.86633444 0.99909794 0.87256163 0.9762622  0.94900143 0.93253577
 0.5519907  0.7613648  0.9624023  0.8646823  0.9935913  0.83618015
 0.97491974 0.7132311  0.99845374]
[0.9983469  0.9316299  0.995704   0.99980825 0.9996878  0.99935395
 0.99880314 0.99038786 0.964639   0.9802919  0.9789683  0.75119185
 0.8059857  0.8396174  0.99688786 0.998092   0.89177895 0.9145496
 0.7006136  0.87194735 0.97804195 0.9747123  0.99576086 0.9748796
 0.98106915 0.9418584  0.8433706  0.9605141  0.88584    0.7660818
 0.9833402  0.92949575 0.9199779  0.8465515  0.94788504 0.8962197
 0.8116005  0.9968051  0.9019799  0.99794024 0.75719887 0.9578206 ]
[0.9966679  0.9166266  0.98726463 0.99971    0.99867296 0.99782807
 0.9994079  0.98478925 0.95260704 0.99217707 0.96623015 0.8441997
 0.8885975  0.98268455 0.997962   0.76615864 0.9037006  0.9747966
 0.8811453  0.9146421  0.9885266  0.97982204 0.8482353  0.9582706
 0.98864836 0.88817966 0.8882009  0.8816118  0.9154186  0.91383386
 0.9828703  0.8965581  0.797439   0.9748113  0.9132557  0.99827814
 0.84495145 0.9933296  0.91041535 0.58728534]
[0.9973002  0.92986304 0.9888005  0.99977416 0.9997116  0.8801896
 0.9990183  0.96726    0.97201806 0.96730083 0.6337014  0.93354535
 0.92417437 0.86909777 0.991927   0.99866104 0.8161907  0.8835031
 0.9903915  0.92649287 0.9916917  0.9901419  0.99348325 0.9901772
 0.98251235 0.78481823 0.9697402  0.92080146 0.83242375 0.9755898
 0.9680408  0.8149329  0.9798979  0.9494345  0.8748229  0.99789715
 0.9977296  0.97825545 0.9081376 ]
[0.9944648  0.8990598  0.9860058  0.9997676  0.9993418  0.9995353
 0.99812895 0.96722233 0.9594764  0.9840581  0.96920055 0.5650659
 0.9281917  0.9844135  0.99612033 0.99885833 0.9398711  0.96196127
 0.9894545  0.8972401  0.94617414 0.9935415  0.8660526  0.9873562
 0.88312006 0.9737083  0.84988284 0.64698887 0.7488249  0.9315465
 0.9809747  0.92520213 0.94627917 0.9836676  0.9814089  0.99750215
 0.85121924 0.998041   0.9536873  0.9117334 ]
[0.99300146 0.90293324 0.9489142  0.9996917  0.9992073  0.88060147
 0.9985165  0.94302946 0.8742146  0.958974   0.78917354 0.9264699
 0.7753256  0.99591583 0.9981034  0.6504438  0.84343594 0.9943498
 0.98201907 0.9945024  0.9521795  0.99448836 0.95724624 0.97512406
 0.99184483 0.9268462  0.7583377  0.8264811  0.9595178  0.92351174
 0.7315272  0.991134   0.96969855 0.9747558  0.9969721  0.99776447
 0.9855598  0.9974269 ]
[0.9157804  0.8960059  0.9917606  0.99943215 0.99956316 0.9995492
 0.9992305  0.95581967 0.9795529  0.98056376 0.6752234  0.87425846
 0.9602074  0.9966294  0.99874747 0.939374   0.9016767  0.98098993
 0.93633306 0.9383143  0.9930026  0.8188071  0.9775749  0.864472
 0.92941153 0.6870742  0.7794284  0.94089895 0.92632025 0.96927994
 0.8710503  0.9719549  0.95553124 0.94974095 0.99398214 0.99623245
 0.9782582  0.6513895 ]
[0.8632646  0.9097738  0.9943427  0.9995523  0.99957067 0.9411069
 0.9979419  0.9408324  0.9448973  0.98708284 0.9553306  0.57027364
 0.85374814 0.9894113  0.9972784  0.9990657  0.9846747  0.96458745
 0.94119126 0.983318   0.90024567 0.992708   0.99338937 0.96253866
 0.97424    0.8659439  0.87107605 0.90872    0.9004599  0.89005876
 0.92885596 0.9679804  0.91330683 0.97523427 0.9784517  0.9259068
 0.99474686 0.99792117 0.87638664 0.99763405 0.98986584 0.9582819
 0.8351465 ]
[0.99888045 0.9067779  0.9942772  0.99973875 0.9993801  0.99604684
 0.99865294 0.933211   0.9579873  0.95426285 0.9564284  0.9974784
 0.99895847 0.9357105  0.6492894  0.9715868  0.9905743  0.9940924
 0.9952856  0.8855921  0.9241933  0.8189032  0.7702531  0.8501862
 0.94970053 0.96805656 0.8856964  0.9001191  0.9369819  0.95229936
 0.9832207  0.9978587  0.6740498  0.99639904 0.85319847 0.9721572
 0.7699276 ]
[0.99847263 0.91387373 0.99224585 0.9998259  0.99855274 0.9995628
 0.9992481  0.9972602  0.99278283 0.9990466  0.8073819  0.84992933
 0.51003367 0.52942014 0.99499077 0.998086   0.70052737 0.9923591
 0.9802901  0.927267   0.9965911  0.993871   0.9369748  0.9502974
 0.7890958  0.8462247  0.91478336 0.7248426  0.9432798  0.93931013
 0.8707763  0.99913836 0.9673274  0.9385839  0.84697825 0.99453664
 0.8497774  0.9973162  0.98216164]
[0.9942238  0.9080696  0.98740375 0.99987924 0.9996031  0.9986613
 0.99902225 0.99265665 0.95683795 0.99879706 0.73752004 0.93945205
 0.9971096  0.99758685 0.7416485  0.92770314 0.99189985 0.9715316
 0.9956987  0.9947472  0.94580686 0.95357764 0.8703385  0.8696821
 0.9787628  0.77641106 0.9527112  0.9224439  0.856296   0.9828074
 0.9835196  0.94756776 0.9501097  0.9939978  0.9171498  0.9982455
 0.9715774  0.98909914]
[0.9972108  0.9234867  0.95934427 0.9994955  0.9992488  0.9237347
 0.9990722  0.95580226 0.92621565 0.9730157  0.9254166  0.87790465
 0.88436335 0.65925163 0.9948421  0.99873275 0.7149762  0.95804584
 0.65879554 0.97066146 0.9401245  0.99673885 0.989702   0.97609836
 0.98357576 0.98812103 0.64587957 0.8919286  0.8944472  0.8342079
 0.9695602  0.9436616  0.8621151  0.98801816 0.90496016 0.92834574
 0.9962663  0.99575245 0.9827315  0.99681795]
[0.99423283 0.9419106  0.9927084  0.9994382  0.9995022  0.9939805
 0.9991259  0.96900505 0.9151732  0.987061   0.6842021  0.8341752
 0.929275   0.9968929  0.99903786 0.9885339  0.9876758  0.89016986
 0.99764794 0.97470754 0.9956591  0.92999756 0.97985864 0.62369984
 0.85113174 0.75134367 0.8537     0.73397195 0.66655725 0.9499776
 0.9027984  0.9699916  0.8588594  0.99090403 0.9221018  0.971392
 0.99705863 0.9870756  0.9966754  0.98472875]
[0.9958462  0.97414476 0.99534225 0.999816   0.9996592  0.99718237
 0.9992943  0.95171475 0.9429452  0.9753891  0.9250738  0.9435618
 0.9586154  0.99474525 0.99915886 0.9770662  0.94782996 0.8203765
 0.9960951  0.67951477 0.98939055 0.98068327 0.9618429  0.9548662
 0.6514798  0.60756135 0.96394944 0.96793914 0.84455675 0.94254375
 0.9816752  0.9759403  0.9508544  0.99756265 0.93252593 0.9947265
 0.9904005 ]
[0.99865675 0.9121921  0.9927354  0.9994615  0.99940264 0.9680178
 0.9993919  0.96176195 0.9727591  0.98619616 0.96773046 0.9234367
 0.99715096 0.99665785 0.80860007 0.9644924  0.9367599  0.9964694
 0.99443287 0.91246617 0.9513982  0.8800254  0.9856163  0.95733196
 0.7798376  0.92058396 0.93369013 0.9333729  0.92106885 0.7480531
 0.9074095  0.95721227 0.91891986 0.9965581  0.90257096 0.99221605
 0.9179366  0.9913488  0.7501465 ]
[0.99872917 0.94503653 0.99548715 0.9997719  0.9994246  0.99485695
 0.99927944 0.9730684  0.9949732  0.9906883  0.92662525 0.7668839
 0.89706343 0.99637634 0.99234265 0.84043485 0.65503985 0.9898801
 0.99400455 0.9715129  0.9768007  0.9326682  0.98906964 0.8916676
 0.89727867 0.8599311  0.927715   0.60718435 0.719419   0.89860386
 0.9203194  0.9958228  0.8934954  0.83408225 0.8392568  0.993204
 0.9690598  0.66976905 0.9953681  0.9042689  0.9465532  0.9600207 ]
[0.8786631  0.92969775 0.9852128  0.9997708  0.9992986  0.99892706
 0.99841213 0.93249005 0.9920305  0.96279585 0.6495589  0.90612704
 0.890062   0.9982028  0.9968893  0.9522465  0.92440414 0.9803965
 0.9890953  0.9365893  0.98621714 0.9929878  0.9969894  0.96248627
 0.98471385 0.5950126  0.98735726 0.5916675  0.9343057  0.9451299
 0.9703544  0.9155707  0.96994466 0.8948444  0.95294815 0.99762017
 0.9424249  0.91452    0.996222   0.9649101  0.9670389 ]
[0.9988187  0.928374   0.98830086 0.99993837 0.9995602  0.99712366
 0.9989347  0.9650984  0.9211192  0.99014753 0.7996885  0.97394603
 0.992581   0.99761766 0.81047565 0.72233343 0.8959219  0.94215703
 0.9280627  0.99609214 0.977647   0.99101734 0.9775259  0.758354
 0.939209   0.94419205 0.97110915 0.87699103 0.9345163  0.8801577
 0.9780254  0.96131384 0.98880965 0.7590506  0.9430005  0.8314949
 0.9944206  0.8032754  0.9956702  0.9852073 ]
[0.99662197 0.8980169  0.9950812  0.99966204 0.99970454 0.999835
 0.99705124 0.91682994 0.97815585 0.95215786 0.9552966  0.84015983
 0.8302865  0.9928536  0.9980813  0.80403155 0.98759615 0.55415225
 0.970074   0.6149039  0.5375311  0.9853017  0.93019754 0.98500746
 0.82423484 0.75569004 0.830096   0.96319604 0.9661464  0.96709853
 0.9854671  0.9603482  0.99293065 0.99543566 0.92212164 0.99872476
 0.8344493  0.7943761 ]
[0.9987903  0.94123024 0.9771221  0.99982256 0.99969125 0.99914026
 0.9988661  0.968133   0.95603144 0.98400867 0.85407066 0.97642004
 0.9937558  0.998782   0.8504757  0.8860267  0.9809021  0.89338946
 0.9874736  0.99069375 0.95196027 0.95609146 0.9661034  0.7858737
 0.6819506  0.9292434  0.9776768  0.9458451  0.9751942  0.95072424
 0.94362646 0.9955959  0.9747635  0.9959447  0.5989966  0.9817539 ]
[0.99860674 0.907463   0.9886447  0.99967265 0.9984456  0.91211194
 0.9991831  0.98644    0.9631383  0.99514645 0.9713036  0.93882746
 0.8206166  0.9734588  0.9994393  0.9756757  0.9931304  0.96529806
 0.8993406  0.9748541  0.9718696  0.9458489  0.75997806 0.55811375
 0.7430821  0.96359223 0.550323   0.93918324 0.91194665 0.9469431
 0.9895627  0.9716399  0.9982253  0.927968   0.98997223 0.98167324
 0.9744436  0.58646715]
[0.995323   0.8855206  0.98609376 0.99987936 0.99960274 0.99926645
 0.99933785 0.92532015 0.9734105  0.9614326  0.9327868  0.93030554
 0.6015897  0.98771065 0.99887127 0.97757757 0.98094535 0.97616166
 0.9192749  0.9849823  0.8982168  0.9190965  0.6934665  0.7446554
 0.81453615 0.940434   0.9737579  0.8891535  0.698261   0.95696175
 0.9715891  0.952854   0.9976005  0.95340234 0.99166447 0.65798104
 0.98911   ]
[0.996545   0.89581686 0.9897489  0.99973696 0.9994641  0.9974757
 0.99937636 0.93166137 0.9414673  0.98899764 0.6019186  0.8813202
 0.86224216 0.996451   0.99856573 0.7587121  0.93335104 0.99389535
 0.987283   0.9220973  0.9875438  0.9883839  0.85159403 0.91667706
 0.7320768  0.6905074  0.5809564  0.96197516 0.95164144 0.92358106
 0.8964528  0.95023286 0.8560826  0.81721556 0.9919403  0.97536135
 0.9919872  0.84436214]
[0.99347275 0.9390086  0.9950316  0.99976414 0.9996846  0.9996051
 0.9992429  0.9314133  0.94487196 0.9750607  0.93591523 0.91932905
 0.68086076 0.99749595 0.99907255 0.9574961  0.84781843 0.9901058
 0.9596169  0.98177737 0.99148226 0.9286442  0.97827065 0.76506543
 0.9772603  0.9860898  0.9018769  0.80888146 0.6954038  0.8929623
 0.97372675 0.6636492  0.9721157  0.67198455 0.9477029  0.9962321
 0.8012582  0.99735534 0.9714821  0.96533984 0.9621879 ]
[0.9971879  0.9007542  0.99295336 0.9996977  0.9993718  0.9995977
 0.9989221  0.95405394 0.9870302  0.9841712  0.9401002  0.97380584
 0.9970022  0.99911875 0.994334   0.9140301  0.90347594 0.9946733
 0.9237379  0.9864891  0.99200284 0.7508303  0.72195    0.81355643
 0.8732803  0.9379375  0.9680323  0.82705843 0.9434243  0.85797703
 0.9556744  0.9408635  0.9908833  0.9979438  0.73198706 0.99780065
 0.984121   0.7249233 ]
[0.99370354 0.90964955 0.99577075 0.9990637  0.9995239  0.9908761
 0.99830556 0.94348425 0.9773398  0.9565861  0.89576864 0.9007403
 0.9971192  0.99732697 0.7236687  0.9385354  0.97850305 0.772055
 0.9956927  0.9936115  0.9691917  0.96216196 0.8976956  0.81875414
 0.89113617 0.946909   0.50438297 0.9642147  0.86049694 0.96639997
 0.8351739  0.9883079  0.99368393 0.86600727 0.9942     0.9227202
 0.9806451  0.8678526 ]
[0.9973788  0.9428539  0.9776673  0.99967384 0.9993086  0.9984091
 0.99885404 0.9022861  0.9767362  0.9504448  0.95697373 0.9391768
 0.8762073  0.9968503  0.998657   0.78006804 0.9878709  0.9468845
 0.9900845  0.9956541  0.9706344  0.9557904  0.97710675 0.85347825
 0.93514293 0.9891349  0.86043906 0.9823642  0.93238646 0.9918556
 0.9967879  0.88402164 0.99820316 0.9861466 ]
[0.9983896  0.9088061  0.9904033  0.9997036  0.9992011  0.93566674
 0.99940515 0.93124384 0.9881911  0.96874624 0.7127622  0.7622648
 0.773857   0.9933581  0.99851924 0.66425097 0.9853334  0.97759515
 0.97120607 0.9922571  0.98296183 0.97393656 0.96194726 0.9911288
 0.58778167 0.85215235 0.54947996 0.61803806 0.99339455 0.95123625
 0.9701802  0.8736255  0.9236104  0.97762376 0.9473168  0.9948488
 0.9514257  0.93228084 0.99346936 0.9947277 ]
[0.99757284 0.94200295 0.9908833  0.9996031  0.99949396 0.93639326
 0.9981427  0.9416594  0.9627399  0.96448267 0.88453203 0.81355506
 0.97373223 0.99541557 0.9963954  0.50652045 0.91318613 0.9939693
 0.91225964 0.9977671  0.98927057 0.9674127  0.9693559  0.8569155
 0.96477556 0.96314836 0.9657835  0.7320488  0.8775573  0.9246657
 0.89367044 0.9269086  0.9746342  0.9697538  0.99548703 0.92059815
 0.9977163  0.9713046  0.88386434]
[0.8658915  0.9061804  0.988293   0.99940944 0.9992519  0.8922522
 0.9992865  0.98623055 0.9849449  0.9818879  0.95591223 0.8352623
 0.7558083  0.9968694  0.9930669  0.9409966  0.8522242  0.92729867
 0.9241112  0.9953869  0.93161625 0.992459   0.9848215  0.8415005
 0.9727243  0.8333321  0.95946324 0.94514126 0.9683177  0.9801485
 0.99212426 0.61184317 0.97826296 0.9433221  0.88420206 0.9945023
 0.5998171  0.9911185  0.9851103 ]
[0.9796948  0.9793062  0.99073035 0.99932265 0.99924684 0.9916722
 0.9993438  0.9759695  0.9926454  0.9917317  0.85776585 0.86877644
 0.81874615 0.92527807 0.9967804  0.998831   0.71120614 0.9866829
 0.9727779  0.9105941  0.9952918  0.9932488  0.99523515 0.92150646
 0.96960473 0.99713147 0.8812439  0.8100721  0.74827    0.95801944
 0.94761574 0.79695785 0.98799217 0.85667145 0.851693   0.99555427
 0.96428066 0.6149555  0.9968941  0.7786693  0.9879367 ]
[0.9857379  0.93985426 0.98836833 0.99927205 0.9993032  0.8999553
 0.9991703  0.95768327 0.98301214 0.96630806 0.56321126 0.92333376
 0.54312307 0.99427176 0.995811   0.85714877 0.5404126  0.98538405
 0.96247977 0.9827305  0.9916597  0.9859736  0.96696967 0.9481908
 0.8335248  0.9371426  0.85122925 0.948234   0.94280887 0.97879225
 0.9529884  0.9272018  0.784551   0.9973308  0.82548815 0.9955722
 0.97424173 0.97298753]
[0.99134094 0.9272762  0.99290293 0.99970216 0.9994955  0.99852777
 0.9992268  0.9478719  0.94932383 0.9896696  0.82549065 0.9284362
 0.5800658  0.7690616  0.99558985 0.9983132  0.76092786 0.98334897
 0.6833801  0.9821364  0.8642827  0.9957753  0.98739326 0.9791996
 0.95245486 0.72782165 0.8494992  0.9295876  0.8858499  0.91349995
 0.88175476 0.9404577  0.8442199  0.9535632  0.99729294 0.9373846
 0.8047909  0.99751943 0.936887   0.8408319  0.9689307 ]
[0.9991358  0.9071076  0.9935842  0.9989151  0.9980988  0.96804404
 0.9991924  0.9366278  0.97839695 0.95718884 0.7921378  0.9210708
 0.9693745  0.99630105 0.99829715 0.79827535 0.95443255 0.80635923
 0.88571626 0.98611313 0.69753826 0.9926053  0.94137377 0.98089993
 0.9953395  0.9350937  0.90310156 0.71785    0.8879048  0.76535463
 0.525034   0.7785483  0.9382485  0.75362647 0.8092053  0.88422394
 0.959015   0.9975799  0.83768123 0.9980083  0.5522962  0.98204064]
[0.9956535  0.9490877  0.9903888  0.9997358  0.9992099  0.95095026
 0.99894065 0.97520137 0.96530384 0.97997504 0.9860721  0.805109
 0.503036   0.62226474 0.98867536 0.99931157 0.9428106  0.9626776
 0.8598047  0.9755381  0.9434391  0.8418797  0.9883499  0.958471
 0.90593857 0.8583223  0.74968165 0.96368545 0.98089314 0.8841546
 0.9622518  0.9788285  0.9880728  0.9976527  0.78368723 0.9967127
 0.98936486 0.9838785  0.76057863]
[0.99676454 0.91171145 0.98852855 0.99997437 0.9997485  0.9101274
 0.9990305  0.9143474  0.9857657  0.9589565  0.93558234 0.8722716
 0.87575114 0.99008346 0.998387   0.5598704  0.948249   0.9837727
 0.9157692  0.99523157 0.9836262  0.9715226  0.96341956 0.9253437
 0.76462764 0.8125998  0.80201495 0.8428879  0.5859062  0.9164163
 0.979185   0.9289967  0.984132   0.90966445 0.9126819  0.99647933
 0.9377825  0.59539276 0.9968798  0.6023931  0.9826444 ]
[0.97168285 0.93894714 0.9931151  0.9994442  0.9993581  0.90371627
 0.9993591  0.97740513 0.9883736  0.99172944 0.87097025 0.9274589
 0.9953968  0.99887854 0.9868435  0.97342324 0.869455   0.9927543
 0.99542147 0.94261587 0.88781846 0.99575955 0.752381   0.975181
 0.91123116 0.5691435  0.93813753 0.97188324 0.6959555  0.9683092
 0.9636075  0.98543185 0.9382813  0.94903535 0.9960873  0.8335239
 0.99765176 0.98909354]
[0.96426713 0.8849146  0.9935562  0.9985952  0.9995347  0.88243294
 0.9992507  0.93083626 0.98438543 0.97457224 0.6700271  0.8901014
 0.909306   0.9910687  0.99920136 0.760459   0.831234   0.9867567
 0.9012384  0.98134524 0.78173846 0.99187756 0.974046   0.98485905
 0.97778416 0.8470753  0.6454975  0.7677924  0.9631437  0.97441405
 0.93995196 0.83915025 0.9665858  0.9667574  0.98930883 0.99683726
 0.7937338  0.9985221  0.96628886]
[0.9907141  0.9897294  0.97296214 0.9994025  0.99968684 0.9957425
 0.99809164 0.90403533 0.90881854 0.9795132  0.52453136 0.8637595
 0.6843802  0.85582393 0.9940258  0.9982229  0.97085685 0.89701474
 0.9579782  0.9831187  0.908764   0.99559444 0.9793061  0.9601944
 0.98206353 0.84457105 0.9796195  0.96849567 0.8101692  0.9808872
 0.8689366  0.94525546 0.9324055  0.8995491  0.9819264  0.96770465
 0.9968291  0.77468526 0.99625105 0.80805564 0.97484416 0.99717003]
[0.99870646 0.98606825 0.99564856 0.9997656  0.99892443 0.9995184
 0.9987081  0.94954604 0.9785186  0.9818303  0.6649597  0.93039995
 0.71782786 0.99656975 0.9983524  0.5459671  0.99120986 0.98384374
 0.9243178  0.99481285 0.9912738  0.99344313 0.95409465 0.9757952
 0.75187093 0.8878707  0.54883856 0.8410961  0.7766976  0.7494163
 0.70941305 0.9529256  0.96521384 0.9851267  0.9980866  0.9153706
 0.7809771  0.9978064  0.96117336 0.9897754  0.57835144]
[0.998312   0.9900395  0.9856551  0.999752   0.9993686  0.9987564
 0.99888307 0.9543128  0.9857523  0.98280483 0.8865854  0.9001177
 0.84733516 0.9044232  0.9924176  0.99866796 0.8410221  0.9839993
 0.945742   0.9002387  0.99447376 0.9094741  0.99354726 0.9462011
 0.9894337  0.81512547 0.96156526 0.9810542  0.82485056 0.97354186
 0.9830634  0.9710943  0.9764498  0.96853864 0.9950636  0.9870003
 0.8813369  0.9985128  0.983238   0.98412436]
[0.9945233  0.94404507 0.9849101  0.9998048  0.99852544 0.99761945
 0.9982584  0.9638999  0.9562844  0.9875425  0.854495   0.5645919
 0.71021456 0.9943929  0.9996076  0.8860119  0.78546536 0.99193305
 0.8017068  0.755569   0.96588176 0.9929229  0.96229595 0.9716205
 0.92335355 0.67664754 0.9126298  0.9783236  0.97507495 0.8675325
 0.9628594  0.99475265 0.98536646 0.9977648  0.99635774 0.9753323
 0.9557736  0.71845436]
[0.99876297 0.8919893  0.9924039  0.9997069  0.9992052  0.99164116
 0.99924207 0.9625906  0.94135594 0.9890225  0.853688   0.95149326
 0.97220683 0.9937256  0.999311   0.9842074  0.93624204 0.8780012
 0.9965874  0.9930769  0.73193175 0.985973   0.9759435  0.8327717
 0.5210535  0.5739962  0.8471418  0.9257122  0.986754   0.97832483
 0.98090327 0.9872186  0.89028984 0.9970092  0.89076626 0.9947444
 0.9905179  0.55764115]
[0.98825943 0.941249   0.99262214 0.9997583  0.9993538  0.9981529
 0.9983524  0.9304888  0.95898455 0.97645277 0.70948166 0.89138365
 0.8284288  0.9472864  0.9939944  0.99875474 0.9413933  0.9890065
 0.98383635 0.93872553 0.99433726 0.97383153 0.9934504  0.97843426
 0.9774969  0.74815905 0.8399107  0.80350596 0.7665353  0.83480996
 0.84557015 0.95655066 0.6330497  0.95236534 0.70849633 0.9934736
 0.9977481  0.71833396 0.99837816 0.98565185 0.80038905]
[0.9951963  0.9858575  0.9880618  0.999645   0.9996556  0.9857438
 0.9993057  0.938319   0.97256655 0.9671167  0.81511015 0.5410674
 0.8296665  0.9424139  0.98913074 0.99866354 0.6879931  0.9779063
 0.9794154  0.9266282  0.9946714  0.9877417  0.98354363 0.97211605
 0.6160271  0.93437934 0.9306895  0.8950157  0.5475164  0.9524165
 0.9643565  0.9523169  0.8655079  0.97570384 0.9695737  0.9378606
 0.9944041  0.97967553 0.9943948  0.89102525 0.98830193]
[0.9981761  0.8987765  0.9945755  0.99877137 0.9995284  0.96649164
 0.99939024 0.94444853 0.96116173 0.9856308  0.59421426 0.8309773
 0.97667015 0.99345326 0.9992841  0.9848616  0.9817131  0.94107467
 0.9966773  0.9895223  0.98160523 0.95174944 0.6622088  0.9128434
 0.91099703 0.5333321  0.96690303 0.97687167 0.9642064  0.9467275
 0.8478545  0.9784677  0.94467455 0.9968125  0.97281724 0.99523914
 0.9710288 ]
[0.9908202  0.9092126  0.9924763  0.99976605 0.9995772  0.9974064
 0.9985051  0.9496196  0.97414875 0.9546826  0.8630574  0.8750447
 0.69402343 0.99600154 0.9990269  0.8783548  0.870887   0.9239783
 0.9771967  0.9689672  0.8843131  0.9949904  0.9651613  0.9731024
 0.61243606 0.9226605  0.7192828  0.96659064 0.6436095  0.7401354
 0.96716714 0.97808814 0.96751046 0.9823537  0.9639798  0.9909642
 0.9976761  0.83693725 0.99916685 0.9756999 ]
[0.9969086  0.97208136 0.9963322  0.99982077 0.99958664 0.9889498
 0.9983853  0.9770091  0.98737204 0.9914547  0.8700437  0.6659405
 0.93367076 0.9977512  0.99770194 0.9953067  0.9862227  0.9231476
 0.99658704 0.9941664  0.9201941  0.9609406  0.9956928  0.78949976
 0.91966856 0.8515039  0.94946533 0.9614388  0.9701086  0.9894449
 0.9784449  0.9959778  0.80918473 0.99347043 0.8709199  0.95271987
 0.98722667]
[0.99544984 0.9581827  0.984263   0.9998004  0.9994998  0.99978524
 0.99734396 0.94467634 0.9776628  0.95562327 0.86557204 0.9878324
 0.995366   0.99916434 0.81299376 0.9845791  0.95023465 0.97959006
 0.9171033  0.9887354  0.9948256  0.6666082  0.9809975  0.931524
 0.8970955  0.9491846  0.8649095  0.9061686  0.9560458  0.98344857
 0.9099181  0.75757957 0.9674488  0.9897494  0.9884437  0.99762505
 0.9475445  0.9500436  0.9980059  0.98066336 0.6590711  0.9897417 ]
[0.997689   0.9136459  0.9967362  0.9998425  0.99946755 0.9989102
 0.99879944 0.9424921  0.9411453  0.98133093 0.87567174 0.99435115
 0.9992668  0.9254975  0.9326277  0.9912213  0.9792295  0.9012259
 0.8541654  0.9940579  0.99090064 0.97733235 0.960674   0.8921145
 0.936557   0.92819726 0.81846994 0.96783864 0.86828226 0.9898997
 0.8281815  0.6086886  0.9596129  0.9835645  0.912428   0.9977621
 0.8943348  0.63468903 0.998434   0.7975804  0.9782299 ]
[0.99641305 0.92249596 0.98546314 0.99992573 0.99969876 0.9995455
 0.99863833 0.9535634  0.9854342  0.97896534 0.9576732  0.85359037
 0.58732355 0.99436545 0.9991381  0.82561487 0.97012436 0.9811056
 0.9437299  0.85846025 0.9937311  0.8138908  0.9790779  0.68909335
 0.9792022  0.82890534 0.88042617 0.9159975  0.9349891  0.9731583
 0.9453447  0.9831944  0.966387   0.94405997 0.9943955  0.9502019
 0.99552876 0.95694375]
[0.994789   0.94703484 0.99342513 0.99936837 0.9990036  0.88553673
 0.9970626  0.91105586 0.97421    0.9764464  0.7550533  0.81687874
 0.99608    0.99873835 0.793412   0.92316103 0.96093965 0.88640696
 0.9917522  0.9930386  0.98109967 0.99283373 0.910394   0.8952721
 0.9805658  0.86985105 0.98327005 0.9779312  0.98447335 0.95942533
 0.9858272  0.8880022  0.9806035  0.9978333  0.94449395 0.9990526
 0.96063757 0.98696625]
[0.99853253 0.91162765 0.9945609  0.9997062  0.9995485  0.9994754
 0.99917847 0.9419339  0.97558177 0.98297966 0.517095   0.70537645
 0.84465635 0.97780764 0.99175996 0.9991322  0.85605973 0.98227763
 0.99221885 0.93863016 0.9593807  0.9683101  0.9929223  0.87352026
 0.96563005 0.8396819  0.89105743 0.9273133  0.95087266 0.84798753
 0.9520391  0.9629312  0.9765627  0.99661887 0.89774776 0.9964761
 0.9728704  0.71339804]
[0.9875208  0.88835543 0.9919556  0.9998505  0.9994849  0.9995759
 0.9991769  0.9474354  0.94454306 0.96146375 0.68132675 0.91628623
 0.9215168  0.88685846 0.9946795  0.9980756  0.73197335 0.99154836
 0.9877154  0.94601345 0.9884327  0.9789251  0.6402522  0.9761863
 0.91108954 0.9010445  0.9091576  0.9179187  0.8029722  0.69036835
 0.94649947 0.9120612  0.86315197 0.99590355 0.97787833 0.9966697
 0.9822329 ]
[0.9912265  0.8986257  0.9900359  0.99979097 0.99938834 0.998216
 0.999172   0.9130238  0.9782696  0.97004557 0.81444645 0.8977366
 0.557794   0.5554803  0.9886303  0.9977229  0.98440623 0.9810307
 0.9329803  0.996564   0.98952955 0.93177384 0.9103199  0.97141063
 0.93937725 0.88470525 0.907921   0.7871162  0.9074398  0.95202065
 0.7449066  0.9115364  0.959203   0.9513342  0.99759525 0.9439273
 0.99644226 0.8279703  0.9901239 ]
[0.99887806 0.93740535 0.99478865 0.9996081  0.99920684 0.91157436
 0.9993537  0.9489769  0.9438018  0.9885011  0.94717455 0.8601166
 0.9170345  0.9921212  0.9984688  0.99084806 0.75401956 0.99496424
 0.9902547  0.97633934 0.96854824 0.97921693 0.9112516  0.893883
 0.7130932  0.7004802  0.5585086  0.9866306  0.95173323 0.9583584
 0.8684172  0.8780218  0.8925114  0.96405345 0.9054956  0.99556005
 0.6936466  0.99789196 0.9734403  0.79960895]
