Mprobs for dataset sim1 (1e-2)

[0.9999145  0.9999604  0.99995446 0.9999347  0.9999275  0.9999014
 0.99994314 0.99995756 0.99989533 0.9999509 ]
[0.99992704 0.99996006 0.999949   0.99986637 0.999964   0.99989915
 0.99991083 0.999941   0.9999243  0.9999541 ]
[0.99994683 0.9999361  0.9999423  0.99989605 0.9999614  0.99993074
 0.9999504  0.9999238  0.99989474 0.9999361 ]
[0.99994195 0.99994004 0.99993455 0.9999049  0.99991727 0.9999335
 0.99993813 0.9999516  0.9999199  0.99992454]
[0.9999294  0.9999466  0.99992335 0.99989164 0.99993896 0.99992585
 0.9999542  0.999954   0.9999188  0.9999435 ]
[0.9999268  0.99995816 0.99994445 0.99991655 0.9999279  0.9999374
 0.9999279  0.99993086 0.9999287  0.99991107]
[0.99995387 0.99993813 0.9999324  0.9998704  0.99994457 0.9999473
 0.99992585 0.99996126 0.9999094  0.999899  ]
[0.9999043  0.9999441  0.99991155 0.9998233  0.999956   0.9999455
 0.99993384 0.99992025 0.99989104 0.9998944 ]
[0.99989223 0.99993324 0.99991465 0.99981934 0.99994147 0.9999268
 0.999959   0.9999045  0.999948   0.99992085]
[0.9998884  0.99990475 0.99995196 0.99986625 0.9999503  0.9999188
 0.99992836 0.99990916 0.99990606 0.9999504 ]
[0.9999435  0.99993324 0.99993753 0.9999132  0.9999373  0.9999038
 0.9999608  0.9999511  0.9999423  0.99993706]
[0.9998882  0.9999573  0.9999385  0.9999206  0.999966   0.99991107
 0.99994826 0.99992347 0.99994755 0.99991894]
[0.9999231  0.9999491  0.9999192  0.999853   0.9999647  0.99992776
 0.99992514 0.9999181  0.9999348  0.999926  ]
[0.99989736 0.99995005 0.99994886 0.99981767 0.9999621  0.9999329
 0.99993896 0.9999496  0.99992096 0.999925  ]
[0.99990463 0.9999566  0.9999354  0.99991584 0.9999361  0.9999424
 0.99994874 0.99991465 0.99991775 0.99994683]
[0.9999442  0.9999263  0.9999522  0.99991274 0.9999373  0.99990845
 0.99994516 0.9999567  0.99991286 0.99992335]
[0.9998933  0.99993885 0.9999318  0.9998735  0.99993193 0.9999311
 0.9999565  0.9999511  0.9999232  0.99989223]
[0.9999107  0.99992454 0.99992216 0.999871   0.9999633  0.9999498
 0.99993324 0.99995375 0.99992776 0.99990547]
[0.99991584 0.9999429  0.99992573 0.9998828  0.9999455  0.9999536
 0.99992526 0.9999323  0.99988747 0.99991393]
[0.999899   0.9999392  0.9999497  0.9998591  0.9999522  0.9999194
 0.999938   0.9999484  0.99991477 0.99993765]
[0.9999281  0.9999341  0.9999242  0.9998641  0.99991024 0.99994624
 0.99993455 0.9999213  0.99994135 0.99992657]
[0.9998956  0.9999232  0.99992025 0.9999167  0.99992716 0.9999511
 0.99994504 0.99994135 0.99990094 0.99994123]
[0.9999112  0.99992967 0.99989486 0.99986994 0.9999379  0.99991906
 0.9999527  0.9999566  0.9999188  0.9999398 ]
[0.9999188  0.9999542  0.99991703 0.9999174  0.99995494 0.99994993
 0.99995816 0.9999602  0.9999404  0.99993634]
[0.99994695 0.99994993 0.99993515 0.999864   0.9999268  0.99994683
 0.9999156  0.9999211  0.9999229  0.99991155]
[0.9999269  0.99991465 0.99993443 0.9999094  0.99994695 0.9999535
 0.99995315 0.99993813 0.99992955 0.99989676]
[0.99994636 0.9999484  0.999894   0.99987364 0.9999391  0.99993384
 0.9999459  0.9999397  0.9998834  0.9999443 ]
[0.99993694 0.9999372  0.9998946  0.9998727  0.99994826 0.99994636
 0.9999577  0.99994636 0.9999027  0.99991035]
[0.9999503  0.99990666 0.9999435  0.9998379  0.9999486  0.999951
 0.9999449  0.9999485  0.99992096 0.9999261 ]
[0.9999175  0.9999163  0.9999422  0.9998306  0.99995506 0.9999188
 0.99992454 0.9999211  0.99990237 0.99991   ]
[0.9999435  0.9999385  0.99994516 0.99990284 0.99994886 0.9999461
 0.9999583  0.9999584  0.9999167  0.9999436 ]
[0.9999207  0.99990773 0.99995375 0.99986184 0.99994326 0.9999342
 0.99992454 0.9999398  0.9999006  0.99991715]
[0.9999466  0.99990785 0.9999181  0.9999124  0.999912   0.9999188
 0.99993706 0.99995124 0.99994314 0.999951  ]
[0.9999062  0.99992144 0.99989164 0.99988973 0.9999268  0.999907
 0.99994874 0.99994457 0.9999304  0.9999474 ]
[0.99993765 0.9999243  0.9999169  0.9999201  0.9999609  0.999943
 0.99995947 0.9999391  0.99988365 0.9999025 ]
[0.999925   0.9999602  0.99994147 0.99990666 0.99994254 0.99994624
 0.9999571  0.9999572  0.9999435  0.99990344]
[0.99990666 0.99993324 0.9999461  0.99987507 0.9999131  0.99993193
 0.9999604  0.9999199  0.99991477 0.999943  ]
[0.99993813 0.9999591  0.9999298  0.99988437 0.99993837 0.9999254
 0.9999101  0.99995685 0.9999107  0.9999193 ]
[0.999889   0.9999373  0.9999094  0.9998367  0.9999169  0.9999391
 0.99996257 0.9999312  0.9999504  0.9999455 ]
[0.9998869  0.99994576 0.9998896  0.9999403  0.9999453  0.99993026
 0.99993443 0.9999596  0.99990106 0.9999479 ]
[0.9999391  0.9999206  0.9999058  0.9998901  0.9999281  0.9999269
 0.9999305  0.99994874 0.9999167  0.9999367 ]
[0.9999356  0.99995863 0.9999242  0.99988294 0.99991834 0.99991024
 0.99996424 0.99993455 0.99993694 0.9999343 ]
[0.99994886 0.99992216 0.9999536  0.99983764 0.9999504  0.9999362
 0.9999206  0.9999435  0.9999386  0.99991083]
[0.99989736 0.9999541  0.99992216 0.9998134  0.99994123 0.99992263
 0.999946   0.99993    0.9999074  0.9999443 ]
[0.99989104 0.999946   0.9999535  0.9998821  0.999925   0.999907
 0.9999325  0.99995303 0.9999057  0.99989986]
[0.9998841  0.9999573  0.9999291  0.9999168  0.9999609  0.99993134
 0.9999337  0.9999324  0.9999336  0.9999031 ]
[0.9999466  0.9999548  0.99991536 0.9998795  0.999949   0.9999511
 0.99993205 0.99995375 0.9999448  0.9999454 ]
[0.9999118  0.99995875 0.9999399  0.999803   0.99992776 0.99990034
 0.9999584  0.999951   0.99992955 0.99994314]
[0.9999125  0.999954   0.999887   0.9998975  0.999956   0.9998952
 0.9999373  0.9999467  0.99991095 0.99994683]
[0.99990606 0.9999193  0.9999467  0.99983966 0.99993575 0.99990606
 0.9999597  0.9999378  0.9999106  0.9999186 ]
[0.99990237 0.9999206  0.99995315 0.999863   0.9999336  0.9999201
 0.99993205 0.99992096 0.99990904 0.99991834]
[0.9998946  0.99991536 0.99991786 0.9998671  0.9999676  0.99994934
 0.9999579  0.9999528  0.99993515 0.9999486 ]
[0.99990416 0.99996173 0.9999486  0.9998294  0.9999459  0.9999521
 0.99992645 0.99991894 0.99994016 0.9999411 ]
[0.99992335 0.99995875 0.9999448  0.9998134  0.99996376 0.99994373
 0.9999548  0.9999535  0.9999012  0.99990547]
[0.9998995  0.99992156 0.9999063  0.99985206 0.99993086 0.9999225
 0.99995875 0.999954   0.9999256  0.9999428 ]
[0.9999275  0.9999336  0.99989057 0.9998685  0.9999422  0.99995327
 0.9999492  0.9999188  0.99993014 0.99993134]
[0.9999051  0.9999125  0.99994755 0.99963033 0.9998915  0.9999149
 0.99992704 0.9999031  0.99991286 0.99991655]
[0.99993014 0.99994075 0.99991024 0.99987614 0.9999504  0.9999422
 0.9999279  0.99993527 0.9999242  0.9999491 ]
[0.99992335 0.99992824 0.9998976  0.99989176 0.9999254  0.9999372
 0.9999571  0.9999578  0.99989235 0.99992585]
[0.9998648  0.9999603  0.9999043  0.99987876 0.99995255 0.9999399
 0.9999242  0.99991953 0.999918   0.99993384]
[0.9999511  0.99992526 0.99992    0.9999305  0.9999361  0.9999399
 0.9999101  0.9999604  0.99989974 0.9999083 ]
[0.9999329  0.9999387  0.99992716 0.9999057  0.9999509  0.99993813
 0.99993825 0.9999497  0.99992645 0.99988997]
[0.99992967 0.9999566  0.99992335 0.99990845 0.99996114 0.9999424
 0.99994147 0.99992824 0.99992037 0.9998983 ]
[0.99994504 0.9999547  0.99991155 0.9998733  0.9999609  0.9999268
 0.99991703 0.9999186  0.99994564 0.99994004]
[0.9999213  0.9999254  0.99994826 0.9998889  0.9999505  0.99992406
 0.9999628  0.9999455  0.99994314 0.9999354 ]
[0.99993455 0.9999567  0.9999143  0.9999182  0.9999471  0.9999424
 0.9999323  0.9999236  0.9998971  0.9999306 ]
[0.99992394 0.99995863 0.9999465  0.999915   0.99992955 0.9999094
 0.99994195 0.99994504 0.999925   0.9999274 ]
[0.9998927  0.99994814 0.9999049  0.9999263  0.99995804 0.9999337
 0.9999523  0.999915   0.99992    0.9999435 ]
[0.99993074 0.99993753 0.99992836 0.99981564 0.9999232  0.9999087
 0.99994755 0.9999224  0.9999448  0.999933  ]
[0.9999225  0.9999118  0.9999534  0.9998325  0.99994457 0.99993014
 0.99991    0.99991226 0.9999056  0.9999137 ]
[0.99990904 0.99992466 0.99993503 0.99984014 0.99994516 0.99993193
 0.99991465 0.9999565  0.99994683 0.9998995 ]
[0.9998971  0.9999106  0.9998933  0.9998512  0.99993277 0.99990165
 0.9999417  0.9999505  0.999918   0.9999008 ]
[0.9999063  0.99995756 0.9999342  0.99991405 0.9999546  0.99989915
 0.99993    0.99994123 0.9999372  0.99994147]
[0.9999461  0.99994767 0.99995077 0.99982965 0.99995077 0.99991226
 0.99995935 0.9999361  0.9998896  0.99991786]
[0.9999038  0.9999304  0.999938   0.9998579  0.9999263  0.9998975
 0.9999367  0.99993134 0.99993825 0.9999523 ]
[0.99993193 0.99992716 0.99994886 0.99989974 0.9999176  0.99992883
 0.9999628  0.9999471  0.99994576 0.999928  ]
[0.9999399  0.9999192  0.9999379  0.99987245 0.99996257 0.999951
 0.9999509  0.9999496  0.9999409  0.99993086]
[0.99989665 0.999944   0.99992585 0.9998344  0.9999392  0.9999075
 0.9999393  0.9999411  0.9998741  0.9999155 ]
[0.9999199  0.99991345 0.99993825 0.9998332  0.99995315 0.99993074
 0.9999536  0.9999095  0.99987495 0.99993443]
[0.9999291  0.999944   0.9999342  0.99987686 0.9999573  0.99993324
 0.99995434 0.9999051  0.99993944 0.99993217]
[0.9999478  0.9999639  0.99993217 0.99990726 0.99996364 0.9999466
 0.9999361  0.9999548  0.9999089  0.99993956]
[0.999918   0.99992776 0.9999429  0.999851   0.999926   0.9999403
 0.9999293  0.9999343  0.99994016 0.99990416]
[0.9999442  0.99996233 0.9999362  0.99990714 0.99992514 0.99994934
 0.99995494 0.99994266 0.9999267  0.9999453 ]
[0.9999474  0.999954   0.99994624 0.99990416 0.999899   0.9999105
 0.9999168  0.9999211  0.99994385 0.99991345]
[0.99990225 0.9999459  0.9999356  0.99990726 0.99993527 0.99995136
 0.9999398  0.9999169  0.9999467  0.99989974]
[0.99992645 0.99995434 0.9998925  0.999902   0.99996483 0.99994874
 0.99995255 0.9999347  0.9999374  0.99991286]
[0.9999366 0.9999491 0.9999299 0.9998493 0.999962  0.9999182 0.9999341
 0.9999138 0.9999479 0.9999528]
[0.9999144  0.9999584  0.9999341  0.9998573  0.9999229  0.99988997
 0.9999584  0.99993753 0.9998956  0.9999094 ]
[0.9998995  0.9999368  0.9999496  0.99990034 0.999954   0.99993217
 0.99991834 0.9999192  0.9999466  0.9999008 ]
[0.99990964 0.9999355  0.99994934 0.99980897 0.9999279  0.9999236
 0.9999409  0.9999552  0.9998995  0.99990547]
[0.9999378  0.99993706 0.99989927 0.9998958  0.99996614 0.9999119
 0.99995136 0.9999162  0.9999347  0.99989974]
[0.99992037 0.9999491  0.9999336  0.9998733  0.9999254  0.99990463
 0.9999175  0.99994385 0.99992657 0.999897  ]
[0.9999335  0.999936   0.9999193  0.9998258  0.99993145 0.9999399
 0.9999583  0.9999255  0.9999318  0.99992955]
[0.99990046 0.9999578  0.99989927 0.9998779  0.99993336 0.9999136
 0.99992824 0.99995637 0.99993694 0.999931  ]
[0.9999325  0.99993944 0.9999374  0.99990726 0.9999335  0.9999007
 0.99993515 0.99992347 0.99991024 0.9999541 ]
[0.9998958  0.999928   0.99992776 0.9999205  0.9999418  0.9999292
 0.9999336  0.9999229  0.9999157  0.9999312 ]
[0.9999362  0.9999521  0.999899   0.9999052  0.9999484  0.99995434
 0.9999474  0.9999362  0.9999342  0.9999312 ]
[0.9998995  0.99995184 0.9999367  0.99989283 0.99996126 0.9999355
 0.99992824 0.9999454  0.99992394 0.99995446]
[0.9998946  0.99994695 0.99994326 0.99981433 0.9999505  0.9999491
 0.9999366  0.99990845 0.9999472  0.9999411 ]
[0.99990416 0.99995613 0.9999124  0.99985015 0.99993384 0.9999144
 0.9999486  0.9999194  0.99991393 0.9999238 ]
