Mprobs for dataset 2 (BIC)

[0.99910885 0.9493481  0.983481   0.9992099  0.99933654 0.97924244
 0.9991504  0.97154343 0.9178602  0.9804822  0.85316366 0.7207769
 0.9931866  0.9952207  0.9290077  0.9236441  0.9751092  0.9953668
 0.9923028  0.94235176 0.9515932  0.8579675  0.5908905  0.8613945
 0.90340286 0.977022   0.9378001  0.97745675 0.967704   0.8821331
 0.9942965  0.9785209  0.9975017  0.94334936]
[0.9063403  0.92202616 0.99467516 0.9998455  0.99960095 0.995996
 0.9981845  0.9502787  0.9490521  0.9829707  0.98621505 0.6816196
 0.99487114 0.9967564  0.95730704 0.9354711  0.98471665 0.9871848
 0.98506576 0.9207681  0.956228   0.8398802  0.7545217  0.9376887
 0.86636925 0.9596006  0.9571842  0.8199458  0.9809552  0.9539078
 0.96074307 0.8355068  0.99402446 0.9962676  0.78055394 0.95148665]
[0.94426346 0.97422314 0.99327165 0.99985707 0.9996929  0.9962941
 0.9992737  0.9342125  0.9761269  0.96372205 0.96524394 0.6640686
 0.9928926  0.99662113 0.95858246 0.95314294 0.9768197  0.89226043
 0.9345774  0.9615484  0.9763455  0.8794835  0.7727085  0.914259
 0.8701436  0.92021793 0.5364594  0.9840127  0.95620525 0.87853664
 0.99541193 0.78522533 0.99726784 0.7553921  0.9090821 ]
[0.99978787 0.92640465 0.98637915 0.9996524  0.9990625  0.94050586
 0.9994148  0.9120836  0.9541667  0.98701024 0.979861   0.53757817
 0.99354494 0.99884915 0.67810553 0.95338166 0.9819111  0.8000753
 0.98458964 0.9880888  0.97602975 0.96296316 0.6751354  0.95676297
 0.92727107 0.91954154 0.9625313  0.9428253  0.9622554  0.80108094
 0.997056   0.93892586 0.9959258 ]
[0.9974267  0.94823885 0.9895331  0.9997645  0.9989312  0.99594694
 0.9992662  0.96558636 0.96019554 0.96111447 0.9699489  0.88426256
 0.76438534 0.9946021  0.9986941  0.9217807  0.9507509  0.87160534
 0.98654175 0.9914697  0.8838596  0.5300344  0.9916359  0.99028206
 0.9903144  0.83370286 0.93164533 0.9789346  0.99434483 0.9908178
 0.96829134 0.90888757]
[0.998648   0.9349078  0.98774976 0.9997203  0.999605   0.97413355
 0.9990715  0.9655874  0.9038376  0.9773546  0.89049304 0.9763505
 0.85176045 0.9946976  0.5297256  0.9790252  0.9646507  0.87235457
 0.9906894  0.9902507  0.97365415 0.91539496 0.9713174  0.9606762
 0.9920873  0.9579893  0.9304948  0.8753755  0.9519983  0.9893294
 0.9773332  0.5326459  0.99646425 0.9393111 ]
[0.9938682  0.88571495 0.99471843 0.999548   0.9989189  0.96485806
 0.999124   0.92967063 0.94315976 0.9876494  0.8506524  0.90788925
 0.9980116  0.9987062  0.9778021  0.98366773 0.96376437 0.9911584
 0.9567045  0.9903854  0.988269   0.7783669  0.6007775  0.97478545
 0.897516   0.9705677  0.6793089  0.99694425 0.9707983  0.99863607
 0.61349314]
[0.9945259  0.88353777 0.9872155  0.9996686  0.9986327  0.9995153
 0.99883753 0.9570329  0.9703399  0.9727666  0.8367713  0.992634
 0.98353636 0.9673717  0.6920613  0.9280546  0.98963976 0.98308337
 0.98658967 0.92678916 0.9991357  0.67095375 0.5798916  0.8730227
 0.9507292  0.9193395  0.97791696 0.9409487  0.99752134 0.9637376
 0.9971654  0.98800915]
[0.96868736 0.9172498  0.9904952  0.999783   0.99971884 0.99982893
 0.998662   0.931719   0.95638764 0.95836955 0.97353745 0.9764332
 0.9941605  0.82163954 0.97761744 0.9413271  0.9585261  0.9879887
 0.9554786  0.7948359  0.7187077  0.97195894 0.9821408  0.9072622
 0.8161422  0.993887   0.9764207  0.9453332  0.9411958  0.9873165
 0.97231376 0.9968279  0.9436114 ]
[0.9965533  0.8909074  0.99601185 0.9997986  0.99963546 0.9985808
 0.99897015 0.9678656  0.9558577  0.98878187 0.9349966  0.65489817
 0.9388163  0.99445564 0.9979475  0.84735084 0.88819844 0.9932314
 0.979321   0.9532673  0.9845115  0.98343176 0.9912589  0.94995314
 0.5066441  0.8297028  0.9553351  0.9581626  0.93744045 0.8436272
 0.99445784 0.9172812  0.94064707 0.99778533 0.9723145 ]
[0.99871457 0.90889657 0.9942497  0.99921024 0.999035   0.9944418
 0.99939585 0.94459486 0.9746917  0.9617012  0.7390893  0.9939174
 0.9984397  0.6286603  0.96526605 0.97764444 0.9073187  0.99254286
 0.8268671  0.9794392  0.5840817  0.6865201  0.90056777 0.95225644
 0.8767205  0.96926785 0.9354062  0.94366264 0.9969278  0.599809
 0.99741447 0.9634535 ]
[0.9978942  0.93876106 0.98556364 0.99987185 0.9996867  0.99914944
 0.99942625 0.9634366  0.9852476  0.96926457 0.71728826 0.7463868
 0.9938018  0.9989832  0.86346745 0.88278145 0.978956   0.92827874
 0.9921923  0.98373735 0.96916133 0.86492836 0.8841048  0.9605326
 0.97948176 0.6897706  0.732332   0.9650675  0.8586511  0.9945532
 0.942158   0.9959274  0.9832366 ]
[0.99398106 0.9213667  0.9105346  0.99977535 0.99914336 0.9979006
 0.9992353  0.9480084  0.954204   0.97370434 0.7054731  0.51879567
 0.8893418  0.99416983 0.9992907  0.9683704  0.97793365 0.9620295
 0.9925984  0.985967   0.96438825 0.9797777  0.99283266 0.52161825
 0.54735947 0.95845556 0.7583488  0.8012544  0.9852806  0.8987843
 0.98187476 0.99729925 0.50050026 0.9979352  0.93015265 0.9983486 ]
[0.9808141  0.978471   0.9929802  0.99959236 0.99944395 0.99981135
 0.9989291  0.96388274 0.99844116 0.9840037  0.8364965  0.8856678
 0.9788755  0.9934722  0.99746263 0.7741971  0.9007211  0.8680936
 0.9900956  0.9767412  0.67473537 0.92400753 0.9989679  0.62203026
 0.82838464 0.9807742  0.9481043  0.9957859  0.80506134 0.997233
 0.91219926 0.5726     0.8387511  0.53306395]
[0.99594444 0.8893772  0.9917834  0.9994754  0.99967134 0.91172194
 0.9994018  0.9382231  0.96362    0.96629626 0.8137798  0.996185
 0.9986411  0.9756143  0.9295219  0.93139625 0.99540836 0.98840415
 0.95640314 0.97706044 0.76805925 0.89644194 0.9714354  0.7293483
 0.9691617  0.9350341  0.825616   0.99676466 0.99348515 0.9787658 ]
[0.9831596  0.9176499  0.9952276  0.9997168  0.9995254  0.9985617
 0.99773115 0.92318356 0.9523063  0.9625276  0.9650087  0.9332051
 0.8266225  0.98986113 0.9993155  0.96878314 0.9894549  0.9712488
 0.9776994  0.99143535 0.99032146 0.7591611  0.7013251  0.9698888
 0.8467086  0.99248815 0.9834968  0.9739337  0.9981213  0.87496
 0.66505593 0.99906605 0.89029413]
[0.99704844 0.9002671  0.98700374 0.9998747  0.9994461  0.9979323
 0.9993988  0.9250744  0.9705403  0.9749459  0.63844264 0.8325588
 0.99125797 0.9985777  0.8985997  0.9807334  0.94153076 0.9600666
 0.98996806 0.96860516 0.8642285  0.9573763  0.89267945 0.8596032
 0.93692875 0.9712142  0.84742934 0.95209706 0.9613806  0.91153955
 0.99595696 0.8977029  0.69522756 0.9861769  0.97460485]
[0.98968107 0.9497631  0.99604    0.99866986 0.9993925  0.90351915
 0.9990214  0.96684396 0.9494633  0.98563635 0.95226336 0.9567859
 0.9052729  0.9971154  0.99825066 0.9685892  0.8037261  0.98933816
 0.5480363  0.9825723  0.99182546 0.976661   0.9111219  0.7463269
 0.70771366 0.78929764 0.9810053  0.8786921  0.916612   0.8179501
 0.9698705  0.9281795  0.99764746 0.8699194  0.86560434 0.99731356
 0.6881213  0.8884865 ]
[0.9994024  0.91791064 0.9893623  0.9997749  0.99954563 0.9987192
 0.9994506  0.94180053 0.9826066  0.9785689  0.52893883 0.9955266
 0.9986193  0.92004555 0.8665812  0.9095828  0.59717983 0.9934656
 0.97067946 0.97586334 0.7727125  0.767462   0.9287334  0.51793087
 0.8956226  0.9807185  0.944523   0.9602473  0.7877874  0.99794906
 0.99477035 0.96487516 0.9068927 ]
[0.99952126 0.94197166 0.9928703  0.9990433  0.99922395 0.94092554
 0.9987305  0.97006464 0.94236636 0.98613364 0.6076812  0.9954177
 0.99819905 0.71882397 0.96603084 0.96867186 0.989235   0.9846519
 0.89979595 0.66873115 0.73706853 0.9147443  0.7544335  0.82434344
 0.910687   0.9678325  0.80599105 0.9879452  0.9940042  0.61416173
 0.99379975 0.9858532  0.9340499 ]
[0.9983669  0.90083    0.9909484  0.99998987 0.9996338  0.99787736
 0.9931253  0.9726936  0.992765   0.9911315  0.66569066 0.73559225
 0.9972615  0.9900893  0.9686591  0.99279904 0.6018211  0.99461454
 0.979988   0.9955967  0.99569315 0.9207509  0.9596017  0.9225062
 0.9056636  0.8985507  0.96560925 0.73928964 0.9427147  0.98441386
 0.988364   0.9581406  0.6679635  0.9993181  0.9137485  0.919986  ]
[0.9975048  0.9416516  0.9972753  0.99979705 0.9996463  0.99635977
 0.9989484  0.97325134 0.9696387  0.98284334 0.8850622  0.98431236
 0.99868566 0.97874075 0.9843007  0.95745575 0.99213785 0.844553
 0.9925436  0.8917062  0.95053506 0.7722334  0.9115904  0.9426568
 0.9629091  0.9302403  0.9541929  0.9636874  0.9965791  0.8547731
 0.99651957 0.97056085]
[0.9960764  0.9131488  0.99370813 0.99947923 0.9992718  0.99873394
 0.99784374 0.9721066  0.91996026 0.971431   0.89732915 0.5245834
 0.99516064 0.9974336  0.986249   0.98768824 0.91212595 0.9938985
 0.9936015  0.9521666  0.9763995  0.6642833  0.9646103  0.8336132
 0.9638554  0.8713616  0.74634224 0.9257629  0.9932389  0.9955134
 0.9639462  0.7017776  0.9986743  0.9080748  0.9475407 ]
[0.9907272  0.94282615 0.9776529  0.9998367  0.99902487 0.9984554
 0.9993149  0.9334733  0.9768237  0.96168023 0.97775215 0.5725752
 0.7898655  0.9937522  0.99854577 0.9739154  0.8259134  0.98492646
 0.9335803  0.99214435 0.98104024 0.94757557 0.99475515 0.8244704
 0.50543433 0.87521094 0.9846466  0.87173307 0.7819551  0.7138661
 0.54767984 0.9984072  0.9525016  0.9971233  0.97666526]
[0.9919893  0.91700435 0.99440396 0.99893576 0.99941313 0.99663085
 0.999218   0.9156331  0.962322   0.9865759  0.7463946  0.9873416
 0.99892837 0.95606345 0.9237288  0.95734966 0.9723332  0.94949955
 0.9818948  0.7647403  0.9743823  0.7594918  0.84383947 0.5906904
 0.95156115 0.91378975 0.9560007  0.94978917 0.66734976 0.96731347
 0.99381024 0.744968   0.99677426 0.8588892 ]
[0.99809057 0.89140993 0.98272634 0.99988425 0.9996513  0.99750346
 0.99906605 0.9509454  0.9493114  0.98337203 0.85315317 0.92984974
 0.98937804 0.9968226  0.9874232  0.9584769  0.94314784 0.9951683
 0.9860742  0.9148653  0.85147125 0.5506946  0.8103877  0.8064352
 0.9756284  0.8063151  0.8800343  0.98382807 0.8612182  0.9966947
 0.94703275 0.9940123  0.805768   0.9771289 ]
[0.99524575 0.9200798  0.99501    0.99958307 0.9994912  0.99603915
 0.99897087 0.95802385 0.9606745  0.98141056 0.8845323  0.9194854
 0.996179   0.99622464 0.981557   0.9711557  0.9765014  0.84053034
 0.99460924 0.9917475  0.9612845  0.74308014 0.5232931  0.9046677
 0.92361    0.89842427 0.92762506 0.75976706 0.908984   0.9745883
 0.9951945  0.80544096 0.9977584  0.9649013 ]
[0.9201512  0.9290214  0.99467045 0.9996784  0.9995803  0.9990664
 0.99907047 0.9704971  0.95961887 0.9872121  0.8068318  0.79961175
 0.7979302  0.99675804 0.9980666  0.84281707 0.98622036 0.99157447
 0.9552468  0.9893407  0.98998    0.90854186 0.962408   0.90055764
 0.90702796 0.9664269  0.8166659  0.96214384 0.75428736 0.95972973
 0.99501896 0.99734783 0.97068596]
[0.9932567  0.9119154  0.91982085 0.99965656 0.9991819  0.9977331
 0.9993118  0.93219846 0.9941729  0.977415   0.83902276 0.81731254
 0.99556446 0.99751663 0.9896861  0.99290943 0.8304799  0.99102926
 0.98605746 0.95989347 0.9290233  0.5295301  0.5525459  0.8955832
 0.6175793  0.9491509  0.7601535  0.98496234 0.83872795 0.85173094
 0.98770195 0.94499296 0.9913845  0.9677163  0.9991009 ]
[0.99737465 0.9314223  0.98888165 0.9996978  0.9993992  0.9994837
 0.9993685  0.9569036  0.9850367  0.9827095  0.9228861  0.8017786
 0.8772619  0.9975816  0.92826813 0.9843562  0.89953476 0.97523266
 0.6215645  0.9380197  0.9093224  0.94985735 0.951384   0.95616984
 0.8550773  0.93467987 0.95990777 0.6061477  0.9931778  0.91054344
 0.9350256  0.9931671  0.96369183]
[0.9323433  0.9141172  0.9896269  0.99950886 0.99948394 0.9996902
 0.99833655 0.93758965 0.963125   0.96925193 0.6310659  0.7735696
 0.6043293  0.9936373  0.95975035 0.7983318  0.9958903  0.9195468
 0.9820717  0.99499124 0.9324569  0.9840417  0.9910585  0.9435856
 0.9588141  0.84785604 0.9439431  0.96742123 0.8750226  0.9945668
 0.9978175  0.9732983 ]
[0.99345917 0.9473116  0.98813    0.99991095 0.9996922  0.99870896
 0.99886274 0.98097837 0.93774235 0.98765624 0.68807316 0.9414118
 0.995112   0.99754333 0.984711   0.9768977  0.92615956 0.9884459
 0.9505042  0.98797333 0.9142027  0.93002284 0.9845584  0.8391742
 0.9242104  0.9732954  0.91225404 0.9853312  0.8169832  0.9976521
 0.95751995 0.93334466]
[0.998055   0.9498258  0.9932929  0.99956757 0.9995479  0.9921778
 0.9989907  0.940843   0.9830435  0.9602676  0.5988599  0.8416522
 0.9511852  0.995701   0.9953719  0.95587116 0.9890942  0.9163799
 0.9937593  0.98620296 0.91026896 0.9798804  0.97591    0.95717514
 0.79865295 0.88481873 0.885014   0.8194003  0.99541783 0.8200595
 0.89729375 0.9985714  0.9373977  0.9780557 ]
[0.99221236 0.91727716 0.9893422  0.9999329  0.9996816  0.998869
 0.9987956  0.9818926  0.9241289  0.9953068  0.672153   0.6338985
 0.7030784  0.99633706 0.9977458  0.9845093  0.9841814  0.95095974
 0.9883773  0.9877985  0.97591156 0.80484784 0.69888645 0.66144645
 0.86941385 0.9325384  0.9191634  0.8667651  0.9647728  0.92529035
 0.99713326 0.7382632  0.9969568  0.96922493]
[0.9982083  0.9150418  0.97352535 0.99985087 0.9993419  0.999418
 0.9994066  0.97573304 0.97427636 0.9864928  0.85859674 0.99288553
 0.9984175  0.9469558  0.7585945  0.9776878  0.9563667  0.99077445
 0.9217501  0.84847325 0.9855657  0.8134502  0.91132164 0.945789
 0.99596643 0.85254234 0.9663734  0.936594   0.9190293  0.82999545]
[0.9982668  0.9314473  0.9881892  0.9997516  0.9996332  0.99222374
 0.99916875 0.9588311  0.9759237  0.96403825 0.9656181  0.5970679
 0.9915121  0.9981567  0.8103369  0.7605901  0.93570393 0.9487258
 0.9670815  0.98140717 0.9628197  0.97837687 0.5851172  0.52530897
 0.9135194  0.9759261  0.9730109  0.8964522  0.99657494 0.9600698
 0.7089421  0.9929264  0.90408397]
[0.95960987 0.9028308  0.9820853  0.99986815 0.9997092  0.99930096
 0.99902654 0.97698694 0.92048377 0.9761019  0.97969085 0.58019286
 0.9955342  0.9984224  0.9204245  0.8427289  0.74522465 0.8924312
 0.77408177 0.99267054 0.95113236 0.9680972  0.887763   0.64303136
 0.9530146  0.6749539  0.89578766 0.93764186 0.93545663 0.7876592
 0.7770403  0.996265   0.9709047  0.9958527  0.97074586]
[0.99774325 0.8925084  0.99314356 0.9998241  0.9994506  0.9985013
 0.9979479  0.9665826  0.9672026  0.9721149  0.9846497  0.50935286
 0.98024803 0.99669385 0.6610956  0.9897782  0.9856755  0.9949805
 0.88776773 0.9027995  0.9841239  0.9114587  0.9708373  0.6969354
 0.86419505 0.9617967  0.9672616  0.6365711  0.88884926 0.95899373
 0.9975413  0.9737519  0.99839216 0.9668385  0.9477279 ]
[0.99790823 0.9577809  0.996114   0.9995402  0.99949276 0.9209998
 0.99910456 0.95996326 0.9851479  0.97780424 0.8725805  0.6969302
 0.6371654  0.9953667  0.9971891  0.9450148  0.98365706 0.9827838
 0.94049954 0.99253356 0.9875195  0.89579725 0.90168345 0.9584689
 0.92622983 0.92468816 0.95816946 0.7681689  0.7655798  0.9569931
 0.5098729  0.9959551  0.83161527 0.997465   0.88939637 0.9541867 ]
[0.99747133 0.9253047  0.9822565  0.99975663 0.9994823  0.99776316
 0.9993247  0.9569387  0.9814802  0.9734817  0.86102736 0.9910405
 0.99849474 0.8510853  0.9615363  0.9802256  0.9901924  0.9314157
 0.9232766  0.898831   0.94409764 0.60903776 0.81606257 0.97214454
 0.98136044 0.9061898  0.97044116 0.9740692  0.9956922  0.995698
 0.9696675  0.5914218 ]
[0.99513054 0.9239139  0.96471524 0.9994398  0.9991554  0.99676883
 0.99917895 0.90798604 0.9467909  0.9838898  0.5190379  0.6156396
 0.99078333 0.998016   0.9876078  0.9896696  0.96883696 0.99090904
 0.99109393 0.56677777 0.9389238  0.9587583  0.6607214  0.91969025
 0.6129909  0.9017889  0.918791   0.97592205 0.9708072  0.9301894
 0.9938595  0.8018079  0.99707425 0.9611366  0.9962224 ]
[0.92514503 0.9173854  0.9766005  0.9998072  0.99974626 0.9997619
 0.9976126  0.9399324  0.95894605 0.97500587 0.94963723 0.72390085
 0.99728346 0.9324523  0.9715071  0.937006   0.84828806 0.9100633
 0.81699955 0.99179053 0.9939573  0.9368416  0.97215277 0.9780458
 0.9574268  0.78490573 0.959758   0.9158791  0.99058175 0.5319194
 0.99806637 0.6353806  0.9962298 ]
[0.944335   0.93800956 0.96823436 0.99957794 0.9995926  0.99960536
 0.99563193 0.9430151  0.9498141  0.953435   0.51892036 0.5964326
 0.9910706  0.9803556  0.99158585 0.9486859  0.90482926 0.9823062
 0.9498498  0.9845918  0.9868506  0.97754663 0.5073531  0.97078115
 0.9736198  0.9324054  0.9050877  0.9676588  0.9821019  0.816115
 0.99754286 0.99935037 0.99588287]
[0.9976532  0.9420671  0.9864222  0.9997775  0.9996362  0.9244129
 0.9995788  0.9713661  0.9628176  0.99489295 0.9016468  0.786417
 0.66526484 0.99367976 0.9987405  0.9652703  0.64526564 0.8589619
 0.9835655  0.90928906 0.97911614 0.99428916 0.7536234  0.9534609
 0.9339945  0.7539669  0.77108234 0.8245828  0.8727926  0.97705495
 0.81605315 0.9791038  0.93777496 0.8027782  0.9954861  0.91546136
 0.9963408 ]
[0.9833924  0.94859195 0.9821293  0.9997489  0.9994795  0.9580117
 0.9995222  0.96353734 0.98410654 0.97333467 0.8736174  0.7341932
 0.63783467 0.9969214  0.998019   0.96388495 0.9019126  0.94238013
 0.99537635 0.9918064  0.9141807  0.85167474 0.7630748  0.9369116
 0.96162194 0.8795108  0.96468115 0.5837769  0.99605787 0.8794626
 0.99097884 0.9846746 ]
[0.9960562  0.9223166  0.9735497  0.99945647 0.99945635 0.99860317
 0.99944    0.9122587  0.9759783  0.96888864 0.8752093  0.8996888
 0.9924746  0.9984465  0.9643211  0.88539296 0.9395657  0.960627
 0.9389597  0.9880713  0.9078254  0.8994723  0.7361838  0.87992394
 0.6840245  0.6213946  0.9149328  0.98206824 0.8106547  0.949498
 0.7402746  0.92190844 0.9953382  0.9772888  0.9942642  0.72069293]
[0.91217285 0.8759499  0.95344704 0.99955326 0.999428   0.9982595
 0.9988657  0.9636417  0.89672476 0.98470634 0.56048834 0.7883532
 0.9896597  0.99785846 0.9895229  0.97244304 0.9322779  0.9918751
 0.9789442  0.97860366 0.9669846  0.98545283 0.6272291  0.7543644
 0.9476063  0.87693083 0.65832967 0.9357252  0.5794261  0.87241817
 0.9950079  0.9969222  0.80222434 0.9979989 ]
[0.9929779  0.9317019  0.9932025  0.9997689  0.99972504 0.9993717
 0.9985997  0.9102969  0.9625845  0.95500445 0.7041677  0.8414418
 0.99600345 0.98778045 0.9721491  0.9782341  0.9479317  0.9952859
 0.911172   0.98752606 0.9366625  0.90089905 0.9439141  0.69180936
 0.85668755 0.9006029  0.7527317  0.9653458  0.9099604  0.81850314
 0.99218154 0.96354175 0.99708277 0.7166643  0.9447785 ]
[0.9994685  0.9311229  0.9772892  0.99956924 0.99975365 0.98546195
 0.9993777  0.9241906  0.97241217 0.9511502  0.8783966  0.89172286
 0.9940916  0.9985582  0.85215205 0.96723783 0.92400104 0.9528141
 0.9902201  0.9702298  0.57564545 0.86372745 0.9512207  0.9824989
 0.9619928  0.9596871  0.9516367  0.99596465 0.93685454 0.6469488
 0.9967867  0.9810829 ]
[0.9969317  0.9778416  0.9916967  0.99941146 0.9993591  0.92543095
 0.9993672  0.97524387 0.9625295  0.9859972  0.859434   0.647665
 0.943629   0.994477   0.99826485 0.53646964 0.77598894 0.8811714
 0.9795354  0.8822538  0.97528946 0.992447   0.965429   0.9645454
 0.8575581  0.9524485  0.9374796  0.984744   0.7905068  0.89413327
 0.9977149  0.7632659  0.9959986 ]
[0.99736124 0.91688514 0.974843   0.9996321  0.9996879  0.9391263
 0.9994547  0.9372672  0.98619646 0.9627062  0.9748077  0.8401952
 0.885225   0.9879203  0.99945194 0.57818973 0.9795532  0.88035226
 0.9923814  0.97167104 0.9527086  0.544812   0.9593071  0.9884475
 0.62780297 0.9892904  0.975404   0.9783709  0.9980094  0.78949726
 0.99491864 0.9594675  0.64638084]
[0.9166494  0.9905487  0.9957     0.9997849  0.9997731  0.9847211
 0.9988399  0.93207955 0.9748682  0.9579055  0.9740089  0.86713874
 0.995994   0.99827766 0.9928704  0.9553093  0.9802064  0.8967373
 0.99546295 0.9932948  0.85591924 0.9923834  0.9528199  0.6739556
 0.960974   0.9595748  0.6779581  0.855944   0.8940615  0.92633086
 0.99650913 0.8477419  0.99656135 0.97707623]
[0.9939709  0.9784071  0.976113   0.9991392  0.9994961  0.8807102
 0.99939406 0.95175576 0.9718987  0.9753127  0.61239004 0.93974495
 0.94931835 0.9934284  0.99842095 0.925696   0.97967935 0.9403801
 0.8988773  0.9866116  0.9493811  0.95974064 0.7305013  0.94589007
 0.7519876  0.94567263 0.98209137 0.87392646 0.96522474 0.9719092
 0.9179266  0.99559045 0.6478007  0.9944971  0.97433406]
[0.99874973 0.89142233 0.9915479  0.99980086 0.9997229  0.984551
 0.99915874 0.97847474 0.9654259  0.98889714 0.89489174 0.90214086
 0.8691958  0.99412847 0.9974209  0.76625264 0.9902374  0.8329011
 0.9721842  0.9877117  0.9759142  0.95810044 0.53570557 0.53501385
 0.93607426 0.894154   0.95343953 0.90525657 0.92722917 0.601375
 0.75707626 0.9935915  0.87615776 0.99401605 0.9713429  0.7050371 ]
[0.9964031  0.9098078  0.99040157 0.99957174 0.9988973  0.984184
 0.9981937  0.9639419  0.978374   0.9685675  0.88882107 0.87791574
 0.99348176 0.9989592  0.9710146  0.9744061  0.9911088  0.9050331
 0.98405486 0.6642668  0.78501165 0.8032424  0.738299   0.9743212
 0.9711089  0.9450631  0.9472809  0.92598426 0.96158624 0.99741423
 0.6647034  0.99812096 0.8815179  0.82820094]
[0.999749   0.9382456  0.9899256  0.9997981  0.9995679  0.9994205
 0.99842644 0.93520516 0.9467909  0.9783563  0.6487432  0.9135056
 0.9948441  0.99193525 0.97327685 0.991896   0.9414282  0.9887108
 0.81280977 0.9859812  0.9398625  0.9303806  0.9092867  0.8932244
 0.8191703  0.5460221  0.9157672  0.9617184  0.7078649  0.7508012
 0.98798907 0.9884681  0.9495868  0.99866354 0.8867923  0.88480407]
[0.99220264 0.94434905 0.9889264  0.999731   0.9992737  0.99966776
 0.99753904 0.93603206 0.97262967 0.9745147  0.6934175  0.8967032
 0.68014467 0.98648155 0.9970395  0.91454965 0.99182314 0.94673854
 0.9775588  0.9490518  0.9836255  0.9159799  0.96597624 0.9279145
 0.68806404 0.8076772  0.94817364 0.98696125 0.9955076  0.87406915
 0.9103211  0.99789494 0.8811452  0.95072114]
[0.94092417 0.8817752  0.9883343  0.9997917  0.9997669  0.9974554
 0.9991345  0.9142124  0.97851676 0.98004043 0.6664367  0.76316535
 0.9969007  0.9987708  0.6656286  0.969277   0.95259047 0.992038
 0.9921558  0.9739721  0.9620741  0.7706327  0.87949485 0.9370776
 0.94171554 0.9583225  0.888687   0.84664416 0.9873504  0.74403685
 0.87917835 0.99690574 0.6899822  0.9906942  0.98402035]
[0.99623364 0.91083574 0.9952331  0.9994504  0.99920243 0.9254262
 0.99927574 0.9513563  0.98487604 0.9740932  0.952457   0.96702844
 0.6975532  0.9958889  0.9986864  0.78478223 0.9883018  0.8856545
 0.95662344 0.9848647  0.956788   0.9766625  0.85648996 0.8669097
 0.5462382  0.9484754  0.9014557  0.94678736 0.98569006 0.95550984
 0.994919   0.99620086 0.95082706 0.77954185]
[0.9995127  0.8711859  0.98876345 0.9997832  0.9996346  0.98871624
 0.99907374 0.9665136  0.99126464 0.97479886 0.86400694 0.825151
 0.9935867  0.9987154  0.9487166  0.970131   0.9324913  0.98254734
 0.98196626 0.8345168  0.9536664  0.9800829  0.8739899  0.71809185
 0.6607787  0.92902005 0.98506355 0.865168   0.9016259  0.9655617
 0.9597675  0.9957261  0.8109138  0.99725586 0.9652534  0.8191719 ]
[0.98664737 0.93112224 0.98801744 0.99959964 0.99966836 0.9968052
 0.99940586 0.94070184 0.9799197  0.9666794  0.6354254  0.71658957
 0.53624415 0.99545187 0.9984951  0.9168581  0.7601907  0.9699489
 0.8474668  0.99074554 0.97927123 0.9737891  0.677491   0.526641
 0.91376424 0.89859307 0.96555483 0.97721237 0.6695788  0.9835528
 0.607656   0.99557847 0.8572231  0.9954615  0.9141805 ]
[0.99668545 0.8907558  0.99362224 0.9998031  0.99953806 0.99945
 0.99921274 0.9631613  0.96950734 0.98835105 0.9435203  0.957296
 0.9910029  0.9972113  0.9855575  0.97713166 0.8966843  0.97885144
 0.98087895 0.96316504 0.9339527  0.8011026  0.95401454 0.7966214
 0.8055942  0.96835965 0.9114734  0.99629825 0.9648567  0.997027  ]
[0.99314237 0.93908155 0.986943   0.99976236 0.9996847  0.993262
 0.9993249  0.9566146  0.9532857  0.978517   0.9358232  0.6309878
 0.9914511  0.996956   0.98913866 0.9893265  0.9605798  0.9964585
 0.993186   0.81814134 0.93268025 0.7522645  0.9563786  0.9439629
 0.7562448  0.9748536  0.9839055  0.6200546  0.9952573  0.96836513
 0.99657094 0.975947  ]
[0.91719174 0.9638134  0.99565107 0.99984753 0.9998834  0.99938333
 0.99890435 0.96100855 0.9610873  0.9878385  0.841381   0.8342052
 0.99235654 0.99503136 0.9916208  0.9795625  0.9607531  0.9933002
 0.9821699  0.8603217  0.91638815 0.53393507 0.8893903  0.8108138
 0.9253148  0.56878877 0.94717276 0.904656   0.73029435 0.97938865
 0.634278   0.9940422  0.9522223  0.99732167 0.97877306]
[0.89663166 0.9314538  0.98420817 0.9994696  0.99951816 0.9995598
 0.99916804 0.9497784  0.95899487 0.97225463 0.9883548  0.99843484
 0.8530071  0.97902346 0.9633871  0.98064464 0.93913853 0.5498711
 0.9942187  0.922424   0.9491942  0.93008935 0.78227043 0.8968836
 0.94731236 0.9563281  0.9863523  0.9838599  0.9470816  0.94011915
 0.9965749  0.99631613 0.9440342 ]
[0.9958762  0.9285368  0.9919556  0.9998029  0.99953485 0.9990081
 0.99913377 0.93735164 0.97776353 0.9969619  0.8954028  0.97244936
 0.94637305 0.9970204  0.9837515  0.9688834  0.9866415  0.83886296
 0.89944863 0.96346474 0.81931764 0.97266555 0.95726174 0.87121207
 0.91472715 0.6663838  0.9801688  0.8798289  0.99444556 0.86328673
 0.99734867 0.7298361  0.9051884 ]
[0.99855894 0.936799   0.9935963  0.99964595 0.99957436 0.9959675
 0.9992077  0.9444218  0.98564816 0.9625997  0.7808073  0.68229073
 0.9975516  0.9825379  0.979679   0.956947   0.98626757 0.92279196
 0.6086011  0.9328287  0.92994016 0.9501022  0.9739622  0.61739796
 0.6825742  0.7487202  0.8856979  0.98904026 0.9790608  0.9909877
 0.8943471  0.99719185 0.95977753 0.92278874]
[0.9954228  0.9211766  0.9950866  0.99956053 0.9994166  0.993654
 0.9988776  0.946154   0.97187245 0.9771349  0.54498637 0.8623747
 0.8110116  0.99524623 0.95214456 0.98599213 0.97515714 0.913345
 0.97991574 0.9926911  0.8700118  0.9549739  0.78740174 0.97976446
 0.88143295 0.89522564 0.8235866  0.5947592  0.9256136  0.99306536
 0.9497655  0.66474    0.99844354 0.90220904 0.69424796]
[0.9895912  0.95378566 0.9938719  0.99988306 0.99951196 0.99958915
 0.9982169  0.9686774  0.9439074  0.9890349  0.67497134 0.8302737
 0.71432936 0.99097204 0.9986481  0.8011886  0.71502864 0.9801876
 0.98547053 0.9286554  0.990388   0.9675809  0.891215   0.9640626
 0.9244935  0.95094067 0.99012065 0.9957586  0.9973199  0.95325893
 0.98492646]
[0.99574184 0.90121526 0.9920522  0.9999032  0.9995172  0.9998368
 0.999328   0.9627006  0.9777493  0.9755967  0.8549856  0.96210647
 0.98643667 0.9976866  0.8433684  0.92345065 0.9719007  0.63357025
 0.9159217  0.99058986 0.92061096 0.8723536  0.9909009  0.86456
 0.9647898  0.94782025 0.9615377  0.7658848  0.98626417 0.99701834
 0.899501   0.99538213 0.98632866]
[0.942182   0.8912713  0.9949183  0.99960726 0.9996408  0.96304286
 0.9989176  0.9643948  0.9661981  0.9637024  0.9532691  0.5552122
 0.99565506 0.989096   0.9410626  0.9776759  0.9541953  0.99711645
 0.98594254 0.95896965 0.81182915 0.8061502  0.9793723  0.9914268
 0.9465348  0.8992013  0.9899845  0.98604494 0.56242657 0.99098045
 0.9071293  0.9961201  0.9984195 ]
[0.9970385  0.90327    0.9907911  0.9999039  0.99950135 0.99922204
 0.9992847  0.95643073 0.97431254 0.96941906 0.6171515  0.99542576
 0.9954366  0.9647552  0.9873505  0.89382696 0.9934669  0.9555722
 0.99230933 0.9480452  0.746103   0.88771045 0.95986086 0.65307784
 0.9431816  0.9600768  0.96245724 0.9399621  0.54558384 0.9860125
 0.96736443 0.9933444  0.9620408 ]
[0.99155396 0.95505977 0.9861055  0.99953234 0.9996402  0.9996779
 0.9980762  0.9009331  0.9755162  0.96151775 0.90894896 0.7792568
 0.82979345 0.996548   0.9986242  0.9872916  0.8396772  0.9921342
 0.71936107 0.8930186  0.8990383  0.9830253  0.57697934 0.96377885
 0.97692174 0.8421238  0.9714965  0.594368   0.990655   0.99776113
 0.57613015 0.9987295  0.91770154 0.5881204 ]
[0.99385333 0.91564816 0.9511852  0.9996014  0.99944025 0.9973991
 0.99912316 0.94857055 0.9158544  0.98898566 0.92727804 0.88596255
 0.92781967 0.99284804 0.9988582  0.92727774 0.98523474 0.96899927
 0.9914956  0.69818544 0.97097194 0.990866   0.72830105 0.541588
 0.9521445  0.6925921  0.868934   0.9852057  0.9255566  0.9512027
 0.9957599  0.99791545 0.8630162  0.9984505 ]
[0.9983071  0.9334233  0.99564385 0.9999291  0.9998031  0.9978308
 0.9993795  0.9570996  0.97843254 0.9783092  0.98442256 0.98803663
 0.9958294  0.98857296 0.9738255  0.9929726  0.9425042  0.97661054
 0.98628265 0.9239995  0.77739286 0.6746952  0.92095226 0.8182122
 0.80836475 0.9158576  0.8875671  0.8740681  0.9469109  0.6935511
 0.9946267 ]
[0.999113   0.8924386  0.98017395 0.99969864 0.9996296  0.9997298
 0.9992551  0.90973854 0.9711899  0.97292364 0.5499662  0.76385707
 0.9959325  0.9988249  0.9680063  0.72204036 0.7992114  0.98675925
 0.9099361  0.96978253 0.9926252  0.9810628  0.8402182  0.9881102
 0.96081173 0.9841674  0.73816633 0.9877452  0.726445   0.9975708
 0.91182345 0.99762243 0.9788461 ]
[0.99286336 0.92510307 0.9936     0.9999248  0.99960405 0.95150125
 0.9990293  0.91361654 0.97710264 0.9594943  0.94811547 0.83100224
 0.7743896  0.99093467 0.9986903  0.8352384  0.82180065 0.9838431
 0.9206027  0.99362504 0.98560846 0.9780824  0.973913   0.85695386
 0.9375838  0.9595016  0.9622233  0.7388935  0.9828212  0.9584458
 0.9717453  0.9981919  0.99850035 0.98130035 0.87693685]
[0.99839145 0.92049915 0.98820555 0.99974984 0.9997652  0.99843687
 0.9992536  0.97951585 0.9521915  0.98733217 0.92906654 0.56565577
 0.7001978  0.9952903  0.9979132  0.9610564  0.812545   0.9789106
 0.99279106 0.94105303 0.524521   0.8983334  0.73114115 0.94038904
 0.98311144 0.9818725  0.97352624 0.98934937 0.9187522  0.98625284
 0.7621138  0.99719536 0.9396867 ]
[0.9970796  0.8845931  0.9941327  0.999801   0.9996538  0.9978034
 0.9992654  0.96411175 0.9742467  0.96333164 0.67779016 0.9943693
 0.99902713 0.9682694  0.9726035  0.8900239  0.9908834  0.51526743
 0.9895369  0.96836376 0.9777735  0.698208   0.9198133  0.88178605
 0.9873625  0.9263181  0.9290179  0.9977847  0.995054   0.9547255 ]
[0.988918   0.9507456  0.9904895  0.99972624 0.999574   0.9977181
 0.9992599  0.9681893  0.9828166  0.9741917  0.9803088  0.5827292
 0.99699295 0.981499   0.9748546  0.9869528  0.84597766 0.9328814
 0.80150867 0.9950995  0.9758177  0.88872784 0.98445165 0.9825356
 0.92042184 0.9022688  0.9078872  0.8085873  0.9483394  0.9919785
 0.9968798  0.9650988  0.81818336]
[0.9624429  0.94565076 0.9668304  0.9997124  0.99955434 0.99853766
 0.99929464 0.9245369  0.9123327  0.98162526 0.87629765 0.9201344
 0.987866   0.99823606 0.92767525 0.94762224 0.9058646  0.99491996
 0.99092156 0.7676818  0.9370596  0.8714555  0.9232222  0.8969351
 0.84565365 0.97091144 0.98303    0.8856518  0.9955445  0.99489754
 0.9746941  0.9969505 ]
[0.99309134 0.88826656 0.9874642  0.9995548  0.99938333 0.99848014
 0.99955505 0.9603644  0.9695991  0.9859716  0.75741464 0.73917246
 0.9903548  0.9984091  0.5192843  0.9776869  0.98675877 0.91409004
 0.98770636 0.9888803  0.9191019  0.7640421  0.9369055  0.90726906
 0.95810074 0.78785175 0.9850845  0.98427236 0.8436943  0.99369615
 0.83651936 0.996843   0.9784531 ]
[0.9729082  0.9429261  0.9910999  0.99958795 0.9987876  0.99893194
 0.9992638  0.9468496  0.9877724  0.991491   0.9974124  0.99469626
 0.5941098  0.96535695 0.9756256  0.98471826 0.9860887  0.99286675
 0.9796658  0.9688683  0.9734364  0.92133    0.9387677  0.96325386
 0.9578968  0.8509901  0.6243313  0.780147   0.9973463  0.8920583
 0.99684453 0.83106804 0.9734482 ]
[0.99889344 0.9403782  0.9811841  0.99996257 0.9997353  0.99585295
 0.99947935 0.9698219  0.9836204  0.98765326 0.9089816  0.6795983
 0.89844996 0.99570554 0.9890247  0.82238907 0.92741114 0.8737551
 0.82841164 0.96482474 0.98752314 0.9039564  0.930159   0.86482424
 0.9551808  0.9331059  0.9764614  0.98630375 0.96724653 0.97831887
 0.97603124 0.9561437  0.99734145 0.9428981 ]
[0.99289024 0.9330689  0.9971998  0.9996381  0.9990921  0.99904054
 0.9993874  0.9008731  0.9545505  0.99001104 0.87482697 0.6009741
 0.9924846  0.8187381  0.884874   0.8991684  0.5034626  0.80727
 0.9796346  0.9860169  0.9375706  0.97747177 0.9012286  0.8598198
 0.5077529  0.92668587 0.91800314 0.9596676  0.94448555 0.99654394
 0.99420893 0.86974347 0.99437165]
[0.9284115  0.93471736 0.987954   0.99978644 0.99967384 0.98986024
 0.99885726 0.96463513 0.965705   0.98656565 0.9866006  0.9169534
 0.9926641  0.9983437  0.9805994  0.95192105 0.9818859  0.96645623
 0.93501097 0.97693425 0.6079502  0.75810975 0.94781667 0.983916
 0.8571894  0.9826298  0.97558856 0.9828249  0.9940281  0.8734125
 0.99718565 0.9388129  0.77643174]
[0.99833006 0.9129431  0.99447614 0.99976116 0.9993673  0.9883796
 0.9991628  0.91438246 0.9788128  0.95862573 0.69265753 0.8151069
 0.99631613 0.9942965  0.973397   0.9709759  0.96841663 0.9954389
 0.9933994  0.95890135 0.9266499  0.5635234  0.787262   0.9356248
 0.8448845  0.9292025  0.92024297 0.93535274 0.9294557  0.99511933
 0.86820686 0.9869543  0.950317   0.9744639 ]
[0.90005976 0.93919784 0.99214524 0.99985456 0.9995572  0.9992908
 0.9991855  0.93036044 0.96284986 0.9753949  0.66694796 0.9977646
 0.9066078  0.99223584 0.97959536 0.92021227 0.9907941  0.98835933
 0.9970968  0.78862053 0.52697027 0.95992213 0.9887651  0.8963002
 0.9714925  0.7990136  0.9630453  0.9472114  0.9942167  0.9971015
 0.96023136 0.94640964]
[0.9966883  0.95659137 0.9849182  0.99973816 0.99945635 0.94972235
 0.9993686  0.97216177 0.95417625 0.98503125 0.9155003  0.6081653
 0.9948137  0.99129933 0.9867692  0.9531016  0.6991539  0.9903866
 0.99429625 0.8089686  0.80308044 0.8449546  0.6419901  0.87477195
 0.98258394 0.90936434 0.97066045 0.9945589  0.89930236 0.99478626
 0.8463447  0.9791819  0.8037303 ]
[0.89469075 0.9569288  0.99457884 0.9995734  0.9993888  0.9203271
 0.99933654 0.94197935 0.9758958  0.97557724 0.9712524  0.5385633
 0.7999077  0.99433655 0.99608094 0.9382541  0.8689207  0.9816257
 0.8951198  0.9866306  0.9717164  0.93512875 0.84124255 0.98130935
 0.9217774  0.94127184 0.8173306  0.9880215  0.745745   0.78560317
 0.98994714 0.80665106 0.99689555 0.79527956 0.98284805]
[0.9959572  0.987377   0.98979455 0.9994073  0.999094   0.98657006
 0.99929404 0.96277845 0.9747515  0.9846214  0.6497571  0.9937171
 0.99906784 0.99157447 0.67651856 0.9506232  0.9945532  0.9934628
 0.954295   0.9604052  0.81995404 0.71328264 0.93732    0.95392203
 0.9268151  0.905952   0.90437365 0.99790335 0.98691076 0.9713794
 0.9859453  0.8631217 ]
[0.9956864  0.926675   0.9936706  0.9998186  0.9995091  0.99971765
 0.9986689  0.94972205 0.9477508  0.9840545  0.8724801  0.8166428
 0.99744153 0.99864477 0.96741396 0.92292905 0.92264366 0.9885055
 0.9903651  0.8568665  0.9785377  0.78467494 0.7771563  0.96537393
 0.9688712  0.7956461  0.9151467  0.72664386 0.6203236  0.8661971
 0.83185506 0.9785593  0.9959111  0.9973278  0.9011777  0.52058816]
[0.98078513 0.92254585 0.98264474 0.99973327 0.99949694 0.9862795
 0.99926025 0.98737216 0.90993047 0.971581   0.59707284 0.9050586
 0.99161375 0.9986111  0.98699135 0.97178775 0.9910821  0.9459596
 0.9592395  0.9933327  0.5809256  0.9731376  0.81575835 0.90450233
 0.95492136 0.75336087 0.8709793  0.97843117 0.82247716 0.99677783
 0.915269   0.9949039  0.975808  ]
[0.99238855 0.90555197 0.98749024 0.99964225 0.9996692  0.99795485
 0.9989053  0.9368135  0.98089325 0.9701929  0.94231504 0.7157187
 0.9915719  0.99858886 0.9741527  0.87995124 0.95824546 0.98900104
 0.99027586 0.9581621  0.87431914 0.75875604 0.848145   0.9559368
 0.98387223 0.92853713 0.981501   0.9886901  0.93987846 0.9974279
 0.9972608  0.9869753 ]
[0.98810285 0.95609564 0.9882549  0.9994172  0.9997546  0.9986039
 0.99896336 0.91663927 0.97416943 0.9529251  0.7642699  0.93725127
 0.991734   0.9968213  0.79571414 0.9866326  0.6901224  0.96952325
 0.9939062  0.94937253 0.948233   0.56608295 0.93489444 0.9477286
 0.95791894 0.83881366 0.9758716  0.9660471  0.9450856  0.9921868
 0.6316706  0.99825174 0.9303527 ]
[0.999047   0.9003353  0.9930118  0.9998054  0.9996995  0.9984377
 0.99936694 0.9554271  0.9632378  0.98156506 0.60551363 0.9897759
 0.9958062  0.99620795 0.5902761  0.96491873 0.9785565  0.5073929
 0.98473996 0.9915889  0.9476398  0.80593556 0.9191841  0.6579868
 0.7108262  0.9040109  0.63960654 0.88752985 0.96753466 0.9674721
 0.9818127  0.935889   0.8557727  0.96629065 0.93892956 0.9133447
 0.77225417]
[0.9974928  0.92909753 0.9919848  0.99992406 0.9998202  0.9985343
 0.99913186 0.97916496 0.96834815 0.9895829  0.77511925 0.7757637
 0.9920797  0.99285567 0.9781349  0.99658304 0.7846024  0.85988593
 0.97532505 0.9670811  0.993437   0.7972747  0.98977906 0.9752935
 0.9482421  0.7071097  0.6720353  0.916754   0.950359   0.8801343
 0.9668483  0.77718455 0.92516196 0.87093824 0.9975231  0.97556484]
[0.99798584 0.93006027 0.9843603  0.99953413 0.99958616 0.9981495
 0.99876785 0.97147715 0.98006195 0.9597036  0.6036398  0.99531615
 0.99587065 0.8687836  0.9905826  0.9600808  0.98971516 0.98337907
 0.9645281  0.807424   0.95274824 0.9401362  0.9484114  0.94738126
 0.9741812  0.7680612  0.89795303 0.9913346  0.8285734  0.998201
 0.8851087  0.6211912 ]
[0.99945265 0.93116766 0.9815169  0.99960774 0.99962306 0.997872
 0.99934787 0.96380067 0.97881293 0.9572426  0.7700619  0.7427024
 0.98873526 0.9983461  0.74823695 0.9776438  0.9794605  0.96386856
 0.99274105 0.9897684  0.95769054 0.94528294 0.8737337  0.92005837
 0.9855774  0.7666     0.97094584 0.9853613  0.66955215 0.9960303
 0.9713948  0.9962435  0.9878776 ]
[0.9946268  0.9357841  0.9900535  0.9995084  0.99969125 0.98710304
 0.99906653 0.9464309  0.9780588  0.9694658  0.7355805  0.9888361
 0.9974763  0.6776113  0.9898717  0.9564025  0.9839272  0.9889159
 0.9740676  0.969506   0.6450396  0.75798035 0.8588977  0.9293383
 0.95676094 0.9418163  0.80025816 0.97429115 0.9495602  0.68159664
 0.99112576 0.75841707 0.9954261  0.94536006]
[0.99798644 0.94028217 0.9906895  0.9997824  0.99936503 0.9993131
 0.9994209  0.9511138  0.9573608  0.9804411  0.8922963  0.99571556
 0.99868125 0.7537316  0.98510695 0.9498841  0.9778537  0.9915394
 0.97157776 0.8728966  0.6583394  0.92727685 0.9577585  0.7449603
 0.83839685 0.91073936 0.7671973  0.9966642  0.70006096 0.99058706
 0.52128196 0.9510517 ]
[0.9980844  0.9410506  0.99438757 0.9997656  0.99956447 0.9974304
 0.99931693 0.97369754 0.96865785 0.96850675 0.7591851  0.7545324
 0.99053967 0.99571913 0.75486726 0.97653764 0.98429525 0.93424416
 0.98356783 0.9141282  0.85771614 0.8980856  0.87535185 0.8624231
 0.8405136  0.8927243  0.82869816 0.9384175  0.84425807 0.9919069
 0.7856392  0.9965101 ]
[0.9874757  0.9357299  0.9898178  0.9996761  0.99931383 0.99927527
 0.9982697  0.976693   0.94086176 0.9880287  0.87188846 0.85002285
 0.9965353  0.99933904 0.79689115 0.9923723  0.9417293  0.97686493
 0.99253803 0.7137527  0.9932514  0.97858894 0.95020777 0.82929116
 0.89209753 0.9883698  0.87244344 0.9966918  0.9989034  0.8513869 ]
[0.99714124 0.91337913 0.9833829  0.99959606 0.99923325 0.91081876
 0.9990803  0.97586787 0.9429512  0.9880442  0.9688168  0.89677715
 0.7793455  0.9962735  0.99889815 0.81922126 0.96958727 0.98588485
 0.9933843  0.9821599  0.96814257 0.62246007 0.9646886  0.97472376
 0.88000655 0.98150486 0.93469924 0.99817705 0.7473032  0.9955552
 0.96910715]
[0.9918834  0.9721497  0.99185526 0.9995783  0.9995776  0.98196536
 0.9990243  0.9485486  0.96795905 0.9879292  0.7892237  0.9018073
 0.7606557  0.9930957  0.99878186 0.76280445 0.9819437  0.9668735
 0.9232796  0.98739094 0.9786945  0.8840016  0.94306993 0.93183917
 0.93831295 0.9674763  0.98720735 0.9953371  0.90235716 0.9981383
 0.97301   ]
[0.99772567 0.97889894 0.99347407 0.99973565 0.9997944  0.99920243
 0.9989668  0.94589764 0.9432277  0.97805554 0.6470359  0.5755567
 0.9948272  0.5943964  0.9750216  0.99340653 0.97696847 0.99485093
 0.9841366  0.9275905  0.78780204 0.8021719  0.5372492  0.9741538
 0.6597469  0.87641436 0.960175   0.8457756  0.9366952  0.9590649
 0.9375645  0.9812542  0.9244722  0.56595653 0.9981627  0.9423688 ]
[0.9975587  0.93356115 0.99591416 0.9994684  0.9988263  0.99757284
 0.99924797 0.9418359  0.9752984  0.9699109  0.7311535  0.9191704
 0.77861863 0.98498696 0.9981199  0.9797289  0.9533781  0.8811765
 0.98837346 0.8662359  0.9757007  0.5603893  0.58702636 0.9115717
 0.77955914 0.9245403  0.93500733 0.9271552  0.904783   0.97619456
 0.996851   0.60950947 0.99704736 0.9435676  0.71904874]
[0.9970853  0.88307804 0.9939553  0.9996582  0.99897194 0.99862146
 0.99945146 0.961384   0.98840135 0.99100226 0.98728937 0.68397814
 0.8920462  0.9936679  0.9988048  0.77158904 0.6756347  0.96675384
 0.9542445  0.99348915 0.9705654  0.934106   0.9886148  0.7425352
 0.64505017 0.95238227 0.74770314 0.71425015 0.99009514 0.99805236
 0.99613523 0.9377738  0.5584221 ]
[0.99829525 0.91227347 0.98835725 0.999516   0.9989837  0.995667
 0.99956065 0.9720783  0.98811775 0.98699725 0.8571288  0.6850381
 0.99445444 0.99891067 0.89097035 0.964984   0.89999926 0.98634803
 0.8634265  0.7866874  0.96965384 0.8199924  0.8247559  0.74596065
 0.9468718  0.95877594 0.92212725 0.96580493 0.9356564  0.85133094
 0.99350774 0.6106854  0.97524107 0.96055365]
[0.9966589  0.90373796 0.9816275  0.99988735 0.9996686  0.996514
 0.9990681  0.9608015  0.9820509  0.98777276 0.58220315 0.778285
 0.99460053 0.9988456  0.975346   0.88682634 0.8558392  0.99513465
 0.989389   0.95078814 0.90114313 0.5355244  0.86529    0.8381143
 0.9713523  0.88022476 0.97533244 0.95846176 0.98525363 0.9588577
 0.79105794 0.99758494 0.8843345  0.99253005 0.98774487]
[0.9956422  0.8879136  0.9919031  0.9999001  0.9997423  0.99963355
 0.99883133 0.96859443 0.9578041  0.9825283  0.57904625 0.5002345
 0.99578696 0.9980398  0.9911212  0.9735764  0.9947772  0.9926508
 0.73264575 0.9220917  0.60028267 0.5757193  0.9046488  0.948411
 0.90018886 0.9840537  0.9317965  0.9660664  0.99560237 0.8370746
 0.9979241  0.93393105 0.9607562 ]
[0.9967493  0.90827644 0.9877229  0.99972874 0.9995011  0.9982034
 0.9981312  0.94895947 0.92546403 0.9611662  0.8278142  0.7906154
 0.9919607  0.9969836  0.7792173  0.97397816 0.97203237 0.9687271
 0.9941223  0.9937406  0.92827094 0.98103756 0.68862724 0.76060116
 0.77486694 0.91667056 0.8435465  0.97330904 0.9482926  0.95878625
 0.9877867  0.9928235  0.99815375 0.9606718  0.98983455]
[0.99568045 0.89021266 0.9945997  0.99975973 0.9992874  0.99947673
 0.9991715  0.9207328  0.95893115 0.9804761  0.6624915  0.5725717
 0.9951428  0.99885964 0.96002764 0.97018653 0.89435244 0.98800695
 0.99297214 0.90858597 0.82982826 0.8084858  0.98686546 0.63544965
 0.7469048  0.9196274  0.8819116  0.71549314 0.50251883 0.94437945
 0.6421284  0.99793506 0.9426839  0.79806036 0.88905865]
[0.9994375  0.92241406 0.99115443 0.99988806 0.9998242  0.99977106
 0.9993319  0.9234276  0.9611554  0.9731314  0.88406014 0.7883309
 0.92861456 0.99274194 0.9990441  0.98586303 0.92268914 0.994158
 0.97191834 0.9839804  0.93733907 0.82766753 0.9388414  0.9594686
 0.9655231  0.95145106 0.97188956 0.8684577  0.99696773 0.9796153
 0.9914684  0.9798186 ]
[0.9379917  0.87868434 0.98926497 0.99970204 0.9995524  0.993789
 0.99933213 0.9547365  0.97326094 0.9850979  0.69176704 0.9207474
 0.5172988  0.995033   0.9983309  0.89694977 0.9467522  0.93253815
 0.97844464 0.9914403  0.9641044  0.867942   0.96495885 0.9242538
 0.9823469  0.87872607 0.962045   0.7359785  0.87182784 0.995417
 0.9966724  0.9840096 ]
[0.9978719  0.9038289  0.9922241  0.9994974  0.9996505  0.93729454
 0.9992912  0.9526369  0.9729591  0.97453576 0.9959823  0.9944636
 0.89561677 0.94116867 0.9895565  0.98369527 0.9930148  0.9944892
 0.98058826 0.88295645 0.6178574  0.93803835 0.8912811  0.942875
 0.9625528  0.5718184  0.99215686 0.74553907 0.9942298  0.93601286
 0.6350494 ]
[0.94632083 0.96228945 0.9894678  0.9996939  0.99949515 0.9940503
 0.9990338  0.9198967  0.9704743  0.96862745 0.9137517  0.8174055
 0.9956363  0.9985442  0.60950416 0.93491304 0.98405844 0.951914
 0.9936061  0.7324585  0.9852143  0.8964124  0.62991    0.8552262
 0.9389216  0.9628471  0.8518808  0.9842175  0.96222365 0.99798346
 0.9988593  0.9384576  0.78487444]
[0.9986131  0.9380324  0.9912599  0.99987566 0.9993476  0.99862075
 0.99935323 0.96767724 0.95080376 0.98094773 0.9897948  0.54879063
 0.87842673 0.9960498  0.9982009  0.65797746 0.914573   0.99019355
 0.90668267 0.99217623 0.9726208  0.9520064  0.9553582  0.7034756
 0.9250348  0.9251041  0.66606086 0.52385145 0.9842069  0.7974801
 0.99666256 0.9043586  0.9411299  0.9965677  0.79703367]
[0.99690574 0.97197986 0.98692685 0.9994536  0.999511   0.93393886
 0.9994454  0.9457962  0.9740044  0.97114974 0.95217615 0.9931804
 0.99785453 0.8928807  0.5113379  0.9800025  0.9851702  0.9012675
 0.9891031  0.9853581  0.66888165 0.8538651  0.5400507  0.98994106
 0.96784747 0.7670051  0.81522816 0.91293377 0.97471863 0.6835197
 0.72269195 0.9837443  0.6845305  0.7059101  0.99827695 0.7066738
 0.9963722  0.9879255 ]
[0.98776114 0.92466253 0.99316734 0.99954647 0.99927086 0.9985127
 0.9974814  0.9635867  0.9874538  0.97526133 0.9556142  0.83399355
 0.9894839  0.99869776 0.8406757  0.8558557  0.9436393  0.94769096
 0.98616296 0.9627305  0.9684759  0.9642393  0.7990725  0.9793505
 0.9462933  0.937247   0.9693326  0.98492485 0.9415476  0.9959462
 0.9977227  0.8693004  0.9983388  0.9329574 ]
[0.9789433  0.89862406 0.99595934 0.99972683 0.9995782  0.99803966
 0.9967722  0.9204179  0.95279413 0.9652304  0.7726364  0.7400136
 0.9976255  0.6783464  0.92128545 0.98393893 0.97516316 0.9433844
 0.99213326 0.9838387  0.9358442  0.6013009  0.9580296  0.699209
 0.5520455  0.9733089  0.89309925 0.8589462  0.9100044  0.95667297
 0.9524068  0.97929215 0.99369824 0.9983907  0.9693552 ]
[0.99928194 0.9067343  0.9929409  0.9997688  0.999303   0.9989706
 0.9992029  0.96997696 0.9907414  0.9924717  0.5842096  0.70032805
 0.98344374 0.9937959  0.99843115 0.93774873 0.9875038  0.837011
 0.9914818  0.7444706  0.9872148  0.6771345  0.957143   0.98750335
 0.9872227  0.7812746  0.94155043 0.77669936 0.95255077 0.9986572
 0.9016858  0.88115036 0.9973744  0.9202137  0.97899103]
[0.98964965 0.9054313  0.9935468  0.999811   0.999813   0.99943215
 0.9976548  0.93417984 0.9816859  0.9636199  0.9702947  0.9642148
 0.99706393 0.9952551  0.60742146 0.8606066  0.9914836  0.96426225
 0.9913197  0.89651334 0.6044177  0.9187016  0.9899046  0.9522465
 0.7371617  0.986886   0.98451823 0.87728125 0.9701849  0.9841793
 0.65131134 0.9979517  0.9643867  0.87291294]
[0.9920797  0.9397712  0.98710304 0.9995683  0.9987614  0.98199284
 0.99700874 0.9547101  0.9875514  0.97501683 0.94552183 0.8496235
 0.8111095  0.99572974 0.99833554 0.7637034  0.98997736 0.9383398
 0.9355475  0.98842865 0.9585726  0.9764376  0.82143563 0.9655434
 0.95543605 0.9856198  0.64095944 0.9592222  0.91422445 0.88771695
 0.9960074  0.9960336  0.9989681  0.90098935]
[0.99861205 0.9161429  0.9895738  0.9996495  0.99918705 0.9926658
 0.9993911  0.95045805 0.99376464 0.9936138  0.5002442  0.6997574
 0.99168664 0.99872094 0.5675404  0.94307876 0.9877753  0.98899764
 0.9784595  0.9870188  0.8034774  0.937001   0.85722494 0.9962729
 0.9320377  0.9778151  0.91575223 0.9039412  0.8056879  0.99735475
 0.99402195 0.9730609  0.66326207]
[0.98292625 0.94397753 0.9924164  0.99840623 0.9994074  0.9985001
 0.9994511  0.94451386 0.964477   0.9792539  0.88534945 0.9690049
 0.99513125 0.99765646 0.52219975 0.67673934 0.9791043  0.7918503
 0.993883   0.9782416  0.94956475 0.90864956 0.89482874 0.9796353
 0.8070425  0.9500233  0.69776976 0.8884351  0.997586   0.9971814
 0.89163804 0.65094113]
[0.9970497  0.9348227  0.9919945  0.99945074 0.9997205  0.8788451
 0.9994085  0.97901833 0.93620235 0.991072   0.83287644 0.6207463
 0.9425526  0.9934643  0.9986291  0.75512516 0.5738904  0.9870912
 0.8503616  0.9857039  0.98311967 0.9661587  0.89044046 0.9306923
 0.8256423  0.8820402  0.9782551  0.7577065  0.97563154 0.56622493
 0.87661886 0.99469924 0.93157214 0.9935848  0.97056556]
[0.9977181  0.93181854 0.99080884 0.9997019  0.9991385  0.9959323
 0.9987803  0.981837   0.93892705 0.9917183  0.9812509  0.99627495
 0.9993494  0.9485548  0.52733964 0.97711486 0.87368685 0.5724974
 0.9908971  0.94018525 0.9696453  0.9160754  0.93565196 0.9435468
 0.68156844 0.9917774  0.97469825 0.9972728  0.993345   0.94106823
 0.5468235 ]
[0.9972057  0.9879412  0.979703   0.9995604  0.9981207  0.8918441
 0.999087   0.9945129  0.9974631  0.9989666  0.9476174  0.9931671
 0.5768293  0.9340697  0.99472624 0.90444356 0.9925012  0.9896937
 0.8943173  0.866218   0.91944075 0.51589406 0.9766051  0.99947923
 0.77758694 0.8498079  0.6344812  0.9784848  0.9779179  0.9671259
 0.991479   0.97734594 0.99742764 0.9637375  0.99597615]
[0.9958469  0.91835517 0.99287957 0.9996487  0.9992938  0.9985648
 0.9993123  0.9506122  0.98212355 0.9879532  0.79463476 0.8828757
 0.7726774  0.828644   0.9990965  0.9531162  0.9717078  0.98172665
 0.9801017  0.6078334  0.7868567  0.9524897  0.9372003  0.9827687
 0.86810875 0.6976089  0.9845154  0.6494945  0.8568502  0.99492884
 0.71330124 0.993936   0.97002035 0.5109412 ]
[0.99680376 0.93162423 0.9916522  0.99953294 0.9997143  0.9962069
 0.9991591  0.9678831  0.97242063 0.9894922  0.64127463 0.9431799
 0.9888475  0.9970516  0.9653388  0.9836474  0.96708107 0.99494356
 0.97276425 0.92482066 0.921639   0.90837944 0.6174573  0.92950654
 0.97299945 0.8946935  0.9636001  0.9746855  0.90306383 0.9941658
 0.9171424  0.9982774  0.9812051 ]
[0.99731404 0.9232058  0.98362684 0.9996494  0.9994018  0.997801
 0.9991804  0.96878976 0.9602694  0.99034154 0.8744959  0.8995311
 0.99723095 0.998033   0.91510963 0.98060226 0.95821905 0.9905282
 0.9492716  0.8453962  0.57938117 0.79393774 0.94816786 0.98613054
 0.8781115  0.9646824  0.95961976 0.95436406 0.9951806  0.95011055
 0.9981511  0.95428705]
[0.9960395  0.90069574 0.9959365  0.9997806  0.999681   0.99946266
 0.9991984  0.9647764  0.96631026 0.9924688  0.61994797 0.9957735
 0.99697864 0.984845   0.9747842  0.91654396 0.9910787  0.9923719
 0.84242254 0.9129911  0.7543674  0.89253765 0.88948655 0.9716979
 0.9123711  0.9380943  0.9964612  0.9861755  0.8304755  0.50061816]
[0.9925103  0.9282129  0.98351973 0.99931896 0.9991972  0.96769977
 0.99915886 0.9589739  0.99604404 0.9702113  0.6380675  0.99414223
 0.99851805 0.5861373  0.9922504  0.6913903  0.9936498  0.67437154
 0.9774212  0.9972409  0.7842602  0.83807164 0.96582884 0.7261955
 0.9348555  0.68975234 0.972324   0.96084696 0.98802906 0.9922856
 0.60540885 0.99769336 0.95866024 0.5383088 ]
[0.9969708  0.9263664  0.9921759  0.9996222  0.9993759  0.99929166
 0.9992618  0.9757987  0.9606882  0.97978514 0.9493222  0.9963743
 0.9963007  0.86602724 0.98999    0.93971497 0.993149   0.9940513
 0.985518   0.95152    0.69944656 0.9737486  0.66682756 0.9612905
 0.61518353 0.97413653 0.8257222  0.81843525 0.9952596  0.969914
 0.9826126  0.9747934  0.9574707 ]
[0.92384225 0.95598364 0.9930855  0.9997874  0.9993051  0.99878114
 0.99842983 0.9414267  0.9764971  0.95850396 0.9651308  0.87467206
 0.9939908  0.99889994 0.9768679  0.9771985  0.989374   0.9767378
 0.66051644 0.729792   0.72380364 0.9229548  0.97066003 0.8017295
 0.9774615  0.96635944 0.9550054  0.9961094  0.9967308  0.93784815]
[0.99712974 0.9154303  0.9829959  0.99943143 0.9989347  0.99871707
 0.9992531  0.9809545  0.9512223  0.9926311  0.7458515  0.910411
 0.9556154  0.98782945 0.99889344 0.8555324  0.9577614  0.9874071
 0.9691886  0.9871895  0.96589345 0.94813424 0.8439888  0.92130315
 0.95292246 0.99801385 0.7816747  0.9957645  0.9752212  0.96335053]
[0.99537814 0.9308168  0.99603087 0.9997564  0.99963975 0.99944764
 0.99743843 0.96106833 0.9644313  0.99363637 0.864104   0.9946523
 0.9977609  0.9502237  0.96718216 0.959761   0.9927205  0.99355465
 0.99443144 0.9895173  0.8289314  0.8554397  0.5255024  0.9754185
 0.8361651  0.8868248  0.97614676 0.96950275 0.94841635 0.99671614
 0.79354435 0.9978333  0.84221333]
[0.99770576 0.8908813  0.99242884 0.9997373  0.9992853  0.97599244
 0.9991597  0.9728503  0.968351   0.97319937 0.9505764  0.99059945
 0.9980331  0.9890956  0.8890152  0.9951815  0.9835189  0.9874765
 0.98214895 0.95471454 0.7578538  0.83980674 0.7065664  0.7816266
 0.9780702  0.9398923  0.96764874 0.8455658  0.74369764 0.9943414
 0.7678158  0.99827313 0.9872903 ]
[0.9942834  0.97717094 0.99439234 0.9988337  0.9992446  0.9269719
 0.9993413  0.93852186 0.984697   0.96408015 0.87068224 0.71604085
 0.9941922  0.99668795 0.9929322  0.9333958  0.9272998  0.99537486
 0.92230374 0.9924269  0.90462863 0.9454464  0.6672151  0.54208505
 0.86577433 0.81496316 0.9083342  0.9608658  0.68718463 0.9954609
 0.98720896 0.9807678  0.9784241 ]
[0.9930252  0.95013446 0.9923063  0.9996512  0.99914086 0.9919225
 0.9984395  0.9157424  0.9751874  0.963345   0.7407682  0.81851155
 0.99431336 0.99583036 0.8947443  0.98451406 0.9476841  0.98267406
 0.8051736  0.99011266 0.9685435  0.9805849  0.7885597  0.9581942
 0.9713779  0.9228803  0.76852876 0.93511236 0.99498886 0.9974139
 0.929072  ]
[0.99679273 0.93544996 0.9882902  0.9996075  0.9992447  0.9500337
 0.99946564 0.9411963  0.95507675 0.97596586 0.66414833 0.797068
 0.98432225 0.99832076 0.9922255  0.97940916 0.97424567 0.9954105
 0.97481877 0.81150323 0.8216038  0.8500384  0.95858335 0.9765534
 0.71531796 0.9862533  0.7076364  0.9943778  0.77017164 0.9564175
 0.9835686  0.9809807 ]
[0.9911247  0.90548044 0.9669446  0.99976474 0.99974066 0.9907603
 0.998492   0.9217754  0.9188485  0.9781125  0.8576038  0.9850668
 0.9980082  0.9516493  0.9593697  0.8808024  0.989423   0.9817068
 0.98625714 0.96531814 0.91669255 0.7213341  0.94381917 0.9693877
 0.8976633  0.76199204 0.6237014  0.76260626 0.9915097  0.9967349
 0.9949114  0.8068102  0.9975884  0.5998206  0.9627915 ]
[0.99658394 0.9815569  0.9878257  0.9998301  0.9995066  0.99952686
 0.9978231  0.98463285 0.96771604 0.99233925 0.94254804 0.82868195
 0.99352115 0.99349844 0.5455167  0.97123736 0.99109006 0.85925287
 0.9890465  0.98205155 0.9799136  0.9432031  0.9449112  0.94529164
 0.9672958  0.9667409  0.98921084 0.9392624  0.99140394 0.8739923
 0.997869   0.84407777 0.71626604]
[0.99914265 0.8846406  0.993048   0.9990415  0.9995763  0.9982167
 0.9990896  0.9426776  0.98225766 0.97270906 0.7471695  0.8725666
 0.99589914 0.99760985 0.7427525  0.9365549  0.98963857 0.857457
 0.9850898  0.97198164 0.5779812  0.9182822  0.82294905 0.8960098
 0.9640787  0.95453596 0.8647979  0.9758068  0.95572186 0.97097033
 0.9923185  0.99743456]
[0.99861085 0.92775464 0.98728067 0.9998356  0.99971586 0.9944048
 0.9988224  0.95828956 0.94602406 0.98712826 0.5580834  0.9277693
 0.96732306 0.99548185 0.99774027 0.93963414 0.9530886  0.99458474
 0.98869926 0.9793091  0.92656296 0.9911656  0.9418668  0.8832408
 0.94765276 0.6480041  0.85013115 0.79932475 0.9975515  0.8900495
 0.99759465 0.70089877 0.9758834 ]
[0.9971943  0.8884069  0.98433685 0.999741   0.9990767  0.99911565
 0.9995945  0.98027694 0.99641633 0.99373347 0.9263191  0.84689146
 0.5041176  0.9926575  0.998292   0.9658919  0.9579568  0.9950411
 0.9920697  0.9902721  0.9212448  0.92716575 0.5179849  0.79310185
 0.9434541  0.9833731  0.7269098  0.9972367  0.9660375  0.74648994
 0.995112   0.95784837 0.99408275 0.98954004]
[0.99832946 0.92631257 0.9943076  0.99963176 0.9989968  0.94942486
 0.9991648  0.9541006  0.9989046  0.97946155 0.64969546 0.52795166
 0.99329424 0.9981185  0.98280346 0.9920861  0.9708428  0.9949567
 0.9927112  0.9690693  0.9615201  0.8452263  0.99920326 0.90165395
 0.8854025  0.96253115 0.9267378  0.9953141  0.8969797  0.9974439
 0.96647334]
[0.99028754 0.8842716  0.98271    0.9998274  0.9995795  0.99839634
 0.99848986 0.9545416  0.9755906  0.9577083  0.9657981  0.720556
 0.9968935  0.9894271  0.9528564  0.9583295  0.9880476  0.96022785
 0.5966039  0.9937709  0.97277665 0.86428833 0.5211435  0.99010885
 0.96362764 0.93210876 0.8439257  0.69240427 0.77938104 0.996881
 0.86032504 0.9958683  0.8759114 ]
[0.9971131  0.8964127  0.98859686 0.9998167  0.99966836 0.9882367
 0.999114   0.9427097  0.9743584  0.9847895  0.7089093  0.94620717
 0.95241714 0.99740195 0.99833125 0.77927566 0.9929208  0.84365815
 0.9935981  0.9958027  0.96536714 0.913313   0.85191286 0.97073257
 0.9393289  0.67449224 0.98157275 0.96456903 0.95330954 0.99557745
 0.9962298  0.93004954 0.89106673]
[0.8856023  0.94614375 0.99155396 0.9999001  0.99972886 0.9994796
 0.99897337 0.9810342  0.97529185 0.99136436 0.9402241  0.993101
 0.99296993 0.9540259  0.97531736 0.9599663  0.50266033 0.94988465
 0.9880328  0.87232023 0.86847144 0.9785487  0.9011226  0.9558104
 0.75992304 0.9264418  0.94457597 0.9069876  0.70305043 0.9878093
 0.93491125 0.96997154 0.77225894 0.9959877  0.80444217 0.99749196
 0.61139256]
[0.99602866 0.9074838  0.982543   0.9997919  0.99965656 0.99858934
 0.99864274 0.9559046  0.97230893 0.98378354 0.9852196  0.80447227
 0.9892425  0.9969668  0.97508395 0.97174895 0.97824496 0.99278533
 0.9523198  0.8123303  0.6954926  0.5261717  0.91317993 0.9660106
 0.92073303 0.9801609  0.97717434 0.92378825 0.9949863  0.84479403
 0.9965922  0.9576112 ]
[0.9965474  0.9203008  0.9934504  0.9998318  0.9996804  0.99952173
 0.99897313 0.967573   0.9515841  0.9666745  0.809033   0.72273445
 0.9665864  0.99032813 0.99820125 0.9690572  0.9686175  0.8793242
 0.9825891  0.9945186  0.96056706 0.9370024  0.96622556 0.9516913
 0.91982156 0.80521595 0.96771336 0.97571903 0.8959035  0.9974375
 0.9679994  0.9938148  0.6690037 ]
