Mprobs for dataset sim1 (1e-1)

[0.9999418  0.99995685 0.9999498  0.9999162  0.99996126 0.99992645
 0.99993265 0.9999516  0.99991393 0.9999006 ]
[0.99972624 0.9999434  0.9999459  0.9998454  0.99995077 0.9999422
 0.99994385 0.999943   0.9999229  0.99990916]
[0.99990964 0.9999517  0.99994576 0.9999293  0.99993694 0.9998956
 0.9999268  0.99992085 0.9999012  0.99991846]
[0.99994195 0.99994123 0.99992037 0.9998869  0.9999143  0.9999491
 0.99995375 0.99995124 0.99988973 0.99991333]
[0.9999281  0.9999387  0.9999355  0.99984    0.9999354  0.9999013
 0.99996185 0.9999461  0.9999409  0.9999528 ]
[0.9999229  0.999959   0.99993277 0.99988914 0.9999391  0.9999443
 0.9999683  0.9999317  0.9999193  0.9998939 ]
[0.99991393 0.99990904 0.9999069  0.9998909  0.99993575 0.99994373
 0.999954   0.99993813 0.9999442  0.9999449 ]
[0.9999306  0.99993944 0.99994934 0.99989736 0.9999497  0.9999205
 0.99991894 0.99995625 0.99992573 0.99990165]
[0.9999349  0.9999478  0.9999261  0.9998727  0.9999523  0.9999399
 0.9999267  0.99995255 0.9999448  0.9999404 ]
[0.99988246 0.99993193 0.99993837 0.99987876 0.99994814 0.9999199
 0.999956   0.999926   0.9999132  0.99994767]
[0.999905   0.99993753 0.99994326 0.99985945 0.99994457 0.9999379
 0.9999281  0.99992883 0.9999045  0.999933  ]
[0.999912   0.9999434  0.9999399  0.9998658  0.9999597  0.9999136
 0.99992263 0.9999529  0.9998851  0.999946  ]
[0.9999238  0.99991786 0.99994576 0.99987876 0.9999589  0.9999478
 0.9999231  0.99996006 0.9999336  0.9999318 ]
[0.99990165 0.99995756 0.9999212  0.9998894  0.99993646 0.9999486
 0.9999299  0.9999261  0.99989116 0.9999393 ]
[0.9999261  0.999946   0.9999255  0.9998907  0.99992657 0.9998921
 0.9999298  0.9999491  0.9999038  0.9999478 ]
[0.99988925 0.9999505  0.99995494 0.99991167 0.999943   0.99989796
 0.99991715 0.9999628  0.9998938  0.99992275]
[0.99990654 0.99991286 0.99992514 0.9998281  0.99995375 0.9999056
 0.9999542  0.99993277 0.999897   0.99990857]
[0.99994934 0.9999485  0.99994993 0.99991894 0.999946   0.9999379
 0.99992466 0.99993443 0.9999368  0.9999237 ]
[0.9999484  0.99995065 0.999897   0.999845   0.9999585  0.999948
 0.9999502  0.9999528  0.9999404  0.9999198 ]
[0.9999343  0.99992514 0.99992025 0.999908   0.99991465 0.99994445
 0.99991643 0.99993277 0.99993837 0.99989855]
[0.9999083  0.99994206 0.99993396 0.9998733  0.9999502  0.99991906
 0.9999459  0.9999143  0.9999392  0.9999306 ]
[0.9999188  0.9999057  0.999949   0.9998685  0.9999522  0.9999553
 0.99995375 0.9999199  0.999951   0.9999294 ]
[0.999913   0.9999503  0.9999491  0.99992526 0.99995685 0.9999511
 0.9999546  0.9999379  0.999907   0.99990034]
[0.9999449  0.99996066 0.99990106 0.999845   0.9999237  0.99994195
 0.9999616  0.9999354  0.9999031  0.9999025 ]
[0.9999255  0.9999572  0.9999099  0.9998995  0.99993086 0.99994075
 0.9999635  0.9999181  0.99993086 0.99993   ]
[0.9998958  0.99995553 0.99991906 0.999897   0.9999579  0.99994195
 0.9999304  0.9999541  0.99994516 0.9999095 ]
[0.99993694 0.9999107  0.99993765 0.99987924 0.9999528  0.9999348
 0.99995875 0.9999479  0.9999331  0.9998957 ]
[0.9999379  0.999948   0.99992573 0.9998938  0.9999645  0.999923
 0.99996066 0.9999597  0.99994695 0.9998956 ]
[0.9999405  0.9999461  0.9999429  0.9999138  0.9999633  0.9999399
 0.99995804 0.99992263 0.9999318  0.9999424 ]
[0.9999454  0.99993753 0.9999014  0.9998964  0.9999598  0.99995184
 0.99991524 0.9999119  0.99991155 0.9999418 ]
[0.99988675 0.99993503 0.99991024 0.9998368  0.9999447  0.99992263
 0.99991596 0.9999536  0.9999254  0.99993885]
[0.99991596 0.99990964 0.9999293  0.99986553 0.99994326 0.99990046
 0.99991584 0.999923   0.99990094 0.99993885]
[0.9999485  0.9999496  0.99993503 0.9998766  0.99995863 0.9999002
 0.9999522  0.99992204 0.99987364 0.9999051 ]
[0.99991035 0.9999387  0.99994886 0.99991894 0.999959   0.99989164
 0.999951   0.9999279  0.999941   0.9999505 ]
[0.99990404 0.99994695 0.99993455 0.9998498  0.999941   0.99990225
 0.99994075 0.9999554  0.9998939  0.9999317 ]
[0.9999     0.99995756 0.999905   0.9999157  0.99991035 0.9999429
 0.9999212  0.99995804 0.99993765 0.9999355 ]
[0.9999088  0.9999548  0.9999012  0.99992967 0.9999367  0.9999238
 0.99994314 0.99992    0.99992085 0.9999249 ]
[0.9999492  0.99991786 0.99990535 0.9999045  0.9999653  0.99992704
 0.99991536 0.9999299  0.9999417  0.9999343 ]
[0.9999254  0.9999081  0.9999039  0.9998559  0.9999497  0.99989617
 0.9999436  0.99994457 0.9999151  0.9999393 ]
[0.9999461  0.9999471  0.99991167 0.9998542  0.9999416  0.9999149
 0.9999157  0.9999349  0.9999181  0.99990666]
[0.99989593 0.9999294  0.99991333 0.9998522  0.9999355  0.99990594
 0.9999572  0.99990726 0.9999441  0.9999505 ]
[0.9999008  0.9999125  0.9998958  0.999881   0.99995255 0.9999261
 0.9999542  0.99994147 0.9999058  0.9999536 ]
[0.9999472  0.99992156 0.99991035 0.9998586  0.9999654  0.99991906
 0.9999349  0.99992657 0.99992144 0.99992573]
[0.9999162  0.99995995 0.99992204 0.9999248  0.99996114 0.9999522
 0.99994457 0.9999515  0.99989736 0.999941  ]
[0.9999163  0.99995995 0.99992704 0.999835   0.999941   0.99991405
 0.99996233 0.9998987  0.9999087  0.9999261 ]
[0.9999287  0.99995553 0.9999447  0.99988127 0.9999325  0.999936
 0.99992895 0.9999541  0.99994123 0.99995315]
[0.99988663 0.9999324  0.99989736 0.999887   0.99993753 0.99991953
 0.9999416  0.99995756 0.9999126  0.9999008 ]
[0.99994755 0.9999176  0.99995387 0.9998698  0.99994063 0.99990857
 0.999938   0.99994504 0.99991477 0.99989605]
[0.99994445 0.9999603  0.999895   0.99990475 0.9999362  0.99994576
 0.9999219  0.9999434  0.99990594 0.99995565]
[0.99988747 0.99993634 0.9999367  0.9998914  0.9999497  0.9999236
 0.99991643 0.99994206 0.999941   0.99994314]
[0.9999305  0.999959   0.9999263  0.9999131  0.99994516 0.9999454
 0.99992657 0.99994767 0.9999106  0.99991477]
[0.99993324 0.9999113  0.99989974 0.9998704  0.9999275  0.9999379
 0.99990904 0.99991524 0.99989617 0.9998934 ]
[0.99991584 0.9999417  0.9999386  0.99989545 0.9999552  0.99991107
 0.99994993 0.9999145  0.9998766  0.999899  ]
[0.99992967 0.99995613 0.99992335 0.9998716  0.99992704 0.9999405
 0.9999511  0.99996305 0.9999267  0.9999517 ]
[0.99994504 0.9999242  0.99991727 0.9999049  0.999962   0.9998921
 0.99995303 0.999936   0.99991393 0.9999374 ]
[0.9999461  0.99994254 0.99992585 0.999863   0.9999186  0.99993813
 0.9999194  0.9999254  0.99993014 0.9999056 ]
[0.9999119  0.9999485  0.99993503 0.99990356 0.99995375 0.9999211
 0.9999219  0.9999106  0.99991715 0.9999136 ]
[0.9999411  0.99995697 0.9999286  0.9999136  0.99994373 0.99993265
 0.99992347 0.99992347 0.9999267  0.99991846]
[0.99989474 0.99991643 0.99992585 0.9998375  0.99994254 0.99992466
 0.99995255 0.9999522  0.9999157  0.9999404 ]
[0.99989533 0.9999505  0.99994123 0.99993217 0.9999232  0.9998858
 0.999951   0.9999535  0.99990547 0.9999535 ]
[0.9999366 0.9999553 0.9999306 0.9998777 0.9999505 0.9999298 0.9999589
 0.9999175 0.9999162 0.9998981]
[0.9999387  0.9999155  0.999943   0.9998036  0.99996746 0.99994457
 0.99993837 0.99996054 0.9999461  0.99992573]
[0.9998927  0.9999504  0.9999118  0.99989426 0.99994826 0.9999453
 0.99994946 0.9999286  0.9999492  0.9999529 ]
[0.9998833  0.99991155 0.99994934 0.9999192  0.9999485  0.9999244
 0.9999323  0.99995124 0.99989474 0.99995303]
[0.9998989  0.9999548  0.9999497  0.9998529  0.9999156  0.9999398
 0.99995995 0.9999577  0.99990976 0.9999498 ]
[0.9999217  0.99995387 0.99994373 0.9998714  0.9999378  0.9999243
 0.99992955 0.99995005 0.99991965 0.9998975 ]
[0.9999     0.999928   0.99994695 0.9998778  0.9999597  0.9999548
 0.99991477 0.9999428  0.9998869  0.9999527 ]
[0.9999294  0.9999176  0.9999044  0.9998617  0.99995303 0.9998945
 0.9999622  0.9999434  0.9998969  0.99994886]
[0.9999025  0.99992764 0.99993134 0.99988747 0.9999677  0.9999393
 0.9999424  0.9999523  0.9999312  0.99993885]
[0.9999025  0.999925   0.9999107  0.99981433 0.99992085 0.99989486
 0.99995196 0.99990535 0.9999405  0.9999329 ]
[0.99993885 0.99995995 0.9999088  0.9999213  0.99993193 0.999926
 0.99990666 0.9999454  0.99994445 0.99989736]
[0.99988866 0.9999622  0.9999459  0.9999     0.9999604  0.99994826
 0.99995875 0.99992836 0.9999232  0.9999372 ]
[0.99993587 0.999946   0.99992025 0.99980754 0.9999387  0.9999144
 0.999944   0.9999504  0.99989283 0.9999422 ]
[0.9999356  0.9999449  0.99991643 0.9998766  0.99993217 0.99990726
 0.9999187  0.9999298  0.9999219  0.9998952 ]
[0.99991703 0.9999542  0.9999517  0.99986315 0.9999622  0.9998976
 0.99993503 0.9999125  0.99994504 0.9999509 ]
[0.9999076  0.9999335  0.99995196 0.9998766  0.9999516  0.9999306
 0.9999243  0.99993837 0.999926   0.9999535 ]
[0.9999466  0.99994504 0.99989974 0.9998919  0.9999621  0.99993134
 0.99995387 0.9999511  0.99987984 0.9999428 ]
[0.9999068  0.9999572  0.99993443 0.99984324 0.9999664  0.9998971
 0.9999348  0.9999393  0.99989915 0.9999486 ]
[0.9999105  0.9999312  0.99994063 0.999858   0.99995196 0.99994195
 0.9999237  0.9999149  0.99992394 0.99990046]
[0.9998952  0.9999231  0.9999144  0.9999069  0.9999393  0.99992585
 0.9999497  0.9999261  0.99989545 0.99992406]
[0.9999393  0.9999144  0.9999243  0.99991333 0.99996054 0.9999422
 0.99994934 0.99991405 0.9999299  0.9999101 ]
[0.9998951  0.9999248  0.9999342  0.9998487  0.9999603  0.99993265
 0.999962   0.9999306  0.99993277 0.9999442 ]
[0.99988127 0.9999081  0.99994683 0.99990606 0.99993    0.9999089
 0.999944   0.9999393  0.99993    0.9999399 ]
[0.99993634 0.99991155 0.9999485  0.9999032  0.99996483 0.99992526
 0.99992585 0.99993956 0.99992704 0.99992   ]
[0.9999423  0.9999443  0.9999411  0.99987864 0.99993694 0.99990606
 0.99990666 0.99995637 0.99991035 0.9999068 ]
[0.9999465  0.99993896 0.9999174  0.99993086 0.9999242  0.9999397
 0.9999596  0.9999205  0.9999132  0.9999374 ]
[0.99990976 0.9999441  0.9999232  0.9998809  0.99994695 0.99993646
 0.99992156 0.99993646 0.99987984 0.9999325 ]
[0.99993527 0.9999609  0.9999083  0.999899   0.9999323  0.9999021
 0.9999181  0.9999145  0.9999447  0.99993837]
[0.999923   0.9999565  0.9999374  0.99986386 0.9999403  0.9998901
 0.9999244  0.99992526 0.9999256  0.9999305 ]
[0.99991083 0.9999174  0.9999224  0.99989367 0.9999219  0.99991155
 0.9999472  0.99991524 0.9998996  0.99995434]
[0.99991834 0.999928   0.9999062  0.9998275  0.999962   0.9999367
 0.99996424 0.99992025 0.99993455 0.9999399 ]
[0.9998902  0.9999441  0.99993825 0.99989724 0.99993813 0.9999026
 0.9999502  0.9999254  0.99990344 0.99995136]
[0.99989724 0.9999404  0.99991703 0.9998611  0.9999262  0.9999181
 0.99993265 0.99995255 0.9999021  0.999895  ]
[0.99994874 0.99995565 0.9999043  0.9998822  0.9999392  0.99993837
 0.9999523  0.9999238  0.99989665 0.9999342 ]
[0.9998977  0.9999285  0.9998932  0.99988306 0.9999492  0.9999403
 0.9999455  0.9999552  0.9999231  0.99995565]
[0.99988115 0.9999299  0.9998964  0.9999244  0.9999603  0.9999498
 0.9999484  0.9999114  0.99991655 0.9999088 ]
[0.9998977  0.99995697 0.99993265 0.99992025 0.9999529  0.9999051
 0.999961   0.9999337  0.9998838  0.99992085]
[0.9999249  0.99994457 0.99992    0.99988675 0.9999323  0.9999503
 0.999944   0.99990547 0.9998857  0.99995327]
[0.99987876 0.999928   0.9999225  0.999879   0.9999653  0.9999267
 0.99996006 0.99991643 0.99992776 0.9999374 ]
[0.99991524 0.9999505  0.99991345 0.9999039  0.99992585 0.99989843
 0.9999151  0.9999547  0.9998872  0.9999517 ]
