Mprobs for dataset sim1 (1e-4)

[0.9999019  0.99995685 0.99993336 0.9998634  0.9999449  0.9999
 0.9999144  0.9999536  0.9999238  0.9999081 ]
[0.9999236  0.99995315 0.9999337  0.99989784 0.99996114 0.9999366
 0.99991846 0.9999573  0.9998777  0.99992335]
[0.9998803  0.99993765 0.99993527 0.9998368  0.99991274 0.9999112
 0.99993026 0.9999294  0.9999465  0.99990904]
[0.99990165 0.999923   0.99994934 0.9998671  0.99995637 0.99992776
 0.99995923 0.99995303 0.9999386  0.9999472 ]
[0.9998934  0.9999434  0.9999137  0.99980277 0.9999503  0.9999043
 0.9999337  0.9999491  0.99994004 0.99994123]
[0.99994624 0.99992096 0.9999027  0.9998196  0.99993193 0.9998995
 0.9999393  0.9999373  0.99995005 0.9999422 ]
[0.999925   0.99995124 0.99993    0.9999236  0.9999331  0.9999155
 0.99992967 0.99993145 0.9999176  0.99995387]
[0.99994326 0.9999386  0.9999076  0.99991405 0.99991536 0.9999325
 0.99996305 0.9999254  0.99991965 0.9999378 ]
[0.99990356 0.99995327 0.99989796 0.9998888  0.9999473  0.99994886
 0.99996066 0.999938   0.9999373  0.9998977 ]
[0.99992085 0.99994206 0.99993145 0.9998753  0.9999236  0.9999393
 0.99994934 0.9999236  0.99992204 0.9998963 ]
[0.9999449  0.9999409  0.9999441  0.9999211  0.9999393  0.99991417
 0.99991727 0.99995136 0.99988186 0.9999083 ]
[0.99992514 0.9999548  0.9998994  0.99986446 0.99995136 0.99990165
 0.99995565 0.99992836 0.99987996 0.9999126 ]
[0.99993074 0.9999149  0.9999087  0.99988174 0.9999602  0.9998934
 0.9999616  0.99994516 0.99993443 0.99993205]
[0.9999373  0.99995935 0.9999138  0.9998952  0.9999436  0.99992335
 0.99992645 0.9999136  0.9999343  0.99993324]
[0.9999087  0.999931   0.99989545 0.9998423  0.9999608  0.99995255
 0.99996614 0.9999498  0.99989843 0.9999198 ]
[0.99989736 0.9999434  0.99991333 0.9998385  0.9999378  0.9999057
 0.9999403  0.9999478  0.9999409  0.99990773]
[0.9999318  0.99993646 0.9999076  0.9999058  0.9999281  0.9999498
 0.99992204 0.99992657 0.99992657 0.999913  ]
[0.99991727 0.9999068  0.9999323  0.99987996 0.99994123 0.99993825
 0.99995804 0.9999248  0.9999237  0.9999522 ]
[0.9999095  0.9999304  0.99991655 0.9998615  0.9999552  0.99994814
 0.9999535  0.9999225  0.99991584 0.9999056 ]
[0.99990463 0.99991417 0.99990666 0.99986863 0.999966   0.9999527
 0.9999521  0.99992704 0.9998715  0.99994576]
[0.9998851  0.9999471  0.99989927 0.99985707 0.9999404  0.9999268
 0.99995947 0.9999448  0.9999372  0.99994576]
[0.99993944 0.9999168  0.9998915  0.9998221  0.99994195 0.9999156
 0.9999635  0.9999176  0.99994755 0.99990356]
[0.9999362  0.9999566  0.9999534  0.99993205 0.999943   0.9998926
 0.9999633  0.999941   0.99989283 0.9999536 ]
[0.9998833  0.9999356  0.9999299  0.9998982  0.9999162  0.9999267
 0.99992573 0.9999349  0.99991405 0.9999163 ]
[0.9999398  0.999926   0.9999254  0.99985385 0.99990773 0.99994755
 0.99991035 0.9999261  0.99989223 0.9999479 ]
[0.9999062  0.999946   0.9999505  0.99991465 0.99995553 0.999936
 0.9999597  0.99995327 0.99994636 0.9999286 ]
[0.99990165 0.9999428  0.99995184 0.9999287  0.9999293  0.99993026
 0.99993396 0.999931   0.9999472  0.9999193 ]
[0.99993503 0.99994767 0.9999176  0.999853   0.9999347  0.9999019
 0.9999502  0.9999161  0.99992955 0.9999492 ]
[0.99992096 0.99993515 0.9998927  0.9999176  0.9999459  0.99994314
 0.99993896 0.99993443 0.99990976 0.99991286]
[0.99993956 0.9999255  0.99991286 0.9998406  0.9999536  0.99991584
 0.9999553  0.9999553  0.99991333 0.99991703]
[0.9999225  0.9999529  0.9999378  0.99986935 0.99991274 0.9999504
 0.99996054 0.99991155 0.99991345 0.9999436 ]
[0.9999378  0.99993026 0.99990976 0.9998192  0.9999565  0.99994576
 0.9999442  0.99993694 0.9999398  0.9999372 ]
[0.99994826 0.9999424  0.99994123 0.9999232  0.9999535  0.9999057
 0.99996257 0.99992895 0.9999045  0.9999527 ]
[0.9999007  0.9999194  0.9999155  0.99987364 0.9999187  0.99993646
 0.99993956 0.9999367  0.99990356 0.99990773]
[0.99989545 0.9999168  0.9999422  0.9998889  0.99995005 0.99994063
 0.9999403  0.9999535  0.9999417  0.99994934]
[0.99991214 0.99994004 0.9999212  0.9999162  0.9999521  0.9999269
 0.9999579  0.9999429  0.9998872  0.999949  ]
[0.9999474  0.99994993 0.99993134 0.99980015 0.99995303 0.9999516
 0.9999269  0.99991715 0.9999306  0.9999089 ]
[0.9998939  0.99993646 0.9999181  0.99988365 0.9999316  0.99991274
 0.9999521  0.99995124 0.9999261  0.999943  ]
[0.9999169  0.99992204 0.9999224  0.9999082  0.99992895 0.9999471
 0.9999646  0.999912   0.99987924 0.99995375]
[0.99988866 0.999923   0.99990165 0.9998826  0.99992836 0.99994755
 0.99995327 0.99992967 0.9999125  0.99993706]
[0.9998851  0.9999329  0.99991703 0.99990964 0.9999497  0.99993944
 0.99995184 0.9999087  0.9999087  0.9999068 ]
[0.9998888  0.9999349  0.999951   0.99990857 0.9999299  0.9999343
 0.99995923 0.9999498  0.9999052  0.999907  ]
[0.9999399  0.9999262  0.9999244  0.9998734  0.9999409  0.9999218
 0.9999306  0.9999504  0.99992716 0.99995244]
[0.9999442  0.999951   0.9999343  0.99984205 0.9999641  0.99994826
 0.99992144 0.99991167 0.9999287  0.99993753]
[0.9998865  0.999938   0.99991035 0.9999106  0.9999217  0.9999231
 0.9999161  0.9999553  0.9998909  0.9999026 ]
[0.99990666 0.9999373  0.9999529  0.9998909  0.9999597  0.99990654
 0.9999131  0.99993396 0.99988353 0.99994314]
[0.9999162  0.9999145  0.99994934 0.999851   0.99995124 0.99992776
 0.99995923 0.9999306  0.9999254  0.99994814]
[0.99995196 0.9999378  0.9999263  0.99993503 0.9999379  0.99989617
 0.9999417  0.9999083  0.9999311  0.9999409 ]
[0.99993074 0.99990356 0.9999299  0.99984753 0.9999516  0.9999385
 0.9999273  0.9999447  0.99993193 0.9999275 ]
[0.99989724 0.9999572  0.9998946  0.99985254 0.9999522  0.9998983
 0.9999336  0.99995625 0.999915   0.9999411 ]
[0.99993706 0.99991655 0.9999137  0.99991596 0.999931   0.9999428
 0.99996066 0.99996006 0.9999256  0.99991846]
[0.99993074 0.99992347 0.99989545 0.9998945  0.999961   0.9999453
 0.99995744 0.999936   0.9998925  0.99990237]
[0.9999275  0.99993205 0.99992967 0.99991286 0.9999645  0.9999273
 0.9999405  0.9999436  0.99991393 0.99992275]
[0.9999286  0.99995625 0.9999155  0.9998982  0.99996006 0.9999083
 0.999936   0.9999145  0.9999442  0.99994016]
[0.99989355 0.9999324  0.99989045 0.9998735  0.9999453  0.9999491
 0.99994934 0.99991226 0.9999176  0.99993706]
[0.9999374  0.9999294  0.99995196 0.99983025 0.99995446 0.9999044
 0.99994075 0.9999088  0.99990666 0.9999548 ]
[0.9999038  0.9999423  0.9999447  0.9999342  0.999923   0.9999484
 0.99995136 0.99993134 0.9998939  0.9999018 ]
[0.99991584 0.9999263  0.9999292  0.9998512  0.9999461  0.9999548
 0.99996746 0.99993515 0.9999263  0.99992776]
[0.9999238  0.9999583  0.99992645 0.99988234 0.9999294  0.99989605
 0.9999541  0.9999529  0.9999119  0.99991345]
[0.9999225  0.9999405  0.99993646 0.999907   0.99993753 0.99994636
 0.99992156 0.9999385  0.9999132  0.99989426]
[0.9999286  0.9999292  0.99991536 0.99987197 0.9999409  0.99992526
 0.9999492  0.9999385  0.9999317  0.99993575]
[0.9999132  0.9999405  0.99995005 0.99990225 0.9999584  0.99993134
 0.9999654  0.99994206 0.9999254  0.99993885]
[0.9999032  0.9999213  0.9999441  0.9998903  0.99996233 0.99994147
 0.99993587 0.99992645 0.99989676 0.9999201 ]
[0.9998895  0.99992824 0.9999201  0.99991393 0.99992776 0.9999243
 0.99995863 0.99994063 0.9999497  0.9999008 ]
[0.99988866 0.9999299  0.99990606 0.9998658  0.99995697 0.9999119
 0.99991035 0.9999379  0.99990714 0.9999497 ]
[0.9999094  0.9999155  0.9999336  0.99990034 0.9999579  0.9999324
 0.99992204 0.9999168  0.99992657 0.99995387]
[0.9998983  0.999913   0.9999448  0.99982494 0.9999224  0.9998909
 0.9999598  0.9999529  0.99994266 0.99990773]
[0.99994516 0.99993896 0.9999521  0.99985826 0.9999548  0.99993086
 0.99995506 0.99994504 0.99988234 0.99989223]
[0.9999417  0.99993145 0.99994516 0.99990416 0.9999411  0.99994934
 0.99994314 0.99992335 0.9999447  0.9999547 ]
[0.99993026 0.9999393  0.9999349  0.99986947 0.9999416  0.99994755
 0.9999124  0.99994874 0.9999069  0.99995184]
[0.99991214 0.9999474  0.9999157  0.99986327 0.99996495 0.99989796
 0.9999467  0.999959   0.9999174  0.9999286 ]
[0.99990225 0.9999566  0.99991894 0.9997917  0.9999331  0.99992955
 0.99995756 0.99995124 0.9999207  0.99992144]
[0.9999386  0.9999118  0.9999548  0.99989617 0.9999418  0.9999474
 0.99993634 0.9999411  0.9999274  0.9999236 ]
[0.9999385  0.9999207  0.9999461  0.9999192  0.9999193  0.99995196
 0.99991167 0.99995875 0.9999405  0.9999454 ]
[0.99990404 0.9999546  0.9999467  0.9999175  0.99996066 0.9999397
 0.9999523  0.99995077 0.99992824 0.99992454]
[0.9999471  0.99995077 0.99991786 0.9999019  0.99992144 0.9998946
 0.9999416  0.99994504 0.99991035 0.9999279 ]
[0.99989235 0.9999169  0.9999167  0.9999099  0.99995244 0.999918
 0.9999604  0.9999565  0.9998839  0.9999286 ]
[0.9999012  0.99994946 0.9999194  0.9999132  0.99994516 0.9998939
 0.999944   0.9999429  0.9999362  0.9999063 ]
[0.9998952  0.99995625 0.9999423  0.99991775 0.99996376 0.99993277
 0.99994504 0.99994147 0.99989295 0.9999275 ]
[0.9999201  0.99994826 0.99990296 0.99990666 0.9999385  0.9999082
 0.9999262  0.9999187  0.99991775 0.99991655]
[0.99989533 0.99990857 0.9999478  0.9999306  0.99995065 0.99992645
 0.99992144 0.99992645 0.99988914 0.9999502 ]
[0.9999026  0.9999316  0.99992585 0.9998541  0.99996424 0.999948
 0.9999201  0.9999362  0.9999275  0.9998888 ]
[0.99993646 0.9999193  0.999948   0.99989474 0.99994326 0.99991274
 0.9999372  0.99991775 0.999925   0.99991477]
[0.9999442  0.99995196 0.9999033  0.9998481  0.9999442  0.99991286
 0.9999516  0.9999604  0.9999455  0.9999472 ]
[0.9999305  0.9999304  0.9999001  0.99991477 0.99992836 0.9998894
 0.99994385 0.99992406 0.99993837 0.99990904]
[0.9999238  0.9999366  0.99989796 0.9998512  0.99994874 0.9999498
 0.999943   0.9999217  0.99993694 0.99989724]
[0.9999373  0.99994755 0.9999517  0.9999044  0.999954   0.99992144
 0.99995875 0.999956   0.99988616 0.99994946]
[0.99990594 0.99992466 0.9999118  0.9998332  0.9999337  0.9999317
 0.99995255 0.9999269  0.9998728  0.99992216]
[0.9999076  0.999913   0.9999213  0.9998672  0.99992955 0.99992037
 0.99992466 0.9999474  0.9999362  0.9999162 ]
[0.9999472  0.9999515  0.99990034 0.9998796  0.9999659  0.99992096
 0.99994814 0.9999424  0.99993753 0.99994457]
[0.9999478  0.99992406 0.9999405  0.99984825 0.9999074  0.9998975
 0.9999368  0.9999198  0.9999274  0.99989796]
[0.9999318  0.9999229  0.99995375 0.9998591  0.99994934 0.99992955
 0.99993765 0.999928   0.99991775 0.9999045 ]
[0.99988794 0.99994683 0.9998981  0.9998957  0.9999325  0.9999224
 0.99995065 0.9999517  0.9998864  0.99995124]
[0.99994636 0.99992955 0.9999232  0.9998859  0.9999535  0.9999505
 0.999964   0.9999497  0.9999014  0.99993527]
[0.99990976 0.999941   0.99995446 0.9998741  0.99993086 0.9999485
 0.9999583  0.999943   0.99993825 0.9999423 ]
[0.99993634 0.99995863 0.99994564 0.9998567  0.99994206 0.9999443
 0.9999597  0.99992454 0.9998692  0.99993646]
[0.9998859  0.9999399  0.99990726 0.999861   0.9999473  0.99992335
 0.99993837 0.9999392  0.99991286 0.9999151 ]
[0.99990916 0.99995935 0.9999312  0.9999205  0.9999397  0.99994254
 0.9999316  0.9999163  0.9999354  0.9999176 ]
[0.9999274  0.99995637 0.99990976 0.99989367 0.9999217  0.999941
 0.9999143  0.9999225  0.99991655 0.9999455 ]
[0.99993443 0.9999579  0.99990857 0.9999052  0.9999628  0.99995315
 0.9999285  0.9999528  0.9999356  0.999918  ]
