Mprobs for dataset sim1 (50)

[0.9854198  0.9988122  0.9897894  0.99609166 0.9997055  0.99953437
 0.99716264 0.999521   0.99178714 0.9976634  0.9846541  0.99795616
 0.9938933  0.99942076 0.99771595 0.99362224 0.9993606  0.99963486]
[0.9556312  0.9986436  0.99812025 0.9960991  0.9997745  0.99959296
 0.99467295 0.9989109  0.9944494  0.997591   0.9785558  0.99854183
 0.9941485  0.9988531  0.99703324 0.9920564  0.9988709  0.9996474 ]
[0.96134204 0.9978175  0.9976624  0.9958566  0.99960893 0.9995066
 0.99572253 0.9992895  0.9879373  0.9973049  0.98804086 0.99834585
 0.9903466  0.99913824 0.9963446  0.98599106 0.998701   0.99962926]
[0.9600853  0.99816895 0.9995523  0.9972978  0.99979097 0.9993284
 0.99717784 0.99958664 0.99568176 0.9966118  0.9698205  0.99822515
 0.9975836  0.99915147 0.99800247 0.98227745 0.99951804 0.9995739 ]
[0.95783776 0.9974752  0.99875426 0.9977406  0.99961686 0.9991173
 0.99588084 0.9995741  0.9898331  0.99467295 0.9784161  0.99741864
 0.99700373 0.9990631  0.9957552  0.98960775 0.99836344 0.99956805]
[0.958502   0.9981396  0.99701154 0.9989304  0.9992963  0.9996123
 0.9970822  0.9990085  0.98134845 0.9944805  0.9545854  0.9954848
 0.9899872  0.999097   0.9985684  0.9912424  0.9988372  0.9995522 ]
[0.9332529  0.997422   0.997851   0.9925252  0.9995888  0.9994079
 0.9934923  0.9994978  0.9874978  0.9936605  0.9705676  0.9967025
 0.99097484 0.99875295 0.99723876 0.9769488  0.9985831  0.9992347 ]
[0.9700668  0.99863154 0.9991866  0.9978237  0.9997087  0.99935704
 0.9946173  0.99881005 0.995207   0.99583143 0.97633773 0.99816835
 0.99354666 0.99895644 0.99758303 0.99033034 0.998755   0.99940026]
[0.98321956 0.9985176  0.9985085  0.9984825  0.9996226  0.99961734
 0.9966612  0.9990374  0.98677874 0.99723876 0.9878248  0.99788374
 0.9970696  0.99918705 0.9985672  0.9934976  0.9989083  0.99961543]
[0.7815266  0.9982387  0.9975183  0.99783033 0.99968386 0.9993789
 0.9945314  0.99911696 0.99256766 0.9953407  0.92913467 0.9979386
 0.99554753 0.9991698  0.9967181  0.9849166  0.9993487  0.99967456]
[0.9504763  0.99866533 0.9984805  0.9978229  0.9997626  0.99951625
 0.9951072  0.99940133 0.9925713  0.99438804 0.9880486  0.99837
 0.9947318  0.9994222  0.9983151  0.993901   0.99927264 0.99944717]
[0.9791805  0.9977992  0.9976337  0.9983834  0.9997061  0.9995148
 0.9960097  0.99910897 0.99358785 0.99724364 0.9662004  0.998522
 0.9950558  0.9991441  0.99652594 0.9876496  0.9989316  0.9993672 ]
[0.94975185 0.9980867  0.99802136 0.9952637  0.9993266  0.9995283
 0.99474084 0.9990004  0.992428   0.9978956  0.972837   0.9970796
 0.9949921  0.9994259  0.998454   0.9856076  0.99906105 0.99957997]
[0.9157632  0.9909547  0.99834716 0.9953408  0.9996232  0.9989178
 0.9944226  0.9990879  0.9898393  0.9968104  0.9818361  0.9978604
 0.99312216 0.9987557  0.996197   0.9911191  0.9982133  0.99956423]
[0.93810153 0.99850416 0.9975504  0.998787   0.9997218  0.99937266
 0.99458224 0.9990783  0.99076766 0.99481887 0.9826382  0.9989262
 0.9922367  0.99904925 0.99761707 0.9908779  0.9992637  0.9994741 ]
[0.9736015  0.99796605 0.99743026 0.9976864  0.99949324 0.9993981
 0.9963838  0.9989146  0.9876605  0.9979717  0.97236013 0.9974775
 0.9911724  0.99893874 0.9969336  0.9873088  0.9988355  0.9995565 ]
[0.7997521  0.99771845 0.9959876  0.9957147  0.99948007 0.99924374
 0.99163985 0.9986802  0.9881507  0.99548894 0.9837382  0.9960355
 0.9981546  0.999288   0.99450004 0.9802476  0.99890804 0.99942786]
[0.9523429  0.99735177 0.99735403 0.99678075 0.9997267  0.9988147
 0.9905082  0.9989165  0.98413587 0.9950088  0.9728864  0.99755174
 0.994241   0.99880815 0.99676704 0.9870926  0.9983412  0.9995146 ]
[0.93654424 0.99719656 0.9976792  0.9936399  0.9995414  0.99939
 0.996036   0.9989704  0.9911039  0.99073714 0.9821926  0.99759847
 0.9942378  0.9993555  0.99672514 0.9881396  0.9984024  0.99931395]
[0.94697386 0.9980616  0.9984303  0.9984236  0.99925834 0.9995759
 0.9951645  0.99925965 0.99293923 0.9933031  0.98037165 0.9982323
 0.9867035  0.9993513  0.99802727 0.9855805  0.9990808  0.9995053 ]
[0.97302216 0.9965789  0.9979964  0.997431   0.99956816 0.99933547
 0.99131036 0.9993561  0.9897864  0.99795866 0.9916186  0.99807465
 0.9938871  0.99942976 0.99809855 0.98676884 0.9986759  0.99959546]
[0.8616637  0.99532664 0.9971551  0.99780315 0.9994386  0.99963415
 0.99641585 0.9991393  0.98792636 0.9914465  0.9801869  0.9985891
 0.99634856 0.99887234 0.99626654 0.98807305 0.99857605 0.99952173]
[0.9709164  0.9980567  0.99893636 0.99795216 0.99952674 0.9994603
 0.9963121  0.9993259  0.9913872  0.99352586 0.97455794 0.99827385
 0.99624133 0.99956673 0.99777645 0.9872344  0.9990959  0.9996176 ]
[0.96401    0.99812    0.9991019  0.99799156 0.9995838  0.99939346
 0.99266195 0.9991862  0.9873657  0.99341375 0.97737634 0.9968641
 0.9886918  0.9993686  0.99733657 0.98951435 0.9981598  0.9995346 ]
[0.9666194  0.99848723 0.9987056  0.9962469  0.99966085 0.99963355
 0.99588025 0.99918884 0.98891246 0.9960884  0.9262811  0.99680185
 0.998114   0.99923444 0.996375   0.9907409  0.9980202  0.99955064]
[0.9727542  0.9982173  0.9993259  0.99559456 0.9997925  0.99949753
 0.997661   0.9992243  0.9954554  0.9953395  0.9827418  0.9988223
 0.9978829  0.9992669  0.99893457 0.98938996 0.9991849  0.9996612 ]
[0.97135466 0.99698514 0.9974663  0.99693835 0.9995012  0.9995982
 0.9969501  0.99907243 0.9940299  0.99205583 0.9816445  0.99729556
 0.9968438  0.9994617  0.9978459  0.9895364  0.9990773  0.99953485]
[0.9478286  0.9966646  0.99713874 0.99266875 0.999358   0.9993567
 0.9942232  0.99849343 0.990462   0.9975313  0.90029234 0.9968104
 0.99837565 0.9993351  0.99772125 0.985494   0.99887663 0.99953425]
[0.9758158  0.99822193 0.9981419  0.5584045  0.9988078  0.99970204
 0.999676   0.9975993  0.9996056  0.99033386 0.9966007  0.97987753
 0.996988   0.99528813 0.9995714  0.99853396 0.98919314 0.99945897
 0.9995685 ]
[0.96690714 0.99752265 0.9961331  0.9977907  0.99964905 0.99950516
 0.9934949  0.9992674  0.9882266  0.98973197 0.985039   0.9965912
 0.99219793 0.9988876  0.9947325  0.99273056 0.9989353  0.99932396]
[0.9505791  0.9972199  0.99890447 0.99756396 0.99968624 0.9995314
 0.9953845  0.9994424  0.98907846 0.9931465  0.9824666  0.9982723
 0.9953949  0.9996216  0.9980404  0.98700106 0.9987477  0.9993717 ]
[0.97883576 0.9970318  0.99914825 0.9960932  0.9997321  0.99949646
 0.99696404 0.9991134  0.99509203 0.99616146 0.9833772  0.9979609
 0.9964805  0.9991573  0.9964401  0.9931201  0.9992368  0.9997799 ]
[0.95172274 0.9976178  0.99796766 0.9979296  0.9996271  0.99960476
 0.99567467 0.99925655 0.97859806 0.9956255  0.96907693 0.99829656
 0.99613535 0.99930406 0.99681723 0.9900828  0.9986727  0.9994937 ]
[0.94406515 0.9958947  0.99830174 0.99536115 0.99965954 0.9992944
 0.995168   0.99887055 0.98796356 0.99579763 0.98307365 0.99775225
 0.9955621  0.9991191  0.9975802  0.9882791  0.9983278  0.9991393 ]
[0.96921307 0.9974521  0.9986003  0.9964444  0.99962544 0.9995777
 0.9960161  0.9995185  0.9869199  0.996845   0.9662203  0.9977962
 0.99670815 0.9992593  0.99890673 0.9905227  0.9984646  0.9995646 ]
[0.9214899  0.99754864 0.9973822  0.9965249  0.9997621  0.99951553
 0.99339277 0.9988167  0.9852787  0.9945412  0.9798421  0.998214
 0.98944736 0.99887186 0.9975285  0.9931399  0.99921286 0.9994541 ]
[0.9720633  0.997985   0.99724317 0.99671775 0.99951446 0.99942553
 0.99496305 0.9992163  0.9864355  0.9940797  0.9718332  0.9950878
 0.9917555  0.9991241  0.9978309  0.9914479  0.9989471  0.9993331 ]
[0.90926796 0.9981431  0.99754626 0.99782795 0.9996613  0.99933016
 0.99281174 0.9993249  0.9916841  0.9942919  0.97680604 0.99858785
 0.993335   0.9991404  0.9986027  0.98998123 0.99902403 0.99949825]
[0.97986937 0.9979468  0.99861157 0.9983746  0.99968266 0.99958426
 0.9961282  0.99950886 0.9890569  0.99700445 0.9702037  0.9987489
 0.99688005 0.9992124  0.9971731  0.99311286 0.99907875 0.99973387]
[0.9353229  0.99866796 0.99872017 0.9966779  0.9996755  0.9994697
 0.9942433  0.9992249  0.99482673 0.9965648  0.9885632  0.9987037
 0.9984149  0.99928623 0.9969447  0.9932532  0.9989324  0.9996823 ]
[0.98644406 0.99756396 0.9981724  0.997928   0.99959344 0.9996136
 0.9920853  0.9987644  0.99155337 0.99604344 0.9732834  0.99796957
 0.9960368  0.9990901  0.9965354  0.9886076  0.99861777 0.9995757 ]
[0.97265303 0.9990784  0.99808323 0.9973349  0.99968004 0.9991059
 0.9972978  0.9994905  0.9921739  0.99766785 0.9833907  0.9977598
 0.9954407  0.9996592  0.99861884 0.9925564  0.9992173  0.99953175]
[0.9785074  0.99655294 0.9972608  0.99810165 0.99965    0.99949706
 0.9967746  0.9992624  0.98495215 0.99002105 0.97901    0.99838233
 0.9934416  0.99921775 0.99811316 0.9800309  0.9992105  0.9995505 ]
[0.9581168  0.9969554  0.9986267  0.99697435 0.99964964 0.99958986
 0.99706465 0.999405   0.9907099  0.9923637  0.9748453  0.99800843
 0.9937587  0.9993235  0.99745065 0.98722166 0.9992932  0.99956757]
[0.9101636  0.9977164  0.9970688  0.9961855  0.99972004 0.9991278
 0.9969414  0.999456   0.99102217 0.99818194 0.98577636 0.9977543
 0.9821408  0.9993104  0.996838   0.9903584  0.9992392  0.99965274]
[0.9591612  0.99822706 0.9983498  0.99859756 0.9997211  0.99950147
 0.99562067 0.9990534  0.99083006 0.99783176 0.9908448  0.9976761
 0.9933888  0.9992675  0.9980715  0.9880833  0.99879587 0.9997043 ]
[0.9726245  0.99865663 0.9973356  0.9966365  0.9997539  0.99940765
 0.99607605 0.9993536  0.9896535  0.99558264 0.9466705  0.99621
 0.99556386 0.99928755 0.9972525  0.9374833  0.99893624 0.9995783 ]
[0.97510964 0.99753064 0.9969885  0.9953636  0.9994012  0.99916506
 0.99418503 0.99940073 0.99063545 0.99473405 0.9868508  0.9956488
 0.9870374  0.9988261  0.9972746  0.98909795 0.9990777  0.99970645]
[0.9682521  0.9977702  0.9975414  0.99767905 0.99974626 0.99952507
 0.9950434  0.9991743  0.99309546 0.997311   0.9792174  0.9977581
 0.99709284 0.9990676  0.9974605  0.9860701  0.9978405  0.99967945]
[0.9698845  0.99912006 0.9985784  0.99654156 0.99959975 0.9996699
 0.9956142  0.9994217  0.9896142  0.9982835  0.9761159  0.9974738
 0.9986639  0.9989471  0.9986952  0.9903094  0.998961   0.9997154 ]
[0.9651253  0.9988427  0.99904484 0.9971284  0.99947435 0.999025
 0.9969586  0.9996055  0.989867   0.9924332  0.9833225  0.99873656
 0.9947784  0.99936205 0.99633825 0.98675984 0.9994906  0.9995524 ]
[0.96174693 0.99920684 0.997317   0.99772376 0.9996631  0.9993542
 0.9955642  0.99964345 0.98904175 0.9954763  0.9930274  0.99774593
 0.9959991  0.99955434 0.9987367  0.98938364 0.99934477 0.9996619 ]
[0.95609725 0.99840325 0.9985089  0.9971662  0.99947315 0.9992434
 0.99521554 0.9989905  0.9866193  0.9952285  0.9688742  0.99764484
 0.9960226  0.9991844  0.9943936  0.9908727  0.9987759  0.9994973 ]
[0.9715943  0.9982602  0.9984976  0.9975794  0.9996387  0.9994783
 0.99499655 0.99897975 0.9887771  0.99539596 0.97800726 0.99721813
 0.99231213 0.9993112  0.99765104 0.98828715 0.99886835 0.99937576]
[0.97283155 0.9969885  0.99736506 0.99840826 0.9996056  0.99938333
 0.9919396  0.99880195 0.9813471  0.993693   0.97935325 0.99648905
 0.98898125 0.9990096  0.9974232  0.9835654  0.9988367  0.99956626]
[0.92856675 0.9979449  0.9966799  0.9988985  0.99954    0.99910223
 0.9961344  0.99894303 0.9902721  0.9936919  0.96510416 0.9952859
 0.99233776 0.9991358  0.99638784 0.98184144 0.9987691  0.9993175 ]
[0.9746459  0.99805427 0.9986689  0.9973966  0.9995597  0.99944645
 0.99431926 0.9993631  0.9834109  0.9941527  0.9851387  0.9974698
 0.99130803 0.9984927  0.99722123 0.98995703 0.9983687  0.99966025]
[0.9587956  0.9977538  0.9971438  0.9976851  0.9995734  0.9994265
 0.9971861  0.9992454  0.9875967  0.9947364  0.97728854 0.9980736
 0.9957824  0.9991696  0.9951538  0.98889995 0.99849224 0.99938023]
[0.95692736 0.99690884 0.99711955 0.9957283  0.9996768  0.9994702
 0.9963779  0.9986528  0.99211675 0.9920682  0.9094368  0.9972198
 0.9874676  0.99870074 0.9953837  0.9938846  0.9981365  0.99961674]
[0.97047037 0.99732554 0.9982273  0.9925035  0.99968016 0.99938965
 0.993561   0.99947935 0.992113   0.9966627  0.959227   0.9974849
 0.9889887  0.9992799  0.9954277  0.99144125 0.9985153  0.9993998 ]
[0.93479496 0.99685365 0.9984518  0.9972167  0.9996544  0.99947804
 0.9942919  0.9991874  0.9838255  0.99379915 0.9844036  0.998831
 0.9946938  0.99924785 0.9975846  0.990445   0.9992331  0.99967706]
[0.97767305 0.99616855 0.99768806 0.99650395 0.9996984  0.99931026
 0.98876464 0.99875426 0.9940789  0.9962191  0.968531   0.99670166
 0.99209607 0.9993093  0.99765044 0.98977005 0.9983784  0.99962676]
[0.9176853  0.9972211  0.99814224 0.99743074 0.999671   0.99919754
 0.99554247 0.9992436  0.9911883  0.99300885 0.9761806  0.9973916
 0.98931944 0.99942434 0.9953904  0.9869925  0.9982718  0.99972194]
[0.9183179  0.99841595 0.9974304  0.99849105 0.9995265  0.99958163
 0.9932609  0.99953413 0.9919791  0.99327797 0.98147476 0.9981166
 0.9929408  0.99946314 0.99706334 0.9904218  0.99904555 0.9996681 ]
[0.9581278  0.99807453 0.9981363  0.9987607  0.9995759  0.9996136
 0.99527824 0.99938226 0.9914807  0.9940948  0.977705   0.9980603
 0.9950531  0.9994837  0.9986442  0.98900056 0.99853337 0.99966884]
[0.94607985 0.99791247 0.99796426 0.9969043  0.99956733 0.9992331
 0.9929402  0.9992255  0.9865046  0.993085   0.9793626  0.9975865
 0.9975842  0.9991504  0.9980398  0.97970575 0.99895006 0.9995881 ]
[0.96569866 0.99853134 0.9984163  0.9989697  0.9997454  0.9996282
 0.9945009  0.9994222  0.990249   0.99690825 0.9791878  0.99861467
 0.99183273 0.9993801  0.9966035  0.99536836 0.999469   0.99969935]
[0.9362289  0.99829763 0.99751604 0.99817777 0.99965036 0.9992009
 0.9950605  0.99944395 0.98844844 0.9978188  0.98002154 0.9963785
 0.99425876 0.998941   0.99802965 0.9884418  0.9991154  0.99920315]
[0.96790266 0.9977951  0.998884   0.9974825  0.99971586 0.99963653
 0.9976344  0.9995912  0.9921663  0.9968123  0.9828347  0.9990029
 0.9980223  0.99937844 0.9960439  0.9866942  0.9991191  0.99967074]
[0.9778177  0.9970209  0.99724823 0.99739826 0.9995228  0.99921405
 0.9917672  0.9987204  0.98799896 0.9927159  0.98544496 0.9961952
 0.9916631  0.9984634  0.9980532  0.98175    0.99853647 0.99948347]
[0.9751833  0.9986137  0.998694   0.8026821  0.9977531  0.9997274
 0.99953127 0.9961505  0.999355   0.9935003  0.996523   0.9870323
 0.99778545 0.99550736 0.9991032  0.9971312  0.9852545  0.9989447
 0.99961275]
[0.96862364 0.99704915 0.9989166  0.99516773 0.9996586  0.99932146
 0.9948289  0.9988176  0.9896616  0.9982645  0.9844024  0.996576
 0.9909905  0.99915075 0.9974452  0.9897619  0.99821955 0.99959487]
[0.9621423  0.99845755 0.9981323  0.9976553  0.9995697  0.9992632
 0.9946045  0.99907255 0.9911432  0.9979133  0.9810662  0.9981517
 0.9982132  0.9992453  0.99787784 0.9890871  0.9994634  0.9994199 ]
[0.8824974  0.99894494 0.99731845 0.9973023  0.9996898  0.9994836
 0.99437803 0.9996351  0.9926762  0.9961558  0.98267144 0.9973908
 0.9974003  0.9993506  0.9986675  0.9900866  0.99929345 0.9995055 ]
[0.96345955 0.9975981  0.9981858  0.9972338  0.99962604 0.99953854
 0.99647224 0.999064   0.99093294 0.9977041  0.98073995 0.9987313
 0.99500763 0.99946207 0.9980861  0.9940469  0.99918514 0.99957913]
[0.87381333 0.9959682  0.997182   0.9978428  0.99952877 0.99901044
 0.99542904 0.99945086 0.97902566 0.996558   0.982927   0.99757344
 0.9974348  0.9989518  0.998042   0.9811304  0.9989749  0.9995615 ]
[0.9584969  0.9984779  0.9979673  0.99618524 0.99945754 0.99952304
 0.9913721  0.9989938  0.9928514  0.99474263 0.98097    0.99798274
 0.98791724 0.9991171  0.99746644 0.9853646  0.99914396 0.99948335]
[0.9623124  0.99773765 0.9964773  0.9987717  0.9996488  0.9994697
 0.99626476 0.9993273  0.9890947  0.9919105  0.98871636 0.9978676
 0.9981675  0.9995442  0.9973552  0.9866997  0.99911934 0.9996257 ]
[0.9533346  0.99856025 0.9964773  0.9969459  0.99943143 0.99968815
 0.9952554  0.99879825 0.99197656 0.9973586  0.97860855 0.99778605
 0.9958341  0.9989091  0.9961903  0.9918994  0.9988875  0.9995316 ]
[0.97406703 0.9989324  0.9978961  0.9964264  0.9997727  0.9996636
 0.9971623  0.9990233  0.99167657 0.9964091  0.9827854  0.9985385
 0.9959067  0.9990983  0.9978948  0.99328506 0.99915767 0.9995646 ]
[0.9419595  0.9977488  0.9968927  0.9976829  0.99938273 0.9991272
 0.99328256 0.999014   0.98290116 0.99213636 0.95750296 0.99718505
 0.9847727  0.9995382  0.9955491  0.98790133 0.9983778  0.99924916]
[0.95454735 0.9977291  0.99756855 0.9944062  0.99962676 0.9994497
 0.99613166 0.9992723  0.9918755  0.9969778  0.95727825 0.9971016
 0.99501413 0.9992206  0.9977871  0.99301213 0.99796957 0.9992913 ]
[0.9650897  0.9990233  0.997018   0.99600863 0.99965096 0.99946636
 0.9950648  0.9993253  0.9925608  0.9971228  0.9783171  0.9974854
 0.9943784  0.99946064 0.9963887  0.987159   0.9993789  0.99945265]
[0.9691123  0.99751556 0.99881494 0.99592704 0.9997371  0.99948126
 0.9954016  0.9994758  0.9923193  0.9951265  0.98050594 0.9980605
 0.99317497 0.999495   0.99860185 0.991776   0.9993279  0.9994236 ]
[0.9649345  0.9989203  0.9985139  0.99384826 0.99977344 0.99958414
 0.99209577 0.999464   0.9903746  0.9950864  0.98614734 0.9970086
 0.99495983 0.99914837 0.9985434  0.9864542  0.99910957 0.9995222 ]
[0.95420414 0.9982516  0.99884063 0.99785113 0.99974185 0.9991903
 0.9943551  0.99910235 0.9914942  0.9950524  0.932055   0.998437
 0.99870634 0.9992902  0.99769527 0.9858737  0.99762076 0.9995586 ]
[0.9590606  0.99759644 0.9966966  0.9975305  0.99952924 0.99947745
 0.9963158  0.9995714  0.9926444  0.9970499  0.98060936 0.9988311
 0.9951302  0.99957377 0.9974854  0.98512274 0.9990947  0.99953496]
[0.9311477  0.99739254 0.99855727 0.9954934  0.9996958  0.9995047
 0.994385   0.9994481  0.98679835 0.99191225 0.98774046 0.99785465
 0.9943321  0.99936503 0.99838114 0.98342574 0.9986803  0.99944204]
[0.8181492  0.9974214  0.9976291  0.9957008  0.99955636 0.99944764
 0.99637836 0.9993337  0.9936308  0.9964116  0.98297954 0.99712545
 0.9910682  0.99937326 0.99594444 0.99437475 0.9985258  0.99958223]
[0.97170424 0.996837   0.9989687  0.9969118  0.9997788  0.9994159
 0.9932975  0.99892884 0.9933641  0.9963259  0.9859677  0.99764985
 0.9943658  0.99926347 0.9964349  0.9847749  0.9988675  0.99955636]
[0.96702486 0.9983885  0.9976398  0.9945851  0.9996099  0.9988727
 0.9953056  0.99935097 0.9918099  0.99134934 0.98273855 0.99677235
 0.99485177 0.9993025  0.99669385 0.9889291  0.99918944 0.9996164 ]
[0.86302274 0.99736834 0.9983569  0.9972914  0.9995983  0.9996233
 0.99557364 0.99944884 0.99125844 0.99525356 0.98695964 0.99692243
 0.99280846 0.99906677 0.9964798  0.988371   0.9988802  0.9996625 ]
[0.9493217  0.9974976  0.9980484  0.9977324  0.99963915 0.99938893
 0.99527115 0.9986313  0.9921327  0.9939138  0.97701454 0.9976164
 0.9961565  0.99911076 0.9969531  0.9873147  0.9986935  0.99960274]
[0.9617571  0.9979875  0.9982292  0.99727374 0.9996518  0.9993212
 0.9931397  0.99943525 0.99153143 0.9980877  0.9867525  0.9985026
 0.9966989  0.9993687  0.9959604  0.99099004 0.9986332  0.9995054 ]
[0.9333723  0.9975842  0.998075   0.9966487  0.9994898  0.9994615
 0.99213225 0.99938893 0.9781341  0.98729205 0.97575414 0.997247
 0.9981527  0.99919456 0.995745   0.9900339  0.997433   0.999642  ]
[0.9658401  0.9956458  0.9958884  0.99686986 0.99949455 0.9994037
 0.9953399  0.99889475 0.98516536 0.9881123  0.97108984 0.99729174
 0.9949941  0.9988682  0.997875   0.98988825 0.99909854 0.99927205]
[0.9989166  0.9931947  0.99111146 0.9996519  0.9989944  0.9966356
 0.99934417 0.98904794 0.9859066  0.9860869  0.99856097 0.99168783
 0.9994286  0.99855965 0.98806167 0.990741   0.99969983]
[0.94910395 0.9975279  0.998747   0.99750453 0.9995053  0.9993698
 0.9842477  0.99953187 0.9924104  0.9944331  0.98813164 0.9981432
 0.99640584 0.99958616 0.99667954 0.97944754 0.999463   0.9996357 ]
[0.87982315 0.9986712  0.99857795 0.99801874 0.99968576 0.99942905
 0.9962889  0.99932134 0.988384   0.9961116  0.98138314 0.997938
 0.99508345 0.9995425  0.99804187 0.99104065 0.9992132  0.99955577]
[0.93408436 0.99614525 0.9958443  0.99313265 0.9995055  0.99898154
 0.9933221  0.99849653 0.99025553 0.9934422  0.97269934 0.996576
 0.9886851  0.99886096 0.9933976  0.95785254 0.9982151  0.999131  ]
