Mprobs for dataset sim1 (25)

[0.91958976 0.99837166 0.99821764 0.9992705  0.9998877  0.99978715
 0.997894   0.99971396 0.9873949  0.9963883  0.794857   0.99757665
 0.9977076  0.999668   0.9993591  0.9979594  0.99948764 0.9997913 ]
[0.8729464  0.99852294 0.99757737 0.9995351  0.9997843  0.999726
 0.9981664  0.999757   0.99151015 0.9931678  0.9355117  0.9988819
 0.99751306 0.99962234 0.9996158  0.99768054 0.99967325 0.999724  ]
[0.9545391  0.99830806 0.99921405 0.9994752  0.9998927  0.99983513
 0.9979645  0.9996916  0.99196035 0.98703754 0.94305223 0.99816614
 0.99408215 0.9997497  0.9994073  0.99792695 0.9994485  0.99981624]
[0.96497035 0.99714154 0.9980925  0.99925226 0.9998665  0.9997737
 0.99716586 0.9997292  0.9949846  0.99363106 0.97428054 0.99825233
 0.97253215 0.9997353  0.9993863  0.99612385 0.99960476 0.99985814]
[0.8404404  0.99675804 0.9956527  0.9993729  0.99979657 0.999826
 0.9955663  0.9997228  0.98633665 0.9904677  0.8815105  0.9981357
 0.98756695 0.99970526 0.99961406 0.9980538  0.99925476 0.9998627 ]
[0.94853175 0.99773943 0.99813795 0.99943215 0.99985707 0.9997789
 0.9983973  0.9997315  0.98922205 0.99496377 0.96772444 0.9987606
 0.99432665 0.99969065 0.9995265  0.9966223  0.99931395 0.9997919 ]
[0.86164284 0.9985794  0.99745613 0.9995229  0.99988055 0.9998085
 0.9968202  0.9995708  0.99296594 0.99823725 0.9743644  0.99872273
 0.99368435 0.99967146 0.9996019  0.99725264 0.9996164  0.9997595 ]
[0.95489365 0.9971431  0.9942551  0.9995333  0.9997938  0.99970275
 0.99718326 0.99969006 0.9823449  0.99529904 0.96392083 0.9987967
 0.99487704 0.9993839  0.99938035 0.9961366  0.9990262  0.99980897]
[0.9246973  0.99667645 0.9981097  0.9995129  0.99983    0.99980253
 0.99711585 0.99969697 0.9939645  0.9935301  0.9648779  0.9973386
 0.9948226  0.9997867  0.99953854 0.99780816 0.9995283  0.9997944 ]
[0.9697159  0.9981938  0.99799347 0.99948907 0.99979573 0.9996094
 0.9978669  0.999671   0.9814352  0.9955961  0.96629745 0.99704474
 0.99456835 0.9996809  0.99921834 0.9964753  0.99944025 0.9998481 ]
[0.8038906  0.99841356 0.99931586 0.99959964 0.9998467  0.9998696
 0.9968532  0.99962366 0.9914336  0.99656844 0.98217773 0.99862933
 0.9902525  0.9996798  0.9996536  0.9973928  0.99947864 0.99979275]
[0.73921955 0.99565244 0.99898833 0.9996     0.99983156 0.99975747
 0.99783295 0.9995171  0.989224   0.9911054  0.9466911  0.99776316
 0.99319744 0.99973375 0.9995321  0.9976782  0.99917245 0.99965775]
[0.89799875 0.9975442  0.9990075  0.9995896  0.9998246  0.99987185
 0.99647266 0.9995735  0.9871731  0.9963414  0.9775802  0.9985826
 0.99006325 0.9995933  0.9996159  0.9976891  0.99952006 0.9998416 ]
[0.82303864 0.99744534 0.99848014 0.9994413  0.9998229  0.9998312
 0.99855167 0.99955064 0.9920854  0.9907611  0.980609   0.9969304
 0.992665   0.9997981  0.9992489  0.99736905 0.99957913 0.99981433]
[0.75283784 0.9978263  0.99877185 0.9993113  0.9998503  0.99981314
 0.99694663 0.9996933  0.9883338  0.99705505 0.9655902  0.9973133
 0.9954332  0.9997259  0.9991505  0.99816966 0.9992343  0.9998467 ]
[0.7229455  0.9982114  0.99647826 0.99947864 0.9998271  0.99981064
 0.9979442  0.9997032  0.9900581  0.9938548  0.85133004 0.9981421
 0.99504155 0.99967027 0.99942374 0.9963475  0.9995091  0.9998159 ]
[0.84391314 0.9974497  0.9909054  0.99952173 0.9998863  0.9997906
 0.997152   0.9997967  0.9839575  0.9931867  0.9547855  0.99759465
 0.9926479  0.99966025 0.99937326 0.99568826 0.99944085 0.9998104 ]
[0.88060886 0.99695385 0.9934842  0.9992866  0.99980587 0.9998247
 0.9975758  0.99959844 0.9915997  0.99114287 0.9539986  0.99854314
 0.9912623  0.999716   0.9996449  0.99785393 0.9996768  0.9998416 ]
[0.51366544 0.99831057 0.9982963  0.99952424 0.9998053  0.9997595
 0.9975804  0.99955624 0.98452765 0.9963451  0.95732105 0.9963444
 0.9952064  0.99956673 0.99939847 0.99740416 0.99944216 0.99983466]
[0.97403485 0.9971193  0.9985233  0.99951065 0.9998016  0.9997154
 0.9959585  0.99973255 0.9814339  0.9968636  0.8742128  0.9981816
 0.9890119  0.99960595 0.99961865 0.99675214 0.9995629  0.9997787 ]
[0.9482178  0.99803895 0.9990088  0.99941576 0.999821   0.9997037
 0.99744403 0.9995722  0.9924304  0.99374986 0.9668269  0.997693
 0.99380445 0.99967146 0.99957806 0.99792576 0.9992304  0.999819  ]
[0.9972727  0.99810874 0.99953115 0.9998466  0.99975604 0.99643564
 0.9997801  0.9905785  0.99574995 0.9264265  0.9973484  0.98727834
 0.9997923  0.9993481  0.9962553  0.99928266 0.99969494]
[0.9182938  0.99729735 0.9935998  0.99942005 0.9998485  0.99974066
 0.9973001  0.9997279  0.99328506 0.9961773  0.97514516 0.9989563
 0.9960587  0.9996387  0.9994017  0.9979863  0.9993025  0.9998528 ]
[0.774916   0.99782515 0.99848455 0.9995577  0.99982184 0.9997081
 0.9970715  0.9995265  0.9860617  0.99247205 0.96360385 0.99745697
 0.99293536 0.9996495  0.9990012  0.9968575  0.99933606 0.99986947]
[0.7265228  0.9974738  0.9976253  0.999311   0.9998499  0.99974483
 0.99785453 0.99971265 0.98894614 0.9940925  0.9405286  0.9989225
 0.9958859  0.9997961  0.9996238  0.9975756  0.99959666 0.99976057]
[0.9194854  0.99664503 0.9991424  0.999602   0.9998343  0.9997346
 0.99415696 0.9995142  0.9907499  0.9917679  0.97057873 0.99686146
 0.99122405 0.9995314  0.9994893  0.99685246 0.9993795  0.9997092 ]
[0.96620977 0.9989454  0.99902713 0.99949837 0.99986815 0.9997682
 0.99730253 0.9995943  0.98495704 0.99624145 0.9657675  0.9978198
 0.993064   0.99967587 0.9996426  0.9979882  0.9995952  0.99975723]
[0.9695896  0.9976319  0.99829763 0.9991748  0.9998299  0.99981207
 0.99769104 0.99976045 0.98326474 0.99246466 0.9756815  0.9973328
 0.991459   0.9996494  0.9995161  0.99775404 0.99960285 0.9997913 ]
[0.79595155 0.99792767 0.9950584  0.9992872  0.9998565  0.99974066
 0.9976943  0.99973947 0.9853859  0.99214876 0.95252275 0.9987203
 0.987341   0.9998005  0.99961567 0.99747723 0.9995091  0.9998029 ]
[0.8418535  0.9984987  0.9981371  0.9993262  0.9997955  0.9997969
 0.9974942  0.9997907  0.98475164 0.99051464 0.98197067 0.99824035
 0.9929342  0.99951696 0.99928516 0.99806994 0.9991756  0.9997222 ]
[0.93597335 0.99762887 0.998372   0.9994717  0.9998053  0.99982786
 0.99628013 0.9995542  0.98998547 0.9959117  0.94633013 0.99844754
 0.9957718  0.9996395  0.99930966 0.99731183 0.99946684 0.9997788 ]
[0.79552376 0.99778455 0.99682695 0.99927276 0.99980026 0.99980813
 0.99623233 0.99980646 0.98929626 0.9949397  0.9477497  0.99781764
 0.99567765 0.9996656  0.9995559  0.99707747 0.99941003 0.9998166 ]
[0.900402   0.99872106 0.9955657  0.9993666  0.9998381  0.9998337
 0.99786323 0.99949515 0.9920522  0.9962243  0.7868731  0.99801946
 0.9960601  0.99971336 0.99936706 0.99821633 0.99972457 0.9997912 ]
[0.950391   0.9960622  0.9970343  0.9996018  0.9998534  0.9998759
 0.99665064 0.9996606  0.9888882  0.9942806  0.8048587  0.9981988
 0.99583817 0.99964416 0.9995302  0.9980282  0.99955505 0.99966884]
[0.86557674 0.996302   0.9984074  0.999689   0.9997696  0.99985826
 0.9960373  0.9996013  0.98396564 0.99623567 0.9612349  0.99768937
 0.99514174 0.99974805 0.99948597 0.99714166 0.99968874 0.9997861 ]
[0.920292   0.99589795 0.99731475 0.9992041  0.999742   0.9998348
 0.99613094 0.99923325 0.9817353  0.99124485 0.89547485 0.9974546
 0.9969047  0.99964666 0.99947983 0.99807954 0.9992204  0.99983287]
[0.97262067 0.9978549  0.9980262  0.999328   0.9998605  0.9998609
 0.99775094 0.9996215  0.9922099  0.99266535 0.9668394  0.99856913
 0.99672455 0.9998248  0.99946016 0.99707675 0.9991474  0.9997898 ]
[0.9249587  0.9974529  0.9973328  0.99954176 0.99989605 0.99977285
 0.9957312  0.9997391  0.99397933 0.9940474  0.96921843 0.99672025
 0.9906696  0.99977344 0.9994228  0.99777836 0.99942684 0.99981135]
[0.9231423  0.99714476 0.99866354 0.9994106  0.9998124  0.99970067
 0.9959365  0.9996331  0.987323   0.9842313  0.9643619  0.99608696
 0.98698217 0.9997358  0.9992685  0.99406695 0.99915206 0.9998048 ]
[0.8263552  0.9969234  0.9975727  0.9995559  0.99975914 0.9997825
 0.9960264  0.9996184  0.982592   0.9971744  0.95679003 0.99760854
 0.9932827  0.9996145  0.99946433 0.9976616  0.99919873 0.9997639 ]
[0.95663095 0.9976611  0.9957147  0.99905914 0.9998357  0.99983
 0.9958359  0.9997384  0.98960495 0.99690646 0.94827807 0.9973253
 0.99246925 0.99968255 0.9993364  0.99733657 0.9990984  0.9997726 ]
[0.92305505 0.99631715 0.99825996 0.99951756 0.9998958  0.999806
 0.99703896 0.9995396  0.9928121  0.99757916 0.9698827  0.99878865
 0.9924315  0.9997868  0.9995316  0.99664944 0.9992912  0.99982625]
[0.92388654 0.99825925 0.99793375 0.99926275 0.99985886 0.99986196
 0.998173   0.9997342  0.9908704  0.99688464 0.9785181  0.99790525
 0.99484646 0.9996823  0.99948764 0.9982607  0.99920064 0.9998646 ]
[0.7218313  0.99848735 0.9971836  0.9996475  0.999821   0.9997342
 0.9986451  0.99958426 0.98930186 0.99599236 0.8571941  0.9986841
 0.99367046 0.99952185 0.99972206 0.9980763  0.9996598  0.9997769 ]
[0.9030731  0.99859005 0.9956949  0.999592   0.9997999  0.9997476
 0.9985896  0.99952567 0.986108   0.9966396  0.9033716  0.9952518
 0.99683183 0.9998204  0.9994105  0.9970101  0.999203   0.9997594 ]
[0.9385684  0.99782264 0.99767846 0.9991235  0.99985254 0.99978226
 0.99562484 0.9997099  0.98595876 0.9955792  0.98423636 0.99725145
 0.9915981  0.99966395 0.9993266  0.99624497 0.99938965 0.99971837]
[0.9435184  0.99865204 0.99918    0.99943656 0.99985206 0.99984956
 0.9970606  0.9997639  0.9932522  0.99572915 0.9558027  0.9984781
 0.99550784 0.99966264 0.9996785  0.9989561  0.9993999  0.9997708 ]
[0.83239675 0.9976573  0.9988883  0.99958557 0.9998702  0.99975353
 0.9973246  0.999759   0.9915571  0.99470574 0.9850434  0.9983621
 0.9959908  0.9997408  0.99969864 0.9988649  0.99952686 0.9998683 ]
[0.8312451  0.9968867  0.99341726 0.9993174  0.99986327 0.99969614
 0.9984428  0.9996232  0.99201477 0.9937143  0.9844173  0.9976872
 0.9897199  0.99959296 0.99898916 0.9983902  0.99935645 0.9998179 ]
[0.6523952  0.99848074 0.99713886 0.9994542  0.99986625 0.99977916
 0.99703896 0.99960965 0.99303836 0.9863819  0.9758874  0.99737716
 0.9927475  0.9997311  0.9991043  0.9971341  0.9992574  0.9998202 ]
[0.9244779  0.9980197  0.9968907  0.9993395  0.99981433 0.99986017
 0.998064   0.99980265 0.9904668  0.99230325 0.9702134  0.99771416
 0.9923023  0.99969053 0.9991905  0.99747723 0.9994198  0.99974364]
[0.95485747 0.99727803 0.99539137 0.99960726 0.999879   0.99978656
 0.9964431  0.99970824 0.9876089  0.9942713  0.9322596  0.9975108
 0.98807764 0.9997918  0.9994875  0.99862003 0.9996325  0.99983597]
[0.99645054 0.9982206  0.99966085 0.999864   0.9997634  0.99645907
 0.99955934 0.98935145 0.99123913 0.9664215  0.9984926  0.9908188
 0.9995192  0.99948657 0.9977691  0.9995715  0.9997665 ]
[0.8952561  0.99617434 0.9973443  0.9995426  0.9998908  0.99976283
 0.99772483 0.9996012  0.9880762  0.9958782  0.9646452  0.9977526
 0.9902582  0.9997886  0.999265   0.99785465 0.99940586 0.99979347]
[0.94974464 0.9984642  0.99771535 0.99941075 0.9997843  0.99971634
 0.99622416 0.9997075  0.9910725  0.99444026 0.96888185 0.9977335
 0.9931097  0.99974567 0.99953556 0.99599886 0.9991014  0.9997594 ]
[0.8828316  0.99696976 0.99864715 0.99971706 0.99983764 0.99975294
 0.9967784  0.9996939  0.9891689  0.994187   0.950128   0.9975078
 0.9942983  0.9997069  0.9994149  0.9964072  0.9993673  0.99981016]
[0.96990395 0.9970311  0.9980153  0.99953353 0.99987817 0.9998456
 0.9980751  0.9995708  0.9804567  0.99753237 0.97147804 0.9978898
 0.98952943 0.999647   0.99950445 0.9984333  0.99942136 0.99984705]
[0.9451696  0.9989219  0.9973194  0.999673   0.9998878  0.9997162
 0.9979518  0.99967504 0.9928369  0.9927164  0.9850386  0.99868256
 0.9944102  0.999759   0.99950945 0.9984256  0.99950135 0.9998412 ]
[0.83574396 0.99793744 0.99793375 0.99928087 0.9998173  0.99984205
 0.9974324  0.9997538  0.988749   0.9897681  0.9837859  0.998803
 0.9957527  0.99979216 0.9996582  0.99825376 0.9994955  0.99978644]
[0.9236192  0.9983468  0.996655   0.999358   0.99989486 0.99937797
 0.9979526  0.9996823  0.9854999  0.99490523 0.9750983  0.9985077
 0.98737925 0.99966216 0.99915636 0.99612397 0.997063   0.9996699 ]
[0.88405716 0.9971902  0.9972204  0.99957806 0.9998716  0.99985933
 0.9977107  0.9997266  0.9946784  0.99660325 0.97699714 0.9983829
 0.9933426  0.99970144 0.9996524  0.9957326  0.99948597 0.9998574 ]
[0.86780983 0.99621385 0.9928523  0.9994072  0.99982136 0.9997141
 0.9936075  0.99977    0.97869486 0.9926484  0.9641473  0.99815124
 0.98536783 0.9993635  0.99939024 0.9961397  0.9993337  0.99980587]
[0.99885046 0.9992279  0.9996693  0.99988985 0.99975675 0.9971359
 0.9997545  0.99253005 0.9937722  0.985644   0.9974136  0.99769104
 0.9997365  0.99958044 0.99736816 0.9995493  0.99983215]
[0.94901603 0.99751294 0.9986064  0.9997031  0.9998216  0.9998542
 0.99718624 0.99980074 0.9887854  0.9929397  0.96960586 0.9987325
 0.99584216 0.99974793 0.9996711  0.9985946  0.99954957 0.99981135]
[0.8249119  0.99812764 0.99843115 0.99955374 0.9998573  0.99968517
 0.9907725  0.9996345  0.9848739  0.9866442  0.9485901  0.9981665
 0.9864109  0.99919945 0.99935454 0.9968928  0.9994311  0.9997075 ]
[0.94343    0.9982857  0.9975541  0.99927884 0.99983406 0.999806
 0.997323   0.9995442  0.987456   0.99718446 0.9598872  0.9970156
 0.9970642  0.9995683  0.99956626 0.99745995 0.9995419  0.99975127]
[0.9581095  0.9966394  0.99835336 0.99947757 0.9998518  0.99983096
 0.9966182  0.9997186  0.9857115  0.9930615  0.9741951  0.9981641
 0.99470973 0.9997762  0.9994332  0.997976   0.99971396 0.99975306]
[0.9489044  0.9981377  0.9984144  0.99956745 0.9998702  0.99981886
 0.99639434 0.99975485 0.9920284  0.9975751  0.972537   0.99779236
 0.99816483 0.9997968  0.9995927  0.9971625  0.99971014 0.99981064]
[0.93355614 0.99740285 0.99746156 0.9995177  0.99983    0.9998331
 0.99611604 0.99974364 0.982337   0.99296147 0.93466455 0.9963336
 0.99367046 0.9997261  0.99914587 0.99763036 0.9993729  0.99981004]
[0.86873287 0.9975107  0.99789786 0.99939513 0.99980134 0.9997167
 0.99798965 0.99977475 0.9774106  0.9921401  0.97844326 0.99788374
 0.99417865 0.99971634 0.9996426  0.99654335 0.99948573 0.9998178 ]
[0.84990644 0.9978224  0.9971     0.99959797 0.9998716  0.9998117
 0.9950446  0.99941707 0.9860545  0.9916688  0.9414256  0.9985128
 0.9909195  0.9997031  0.99901164 0.9981521  0.99894255 0.9997656 ]
[0.94189805 0.9974452  0.9969163  0.9992459  0.99987936 0.99978656
 0.99753404 0.9997358  0.9908194  0.99622476 0.9584187  0.99648595
 0.9887503  0.9996834  0.99900913 0.9982516  0.9994217  0.9997621 ]
[0.94554245 0.99811894 0.99777114 0.99920434 0.9998455  0.99965024
 0.9972632  0.99962604 0.9892468  0.9955842  0.98330563 0.9980034
 0.99532986 0.9998016  0.99923503 0.99814546 0.99969053 0.99975604]
[0.8980781  0.9989625  0.9971424  0.99962807 0.9998933  0.9998292
 0.997736   0.9997886  0.991131   0.9951224  0.98268384 0.9978751
 0.9936156  0.9998319  0.99966264 0.99874663 0.999549   0.9998416 ]
[0.9534558  0.99725986 0.9980482  0.999062   0.99986804 0.9996774
 0.9968747  0.9997737  0.9924313  0.9965268  0.9852712  0.99848914
 0.9955036  0.9998167  0.9992481  0.9980932  0.9996817  0.99972326]
[0.9626957  0.9976877  0.9974179  0.9991571  0.99987745 0.99978274
 0.99859995 0.9997286  0.99210805 0.9858888  0.9168497  0.9981515
 0.99559385 0.9995895  0.9994728  0.99582833 0.9993332  0.999816  ]
[0.96733576 0.9986821  0.9994011  0.9996227  0.999897   0.9998449
 0.9985171  0.999703   0.99002403 0.99302846 0.96345156 0.9976089
 0.99180555 0.9997279  0.99964595 0.998137   0.99947137 0.9998455 ]
[0.9234438  0.998643   0.9983809  0.9989324  0.9998018  0.9996025
 0.9932274  0.9994703  0.98840463 0.9903618  0.97736686 0.9976714
 0.9906218  0.99962544 0.99958175 0.9936551  0.99947006 0.9998024 ]
[0.9435653  0.99806815 0.9973743  0.999481   0.9998493  0.999811
 0.9966264  0.9996954  0.9882095  0.99113995 0.8902114  0.9977476
 0.9953003  0.9996784  0.99964094 0.9971499  0.9994035  0.99984324]
[0.80417204 0.9981158  0.9979546  0.999474   0.99987173 0.99982846
 0.99641114 0.999647   0.9912866  0.9884494  0.9712701  0.99729985
 0.99194956 0.999835   0.9993561  0.9978815  0.9994905  0.99981624]
[0.94855183 0.9981337  0.9973563  0.9996288  0.99983764 0.99979717
 0.9979     0.99968445 0.9935912  0.9947584  0.97433484 0.9979961
 0.9967823  0.999655   0.9995727  0.9978854  0.99915147 0.9998067 ]
[0.89306724 0.99719316 0.9977982  0.9996809  0.9998741  0.9998677
 0.9956457  0.9997714  0.9924838  0.99766064 0.9698177  0.99746835
 0.9931213  0.9997558  0.9991014  0.99728966 0.9994861  0.9998192 ]
[0.8911815  0.9980427  0.99922764 0.9995078  0.9998728  0.9997726
 0.99730563 0.9996505  0.9929052  0.9914569  0.911338   0.9981692
 0.9940766  0.9997367  0.9997323  0.996335   0.9996846  0.99976605]
[0.9210198  0.99720484 0.9986064  0.99954295 0.99983525 0.9996737
 0.99863523 0.99970585 0.9931114  0.99656904 0.74268967 0.99868304
 0.99339783 0.9996979  0.99934834 0.9965455  0.99920976 0.99984324]
[0.74478257 0.99772507 0.9986022  0.67182094 0.99957496 0.99987376
 0.99975294 0.9975883  0.9996762  0.9855641  0.9958438  0.971324
 0.99840754 0.9951893  0.9996904  0.9994086  0.9974942  0.9992163
 0.99979275]
[0.92383057 0.99842393 0.9984616  0.99940825 0.99985874 0.99976367
 0.9979576  0.999603   0.99306834 0.9956019  0.9725406  0.9985247
 0.9851295  0.9997516  0.99932945 0.99811256 0.9995161  0.999808  ]
[0.97072875 0.9982804  0.9979019  0.99961215 0.9998336  0.9998066
 0.99828905 0.99977714 0.9932099  0.99713206 0.96271604 0.9973127
 0.9953621  0.99965966 0.9995003  0.997849   0.9997409  0.9998746 ]
[0.86138535 0.9960394  0.9992601  0.9994796  0.9997558  0.9998178
 0.9975768  0.999788   0.9796072  0.99479455 0.95714575 0.99640626
 0.9976252  0.9996637  0.997875   0.99657863 0.9993462  0.9997427 ]
[0.9403018  0.9982381  0.9975769  0.9994455  0.9998902  0.99983835
 0.9952442  0.99966407 0.9920379  0.9938945  0.97145474 0.9982651
 0.99376255 0.99984276 0.9991386  0.99684924 0.999405   0.9997366 ]
[0.9347803  0.99790156 0.9969553  0.99945587 0.99978787 0.99973136
 0.99716395 0.99954814 0.9827697  0.9951526  0.9631926  0.9970407
 0.99193704 0.9996556  0.9994165  0.9984139  0.9989912  0.9998264 ]
[0.88443923 0.99713504 0.99889815 0.9995627  0.99987745 0.9998492
 0.99628496 0.99968934 0.9869321  0.99247783 0.9780728  0.99821895
 0.9870766  0.99966633 0.99905556 0.99619114 0.99955374 0.99981886]
[0.777414   0.9982681  0.9933443  0.9994142  0.99972636 0.9997423
 0.9962263  0.9995371  0.9832365  0.99354964 0.97994035 0.9980599
 0.9849113  0.99967873 0.9994105  0.9956067  0.9994361  0.99973065]
[0.8343645  0.99847823 0.99856    0.999666   0.9998894  0.99975115
 0.99683183 0.9997656  0.9921102  0.9882004  0.97629887 0.9978708
 0.9941989  0.99973327 0.9996039  0.99803156 0.99951637 0.9997173 ]
[0.8697544  0.9966229  0.9971034  0.9995254  0.99990165 0.99961674
 0.996332   0.99963784 0.9930453  0.9915454  0.95647436 0.99881196
 0.99342304 0.9996964  0.998657   0.9982439  0.9994386  0.9998642 ]
[0.96485394 0.99890757 0.99935263 0.9994349  0.9998437  0.9997366
 0.9983188  0.99971586 0.99301624 0.99681574 0.9863266  0.9992648
 0.99640465 0.999778   0.99962103 0.99855465 0.9996061  0.99983823]
[0.9382013  0.9982356  0.9987729  0.99917716 0.99986196 0.9997837
 0.9984169  0.99954283 0.99167496 0.99054927 0.98883164 0.997973
 0.99115527 0.9997662  0.9994154  0.9989844  0.9994499  0.9998348 ]
[0.8976749  0.9972007  0.99911946 0.99931586 0.9998233  0.99981755
 0.99655735 0.99980277 0.986523   0.99776196 0.98072815 0.997865
 0.99066895 0.9997576  0.9994161  0.9982502  0.99963534 0.99981564]
[0.95531046 0.9968839  0.998131   0.9996393  0.9998381  0.999635
 0.9974566  0.99944156 0.9925789  0.9897091  0.97144294 0.99797183
 0.99715817 0.99965966 0.99970573 0.99838984 0.99926764 0.9996779 ]
[0.84794915 0.99801993 0.9983889  0.9996234  0.9998697  0.9998116
 0.9975719  0.9998186  0.9890616  0.98897296 0.9304095  0.99844664
 0.99494815 0.99979144 0.99893373 0.99846894 0.99963045 0.9998005 ]
[0.9315216  0.9975555  0.9975612  0.99921083 0.99987817 0.9998561
 0.996046   0.9995912  0.9876539  0.99612254 0.9779343  0.99815637
 0.99200964 0.99978775 0.9994635  0.99586475 0.99947125 0.99977   ]
