Mprobs for dataset sim1 (1e-5)

[0.99994826 0.99991655 0.99989283 0.99986243 0.99994683 0.9999516
 0.9999585  0.99991894 0.99991584 0.99993634]
[0.99993503 0.9999577  0.99992883 0.99990904 0.9999473  0.9999051
 0.9999329  0.99992096 0.99994445 0.9999213 ]
[0.9998915  0.9999229  0.9999194  0.999874   0.9999254  0.9999449
 0.9999163  0.999928   0.9999201  0.99992776]
[0.9999422  0.9999609  0.99995005 0.99986374 0.99995255 0.99994683
 0.9999529  0.9999324  0.9999193  0.999905  ]
[0.999894   0.9999449  0.9999428  0.9997993  0.9999454  0.9999385
 0.9999361  0.99993956 0.9999447  0.9999018 ]
[0.99993396 0.9999243  0.9999348  0.99993813 0.99996114 0.9999473
 0.99994755 0.9999161  0.99988866 0.9999484 ]
[0.99987257 0.9999137  0.9998988  0.99987435 0.99993825 0.9999459
 0.9999263  0.9999392  0.9998989  0.9999455 ]
[0.9999324  0.9999175  0.9999232  0.9998497  0.99992    0.9999037
 0.999926   0.9999161  0.99989307 0.9999467 ]
[0.9999045  0.99993014 0.9999     0.99984777 0.9999492  0.9999367
 0.9999479  0.99990416 0.99990904 0.99995136]
[0.99994326 0.999949   0.9999201  0.9998605  0.9999608  0.99992085
 0.99995565 0.99991596 0.99992836 0.9999416 ]
[0.99991155 0.99994826 0.99993944 0.999869   0.9999647  0.9999076
 0.9999263  0.9999548  0.9999279  0.9999347 ]
[0.99991333 0.9999199  0.9999436  0.99990904 0.999961   0.99989784
 0.9999391  0.99994123 0.999926   0.9999331 ]
[0.99990666 0.99992657 0.99994516 0.9998865  0.99991393 0.9999162
 0.99993956 0.9999349  0.999931   0.9999262 ]
[0.9999238  0.99995387 0.9999466  0.9999105  0.99995625 0.99991095
 0.99994516 0.99993336 0.99992406 0.9999379 ]
[0.9998926  0.99994445 0.999923   0.999902   0.99994767 0.9999063
 0.9999336  0.99993336 0.9999254  0.99991167]
[0.9998851  0.99993825 0.9999081  0.9998319  0.9999671  0.99994564
 0.99991214 0.9999293  0.99989784 0.9998957 ]
[0.999923   0.9999368  0.9999312  0.999838   0.9999566  0.99994457
 0.99994314 0.99991035 0.99992883 0.9999465 ]
[0.999933   0.99996054 0.9999442  0.9998385  0.9999243  0.9998951
 0.99995184 0.9999329  0.9999275  0.9999306 ]
[0.9999167  0.9999112  0.99992037 0.99990726 0.9999223  0.99990773
 0.9999393  0.9999149  0.9998894  0.9999285 ]
[0.9999162  0.9999201  0.9999083  0.9998016  0.9999337  0.99991596
 0.9999223  0.99993753 0.9999286  0.99988735]
[0.9999025  0.99993336 0.99994504 0.9999089  0.9999232  0.9999343
 0.9999461  0.9999273  0.9999027  0.9999479 ]
[0.99992657 0.9999114  0.999949   0.99991035 0.9999467  0.99993217
 0.9999459  0.9999418  0.999877   0.99992704]
[0.99994695 0.9999095  0.99991214 0.9998543  0.9999331  0.99994564
 0.9999198  0.9999062  0.99990535 0.99990857]
[0.99991906 0.99994755 0.999905   0.999871   0.9999292  0.99991286
 0.9999293  0.99994755 0.9999261  0.99993503]
[0.99991    0.9999461  0.9999057  0.99990594 0.99994063 0.9998952
 0.9999428  0.99995434 0.99989617 0.9999362 ]
[0.9997576  0.9999236  0.99945015 0.9998796  0.9999392  0.9999105
 0.99994147 0.9998598  0.9994604  0.9998229 ]
[0.9999049  0.99995553 0.9999504  0.999877   0.99995375 0.9999504
 0.99995625 0.9999516  0.9999186  0.9999505 ]
[0.9998975  0.9999181  0.9999522  0.99991846 0.9999596  0.99993694
 0.9999511  0.999954   0.9999151  0.9999484 ]
[0.99992085 0.99994016 0.9999329  0.99989414 0.9999527  0.99991965
 0.9999119  0.9999081  0.9999471  0.9999558 ]
[0.9999248  0.99995124 0.9999312  0.99989736 0.9999467  0.99993134
 0.9999449  0.99993205 0.9999436  0.9998963 ]
[0.9998791  0.9999118  0.99993336 0.9998573  0.99995947 0.99993384
 0.9999149  0.99995625 0.99993896 0.9998964 ]
[0.9999167  0.9999505  0.9999491  0.99987876 0.9999647  0.9999207
 0.99995565 0.9999114  0.99990356 0.99989724]
[0.99995315 0.9999509  0.9999217  0.99989307 0.99993026 0.9999366
 0.9999336  0.99994075 0.9998865  0.9999137 ]
[0.99991393 0.99992895 0.99994683 0.99989736 0.9999403  0.9999492
 0.99993813 0.9999479  0.9999229  0.9999343 ]
[0.9998884  0.9999056  0.99989605 0.99990475 0.9999558  0.9999393
 0.9999199  0.9999287  0.99992824 0.99993265]
[0.9998926  0.99992585 0.999925   0.9998977  0.99995804 0.99991214
 0.9999473  0.9999137  0.9998704  0.9999057 ]
[0.9999193  0.9999573  0.999931   0.9998053  0.999949   0.99993014
 0.9999536  0.9999162  0.9999429  0.999931  ]
[0.99993384 0.9999497  0.99990356 0.99988306 0.9999527  0.99995124
 0.9999199  0.9999542  0.99993896 0.9999491 ]
[0.99989736 0.99995446 0.9999268  0.99987936 0.9999187  0.9999211
 0.99995255 0.9999206  0.99990857 0.9999547 ]
[0.999938   0.9999181  0.9999441  0.9999074  0.99993646 0.99992776
 0.9999522  0.999908   0.9999075  0.99994755]
[0.99994123 0.9999218  0.9999294  0.9998971  0.9999541  0.99994195
 0.9999355  0.9999504  0.9998895  0.9999461 ]
[0.9999449  0.9999559  0.99990714 0.9998209  0.99992514 0.99993277
 0.9999255  0.99991465 0.9999416  0.9998951 ]
[0.9999175  0.99991906 0.9999151  0.9998944  0.99993    0.99991333
 0.9999126  0.9999132  0.9999167  0.9999479 ]
[0.99993825 0.99990976 0.9999068  0.99990785 0.99994683 0.9999292
 0.9999672  0.9999255  0.99987483 0.99991786]
[0.99993026 0.999956   0.99989057 0.99989676 0.99996424 0.9999436
 0.9999268  0.99991107 0.9999087  0.9999039 ]
[0.9998908  0.9999163  0.9999491  0.99987316 0.9999515  0.9999434
 0.999933   0.9999541  0.99990857 0.9999236 ]
[0.99990165 0.9999639  0.99991107 0.9998568  0.99992454 0.9999429
 0.99992454 0.999948   0.99992764 0.99993193]
[0.9999416  0.99995565 0.9998933  0.9999256  0.9999107  0.9999181
 0.99992156 0.9999237  0.99991083 0.9999287 ]
[0.99993825 0.99992394 0.99995065 0.9998816  0.9999598  0.9999045
 0.9999589  0.9999211  0.9999342  0.99993706]
[0.9998971  0.99993443 0.9999175  0.9998661  0.99994326 0.9999075
 0.99992156 0.9999285  0.99989784 0.99990916]
[0.99994516 0.99994826 0.99992156 0.9998416  0.9999454  0.9999429
 0.9999633  0.99996245 0.9999387  0.9999236 ]
[0.9999206  0.99992037 0.9999182  0.9999156  0.9999653  0.9999174
 0.9999311  0.9999565  0.9999522  0.99992883]
[0.99991226 0.9999175  0.9999453  0.99986637 0.9999399  0.9999088
 0.99995613 0.99994445 0.99992    0.9999347 ]
[0.9999069  0.999956   0.99994767 0.99986315 0.9999287  0.9999502
 0.9999478  0.9999163  0.99987733 0.99991405]
[0.9999434  0.99994314 0.99994826 0.99985754 0.99992955 0.9999324
 0.9999604  0.9999598  0.99992764 0.9999181 ]
[0.99990654 0.9999572  0.9999324  0.99983656 0.99992764 0.9999254
 0.9999597  0.99993575 0.99992955 0.99991083]
[0.99994016 0.99993384 0.9999082  0.99991333 0.99994934 0.999918
 0.99995446 0.99994504 0.99991417 0.99994934]
[0.9999031  0.999941   0.99991214 0.99986327 0.9999467  0.999918
 0.99995637 0.99992335 0.99994516 0.9999349 ]
[0.9999343  0.9999318  0.99993205 0.99987924 0.9999635  0.9999318
 0.9999411  0.9999373  0.9999429  0.9999434 ]
[0.9999329  0.99991477 0.99991536 0.9998746  0.9999397  0.99991703
 0.999956   0.9999336  0.99994636 0.99994326]
[0.9999219  0.9999304  0.99994123 0.9998987  0.9999646  0.999948
 0.9999292  0.9999348  0.999915   0.99992025]
[0.9999474  0.9999558  0.99989223 0.9998883  0.9999329  0.9999279
 0.99995935 0.99993086 0.9999119  0.99993587]
[0.99992204 0.99996305 0.99994314 0.99990904 0.99993193 0.99995077
 0.9999577  0.9999465  0.9999207  0.99990714]
[0.999948   0.99992263 0.9999306  0.9998559  0.9999453  0.99992144
 0.9999255  0.9999106  0.9999132  0.9999219 ]
[0.99989045 0.9999213  0.99990785 0.9998535  0.99993324 0.99992716
 0.99994206 0.99990344 0.9999461  0.99994564]
[0.99987996 0.99993396 0.99991965 0.99989986 0.9999516  0.9998903
 0.9999367  0.9999399  0.99991155 0.99995756]
[0.99991107 0.99995804 0.9999436  0.9998404  0.99992144 0.9999491
 0.99994886 0.999915   0.99991536 0.9999211 ]
[0.9999417  0.9999144  0.99991655 0.99990416 0.999946   0.9999498
 0.9999614  0.99995923 0.9998834  0.9999274 ]
[0.9999194  0.99992776 0.9999212  0.9999044  0.99988246 0.9999392
 0.99990165 0.99984825 0.99993813 0.9999143 ]
[0.9999151  0.9999157  0.99995387 0.99991643 0.9999269  0.9999372
 0.9999423  0.99994063 0.99993765 0.99992585]
[0.9999429  0.9999554  0.99990034 0.9998462  0.9999504  0.9999263
 0.999944   0.99994504 0.99993277 0.9999392 ]
[0.99993074 0.99993885 0.9998859  0.9998274  0.99993825 0.9998956
 0.9999403  0.99991727 0.9998838  0.99994314]
[0.9998909  0.9999614  0.9999032  0.9998528  0.9999621  0.9999417
 0.9999466  0.999956   0.99993587 0.99990606]
[0.9998399  0.9999578  0.9999089  0.99984527 0.9999207  0.9998826
 0.9999312  0.9999484  0.9999113  0.9998716 ]
[0.99989927 0.9999182  0.9999347  0.9998796  0.99990535 0.9999436
 0.9999602  0.9999566  0.9998945  0.9999478 ]
[0.9999181  0.99995744 0.9999068  0.9998994  0.99996066 0.9999465
 0.9999213  0.99994874 0.99988985 0.999913  ]
[0.99990046 0.99993384 0.9999169  0.99985564 0.99996424 0.99991345
 0.99993813 0.9999335  0.9999089  0.9999068 ]
[0.9999366  0.9999335  0.99994016 0.9998616  0.9999211  0.99995255
 0.99995434 0.9999579  0.99990606 0.9999212 ]
[0.99988914 0.99991035 0.99990165 0.9998777  0.99995065 0.9999038
 0.99991906 0.999926   0.99990463 0.9998983 ]
[0.99988914 0.9999604  0.99991035 0.9998796  0.9999596  0.99989474
 0.999948   0.99995923 0.99990237 0.9999169 ]
[0.9999232  0.9999157  0.99991286 0.99986315 0.9999223  0.99993694
 0.9999658  0.9999441  0.9999212  0.99995446]
[0.9999188  0.99992394 0.99995446 0.99992955 0.999938   0.999949
 0.9999589  0.9999466  0.99993575 0.9999268 ]
[0.9999366  0.9999161  0.99992824 0.99991024 0.9999192  0.9999429
 0.9999516  0.9999163  0.9999249  0.99992263]
[0.99994624 0.99995506 0.99992096 0.9999236  0.9999368  0.9999026
 0.9999417  0.9999331  0.9998913  0.9998919 ]
[0.99994826 0.9999275  0.9999088  0.99986374 0.9999348  0.9999201
 0.9999527  0.9999567  0.9999232  0.9999113 ]
[0.9999474  0.9999391  0.99995077 0.9999088  0.9999449  0.9999418
 0.9999201  0.9999217  0.9998927  0.999933  ]
[0.9999372  0.99996114 0.9999021  0.99989676 0.9999435  0.9999343
 0.9999558  0.9999466  0.9998976  0.99992406]
[0.9998938  0.9999287  0.99993026 0.9998485  0.99993956 0.99989307
 0.99993694 0.99992657 0.9999263  0.99995387]
[0.9999187  0.9999212  0.9999422  0.9999137  0.9999654  0.9999403
 0.999951   0.99992335 0.99993813 0.99993706]
[0.99994874 0.9999347  0.9999219  0.99984634 0.9999341  0.9999186
 0.99994504 0.9999114  0.9999038  0.99993825]
[0.9999403  0.9999596  0.9998927  0.99986005 0.99993455 0.99991274
 0.9999145  0.9999081  0.9999099  0.999915  ]
[0.9999268  0.9999496  0.9999062  0.99989593 0.9999218  0.99993217
 0.99994314 0.9999546  0.99994886 0.9999125 ]
[0.99991024 0.9999542  0.9999043  0.99991727 0.99992585 0.99995005
 0.99994683 0.9999584  0.99992514 0.9999318 ]
[0.9999292  0.9999589  0.99992    0.99983096 0.9999366  0.99992657
 0.9999418  0.9999602  0.99992335 0.9999021 ]
[0.99989104 0.9999143  0.9999058  0.999882   0.9999255  0.99992716
 0.99996626 0.9999236  0.9999132  0.99993014]
[0.99990344 0.99995387 0.9999267  0.9998398  0.9999497  0.9999131
 0.99995875 0.99991906 0.99988854 0.9999318 ]
[0.9998765  0.9999273  0.9998901  0.9998486  0.99992096 0.9998965
 0.9999236  0.9999472  0.99992967 0.9999012 ]
[0.9998833  0.9999615  0.9999441  0.99992216 0.9999635  0.99993694
 0.9999629  0.9999229  0.99987364 0.99993765]
[0.99988127 0.9999132  0.99994445 0.99989176 0.9999392  0.999925
 0.9999424  0.9999385  0.999915   0.99994373]
[0.999884   0.9999205  0.9999405  0.999877   0.99994755 0.99994457
 0.99991965 0.99992776 0.99994636 0.9999238 ]
