Mprobs for dataset 1 (BIC)

[0.97505504 0.98509926 0.9843985  0.97969717 0.9746678  0.98228574
 0.982131   0.9766901  0.98386925 0.987649   0.9768961  0.9885197
 0.9879132  0.9844103  0.9884703  0.9887341  0.98786074 0.9859117
 0.9799392  0.9787748  0.9886846  0.98928165 0.98630464 0.97536224
 0.9751974  0.9856076  0.97738063 0.97504133 0.9857986  0.9842317 ]
 [0.9826917  0.9879753  0.98627263 0.9858736  0.9750725  0.9809585
 0.9805022  0.97337747 0.9774999  0.9810503  0.97270244 0.98111826
 0.9776045  0.98537976 0.9783546  0.9843462  0.9864266  0.9844824
 0.9843612  0.9777811  0.9840221  0.9801491  0.9794883  0.97803944
 0.9758396  0.98387766 0.9886995  0.9880976  0.9777444  0.98340994]
 [0.98144954 0.9884851  0.98889613 0.9794332  0.9876221  0.9854525
 0.9848024  0.98777556 0.9867547  0.98469836 0.97776175 0.9851784
 0.98416257 0.984758   0.98463166 0.97982776 0.9860765  0.9798024
 0.98051    0.9770082  0.9856948  0.9851527  0.97981226 0.9852196
 0.9774099  0.9781925  0.9811441  0.97441643 0.98840314 0.9781359 ]
 [0.98550767 0.97717035 0.9869654  0.9874485  0.9854248  0.97773665
 0.97564495 0.9729529  0.9875081  0.98162717 0.97970366 0.98869574
 0.97749037 0.9833678  0.9788012  0.98690784 0.98839647 0.9811065
 0.9779539  0.98144686 0.98792434 0.9860095  0.974537   0.98604023
 0.9732978  0.9878976  0.9842583  0.9866275  0.9778696  0.97626936][0.9767468  0.9769693  0.977261   0.98019356 0.9754478  0.97844213
 0.9790187  0.98429203 0.98856574 0.97232413 0.98148614 0.97362703
 0.98736304 0.98014694 0.9877686  0.9775367  0.9849963  0.9830456
 0.97462773 0.9765573  0.98499423 0.98481816 0.98236793 0.9823746
 0.9803389  0.98768395 0.98917234 0.9819271  0.98493433 0.98531914][0.97509855 0.9744743  0.9776148  0.98708355 0.9863586  0.986445
 0.97645444 0.9855721  0.98886955 0.98703825 0.97293806 0.98139787
 0.97485584 0.98613805 0.9829333  0.9864081  0.98709303 0.9844313
 0.9783754  0.97987694 0.9780132  0.9734794  0.9838043  0.9722329
 0.9876815  0.9815763  0.9860664  0.98811054 0.9772948  0.9829169 ][0.98304534 0.9817925  0.9870437  0.9794337  0.9794612  0.9885378
 0.97229093 0.9784807  0.9741614  0.9888815  0.97868836 0.97681934
 0.98487884 0.98761475 0.9721973  0.98799837 0.97531056 0.978001
 0.9827739  0.9794124  0.98685837 0.98569345 0.97971547 0.9754279
 0.9801215  0.98752767 0.9745306  0.9857524  0.9780293  0.9820119 ][0.9778161  0.9759772  0.9864296  0.9850654  0.9846423  0.9798402
 0.9796277  0.9881026  0.9818008  0.985878   0.983086   0.9849257
 0.9732991  0.971983   0.9732674  0.98486614 0.98813766 0.97218937
 0.9747968  0.9881535  0.97338754 0.9882118  0.9838207  0.9749737
 0.98167336 0.98681206 0.98188066 0.98649025 0.9747328  0.9755848 ][0.984177   0.9791798  0.97226644 0.98656124 0.97382677 0.9876794
 0.9801784  0.9764391  0.97869027 0.9860832  0.98763263 0.9845541
 0.9853007  0.9728353  0.9818087  0.9846496  0.9829595  0.9877082
 0.9854593  0.9739208  0.97128403 0.9864203  0.97313076 0.97622097
 0.9855802  0.981487   0.9824278  0.9777451  0.98799217 0.98216337][0.97861516 0.9813069  0.9876865  0.97578317 0.97329795 0.97528094
 0.9747985  0.9884339  0.9881511  0.9862829  0.9831524  0.97451085
 0.97179776 0.9878648  0.98401135 0.9734418  0.98790133 0.98028183
 0.98760647 0.9843717  0.98174137 0.9805571  0.9820124  0.97695833
 0.9836234  0.9782624  0.9847665  0.97705334 0.9874308  0.9873318 ][0.98186654 0.9721646  0.98009914 0.9794114  0.97267795 0.988376
 0.9779569  0.98608416 0.98050743 0.9831738  0.98329896 0.9871701
 0.9782497  0.9886995  0.9842471  0.98851585 0.9851076  0.9742226
 0.9841892  0.9734924  0.9859117  0.98267615 0.9816711  0.9815579
 0.9779214  0.9747813  0.9767865  0.973847   0.98235035 0.9853887 ][0.986302   0.98685545 0.9738473  0.98432136 0.9749547  0.98122543
 0.98197305 0.9864842  0.9842762  0.9842503  0.9821832  0.972773
 0.98415864 0.97461164 0.98857516 0.9828735  0.9803915  0.98196846
 0.97823435 0.9866058  0.98646253 0.9844281  0.9804144  0.97637993
 0.9889059  0.97431314 0.9839214  0.9884454  0.9743885  0.98384964][0.981279   0.98275095 0.98350555 0.972823   0.9832745  0.983166
 0.98109186 0.9784767  0.9883336  0.98682225 0.9828555  0.9822488
 0.9836887  0.9839585  0.9768599  0.9769521  0.973347   0.9770874
 0.9792915  0.9812431  0.9807977  0.9781934  0.9863323  0.9801949
 0.98857564 0.9844832  0.9834862  0.9784806  0.98479337 0.98076266][0.97353786 0.98490983 0.9769782  0.9857606  0.98787177 0.9877539
 0.97907    0.9724796  0.9773542  0.9853638  0.9827126  0.9838043
 0.97552097 0.9785767  0.98783946 0.9795855  0.98364073 0.9737224
 0.98390365 0.9851306  0.97239166 0.9884595  0.9874094  0.9794353
 0.9765439  0.98549783 0.98677397 0.9886226  0.98756    0.9807473 ][0.97769356 0.98207974 0.98554    0.97491395 0.98683816 0.9874041
 0.98477453 0.9875235  0.97918653 0.98834574 0.9845744  0.9782906
 0.9873685  0.98851544 0.985297   0.9781737  0.9849651  0.9885616
 0.9754901  0.983478   0.97738725 0.98726606 0.9807601  0.982205
 0.97984767 0.9865759  0.9881074  0.9866281  0.98343706 0.9845576 ][0.97757965 0.9838156  0.98761916 0.97748524 0.98015255 0.98112166
 0.98030853 0.9814891  0.98764193 0.98613495 0.98746    0.9851541
 0.97979224 0.97243035 0.9734221  0.9774843  0.9732729  0.97418493
 0.97993267 0.9869442  0.9825928  0.9774318  0.97984606 0.98587185
 0.98349136 0.9861827  0.979648   0.9867334  0.98596615 0.98742384][0.9718488  0.9832513  0.9870259  0.97317773 0.97494227 0.98241735
 0.98775685 0.984176   0.9852806  0.98604    0.9865928  0.9799137
 0.98058975 0.98408383 0.9734255  0.98123807 0.9839968  0.9878857
 0.98278195 0.9838186  0.9803423  0.97623265 0.9882643  0.98670524
 0.97951186 0.97921294 0.9826658  0.9868356  0.979646   0.9748123 ][0.9778892  0.97603387 0.98224443 0.97861516 0.97958034 0.9843701
 0.98364705 0.98258305 0.9825195  0.9726403  0.9801587  0.97298807
 0.98411995 0.98699355 0.9780372  0.9859546  0.97669846 0.98837215
 0.98164016 0.98613006 0.9808678  0.98644817 0.98835117 0.9876952
 0.9751077  0.98337734 0.9772448  0.9791987  0.98636836 0.9871035 ][0.9875749  0.9807364  0.9814465  0.97492695 0.9772767  0.98388195
 0.97481096 0.9798892  0.97252196 0.98360264 0.98513424 0.98406917
 0.9724028  0.97343653 0.97324604 0.97870916 0.97752064 0.980288
 0.98856926 0.97773105 0.9765876  0.98610896 0.9838643  0.97748876
 0.9784384  0.98437357 0.98637724 0.9812633  0.9736452  0.9814942 ][0.985531   0.9854989  0.9884183  0.9744086  0.982621   0.98700935
 0.9800062  0.97929215 0.9737726  0.97962636 0.9809765  0.9734961
 0.9875908  0.9843917  0.9741915  0.9745     0.97263    0.98228055
 0.97992694 0.9858198  0.9802706  0.98121727 0.98426086 0.9855385
 0.9860627  0.97505265 0.9796435  0.9746936  0.98144513 0.981547  ][0.9853307  0.986735   0.98433566 0.9763056  0.9806393  0.98479676
 0.985537   0.9724558  0.98376113 0.98761684 0.9788112  0.9839135
 0.9805115  0.9862876  0.98029906 0.97625107 0.9872044  0.9792363
 0.9781457  0.9740806  0.98414856 0.98623705 0.98686916 0.9749346
 0.98204917 0.97915834 0.9847959  0.9891695  0.9764031  0.97873664]
[0.9762415  0.98707575 0.98656136 0.982767   0.98021966 0.97277063
 0.98168784 0.98485863 0.9836722  0.97557175 0.97782135 0.9745523
 0.9820379  0.98773545 0.97275937 0.9741984  0.9822329  0.9879083
 0.97239697 0.9739541  0.9870179  0.9783401  0.9725804  0.9863819
 0.9802799  0.9874872  0.987665   0.978136   0.9843345  0.9750422 ]
[0.97878563 0.98848546 0.9806771  0.9828383  0.97242403 0.98377544
 0.9888515  0.9872273  0.9813182  0.9852042  0.98901004 0.9830474
 0.9795124  0.98345655 0.98759323 0.98807716 0.98697066 0.9850874
 0.9760335  0.9768321  0.9873174  0.982646   0.9870711  0.9731162
 0.9881771  0.97327685 0.97472805 0.9879474  0.97464675 0.9755451 ]
[0.9763292  0.9772702  0.9747946  0.98622537 0.9831588  0.98600036
 0.9867879  0.9859504  0.974038   0.9885217  0.97236764 0.9825105
 0.9757506  0.97383726 0.98097426 0.9888704  0.9726238  0.9724125
 0.9888967  0.9769657  0.98135936 0.98647213 0.98680204 0.980079
 0.98796076 0.97672963 0.97753865 0.9857583  0.9873317  0.9879935 ]
[0.98527366 0.97309566 0.97734356 0.9799028  0.9846497  0.98672813
 0.9771288  0.9872105  0.98039204 0.97666216 0.98339957 0.9867156
 0.9735709  0.9779741  0.98457897 0.98084235 0.9728643  0.97397363
 0.98783875 0.98896307 0.9802737  0.9883315  0.97605306 0.9789282
 0.98817027 0.9812089  0.9778612  0.98119396 0.98731077 0.9743336 ]
[0.98093355 0.9812153  0.98081756 0.98364556 0.9843582  0.9781616
 0.97651416 0.9777205  0.9852217  0.98873025 0.98467654 0.98475224
 0.975874   0.9820848  0.97348875 0.9873853  0.9732118  0.98860687
 0.9857368  0.97768563 0.98256403 0.98397195 0.9818932  0.9802731
 0.98396873 0.9840311  0.9818108  0.9847792  0.97838575 0.9823728 ]
[0.9752099  0.9857341  0.9807515  0.98681635 0.98205155 0.97820973
 0.9737453  0.98680836 0.9877008  0.979287   0.97736645 0.97630686
 0.98385346 0.98221636 0.97665954 0.97661746 0.97892463 0.9853548
 0.98177093 0.9847036  0.9800985  0.98472047 0.9879226  0.9882284
 0.98543894 0.9772323  0.97657096 0.9786002  0.9827161  0.9734379 ]
[0.9784388  0.97748816 0.98535997 0.9730143  0.9856123  0.9778126
 0.9808555  0.9857362  0.9807191  0.98842466 0.9831213  0.9791212
 0.9823298  0.9827643  0.98113364 0.98876905 0.9717253  0.9874879
 0.9770647  0.98089087 0.98507184 0.98367304 0.9867404  0.9807108
 0.9813114  0.97557235 0.9770998  0.9752829  0.97524685 0.9882237 ]
[0.9787365  0.98006433 0.9789312  0.98021656 0.9888925  0.9837404
 0.9770006  0.9786623  0.9805486  0.9839452  0.98814166 0.98798347
 0.9841045  0.97714114 0.9881896  0.97729355 0.9887052  0.9757981
 0.9791117  0.98267764 0.97868127 0.9848652  0.9867084  0.97633743
 0.97717786 0.9868361  0.98202354 0.9858555  0.9778742  0.9775025 ]
[0.9869751  0.98568696 0.97311246 0.9829758  0.9830784  0.98203456
 0.97358984 0.9845664  0.9818978  0.9876435  0.98397565 0.9857928
 0.9777809  0.9883386  0.97497886 0.9881295  0.9719491  0.9854123
 0.9812367  0.9769669  0.97790045 0.98584414 0.9729777  0.979471
 0.98834294 0.9761144  0.97351056 0.985911   0.97359055 0.98134524]
[0.9837186  0.9844617  0.984894   0.98807657 0.9843015  0.98698086
 0.97657895 0.9809746  0.97777563 0.9817208  0.9836277  0.9762349
 0.98689425 0.980271   0.97950107 0.98036295 0.9751747  0.9875223
 0.98514926 0.9787306  0.9729074  0.97217697 0.98071516 0.97265166
 0.9865237  0.98384607 0.97332066 0.9839929  0.9863768  0.98666453]
[0.98801684 0.9794072  0.98592836 0.98387307 0.98782396 0.98662555
 0.9731848  0.97218025 0.97946024 0.9745421  0.9879624  0.98716193
 0.9738558  0.9746826  0.98651487 0.9852173  0.9866939  0.9861028
 0.98816794 0.9775109  0.98639643 0.98902917 0.9754008  0.9863941
 0.9774275  0.9794332  0.98535234 0.9869487  0.98648596 0.98765135]
[0.9723397  0.98876125 0.9776187  0.9848393  0.97861916 0.98713964
 0.977145   0.9876952  0.9803602  0.9794449  0.9861091  0.9843848
 0.9806402  0.9721738  0.9868798  0.97782063 0.9861383  0.98649824
 0.97808367 0.9827152  0.9805258  0.9866794  0.9812199  0.98548186
 0.985537   0.9872672  0.98764277 0.97301674 0.9815186  0.98653656]
[0.9883033  0.98033303 0.97707385 0.98287004 0.98228997 0.9737037
 0.9825491  0.9852219  0.9837024  0.98329806 0.97861826 0.98298246
 0.98230803 0.9836035  0.97245806 0.9753484  0.9860452  0.9732038
 0.98837936 0.9777469  0.98132217 0.9857103  0.9787056  0.98007065
 0.9806698  0.9799824  0.9743318  0.98527414 0.98364234 0.9802351 ]
[0.98340744 0.9821431  0.98778695 0.9738565  0.9808203  0.9888517
 0.9804837  0.98762953 0.9851533  0.9752582  0.9779986  0.9855112
 0.98008704 0.98029757 0.98336154 0.9720567  0.97235763 0.9883498
 0.9795139  0.98589104 0.98801476 0.9829268  0.9762992  0.9787225
 0.9732293  0.9840267  0.9721419  0.9877087  0.9823108  0.9785628 ]
[0.98373806 0.98590523 0.9788335  0.98677063 0.9817857  0.9777068
 0.98760647 0.97249717 0.9859985  0.97269475 0.97229373 0.98180217
 0.97267175 0.98628587 0.9754893  0.98157907 0.97341216 0.97271603
 0.979603   0.9743611  0.9735565  0.97897506 0.98300236 0.9783919
 0.9773631  0.9858512  0.9863586  0.9846816  0.97250295 0.9888474 ]
[0.97356206 0.9783335  0.9806824  0.98050135 0.9834731  0.9825302
 0.98529017 0.9831512  0.9772815  0.98172975 0.982272   0.9836857
 0.97691673 0.9802027  0.9723231  0.9877423  0.9852438  0.9829092
 0.9729081  0.977382   0.98209506 0.9843476  0.977417   0.9774878
 0.9786018  0.9756132  0.9726353  0.98522896 0.9838414  0.97724   ]
[0.97724974 0.9889283  0.98575634 0.9850246  0.9798518  0.9849045
 0.97967154 0.9838194  0.97365665 0.9872069  0.9801608  0.98737353
 0.9726476  0.9748633  0.98564297 0.9793193  0.9808322  0.9810674
 0.9727437  0.98601806 0.9876407  0.97422427 0.98151624 0.9783261
 0.9735352  0.9832307  0.9837415  0.985573   0.9831465  0.97923845]
[0.9846043  0.98021436 0.98484117 0.9780318  0.97709364 0.9801577
 0.9886148  0.97506106 0.98741794 0.97961664 0.97707057 0.9885938
 0.984011   0.98616135 0.97830176 0.98712766 0.97420096 0.9850986
 0.97906256 0.97503895 0.97792083 0.9846027  0.9804207  0.97736883
 0.975932   0.9726721  0.9818386  0.97321206 0.9838441  0.9766442 ]
[0.9742777  0.9879077  0.98145765 0.9765694  0.9722741  0.98718154
 0.985213   0.9872531  0.98007303 0.9834434  0.9783625  0.9818557
 0.988154   0.9884298  0.986541   0.9874512  0.9820848  0.9754195
 0.9750583  0.97954184 0.98103493 0.97843003 0.9864107  0.98320574
 0.9876909  0.9844913  0.97329956 0.97975975 0.9884694  0.97764957]
[0.9739953  0.98628867 0.98627543 0.98055995 0.977375   0.98226166
 0.9763926  0.98639524 0.9839024  0.97188663 0.9865442  0.9881926
 0.98459345 0.97529125 0.98586166 0.9819988  0.97889495 0.9825545
 0.9880903  0.985732   0.98470944 0.98671824 0.9885289  0.9821024
 0.9819452  0.9878784  0.9873707  0.98773706 0.9886592  0.9853957 ]
[0.98798394 0.98039836 0.98070085 0.982938   0.9884122  0.9874929
 0.9791836  0.98418266 0.9849525  0.97834516 0.987513   0.98836446
 0.987252   0.9816529  0.9809084  0.9731898  0.9857907  0.9857115
 0.9792859  0.97857314 0.98567945 0.98277086 0.9827672  0.9854826
 0.98437136 0.97265494 0.9775684  0.9806877  0.97917926 0.98602945]
[0.98136604 0.9727413  0.9832103  0.9856161  0.98418576 0.9849781
 0.9884992  0.989081   0.98270345 0.980678   0.97408175 0.98721725
 0.98449904 0.98570895 0.9752669  0.98725116 0.98620564 0.98140186
 0.98399884 0.98524    0.97695833 0.9853312  0.9841542  0.98351353
 0.9760301  0.97999966 0.9862331  0.97685975 0.9801112  0.9884305 ]
[0.9872383  0.97714156 0.97913295 0.97718793 0.98868304 0.9867727
 0.98265994 0.9725218  0.9772907  0.987833   0.98663855 0.97535366
 0.9867867  0.98737    0.9796825  0.97746676 0.98355746 0.9766119
 0.9871229  0.9873713  0.97182006 0.9884544  0.98725486 0.98532814
 0.98643595 0.9784817  0.973813   0.9865601  0.98852867 0.9850625 ]
[0.97836417 0.982202   0.97875684 0.9807809  0.98785365 0.98087585
 0.9735623  0.9807818  0.9798055  0.9784217  0.9814611  0.9758268
 0.9717368  0.9778696  0.9825361  0.9845004  0.9853125  0.98713964
 0.98295677 0.9866785  0.9868132  0.97619456 0.9827071  0.9852968
 0.9860973  0.97367555 0.9823125  0.9851307  0.986573   0.98538685]
[0.9869802  0.9767025  0.9878869  0.9749835  0.98866105 0.9870336
 0.98722494 0.9843555  0.9796656  0.98163337 0.9868117  0.9832113
 0.981008   0.9834095  0.9850552  0.98617667 0.98210496 0.9774179
 0.97920483 0.98261803 0.9859731  0.97826517 0.97184426 0.9801317
 0.98559463 0.9771074  0.98542076 0.9862212  0.980754   0.9841081 ]
[0.9724564  0.9890298  0.97852385 0.9754589  0.98017395 0.9819328
 0.9724247  0.9886567  0.98273784 0.97509795 0.9734613  0.9829863
 0.97490066 0.9850181  0.9876407  0.97480243 0.9868476  0.9862927
 0.9747863  0.98856634 0.98017716 0.9820957  0.97553784 0.9823433
 0.9802475  0.9880998  0.9864662  0.9811013  0.988219   0.9834832 ]
[0.9843739  0.98899835 0.9829296  0.97837365 0.97247297 0.98091644
 0.97371936 0.9801343  0.9790102  0.9853153  0.98457474 0.9878634
 0.9869005  0.9877295  0.9795735  0.98542744 0.98750263 0.9788567
 0.9853851  0.98799187 0.98566717 0.9838749  0.98519903 0.9774135
 0.98090243 0.9765761  0.9826972  0.980963   0.9797163  0.9874419 ]
[0.98234785 0.9864395  0.984597   0.97357845 0.9734422  0.9874008
 0.98518026 0.9757227  0.98855513 0.9873533  0.97346765 0.98604
 0.9831508  0.9851784  0.97759515 0.98275924 0.9734221  0.976925
 0.9816436  0.9805484  0.9868858  0.9830798  0.98099524 0.9759035
 0.9784112  0.9827545  0.9757165  0.9789064  0.97710973 0.97641784]
[0.9846202  0.9774764  0.9833182  0.9798069  0.9814548  0.9759276
 0.9850043  0.9738036  0.9821362  0.9777399  0.98855734 0.9885852
 0.9883096  0.97897536 0.98648304 0.9851189  0.9865457  0.9878734
 0.98550373 0.9753786  0.98098993 0.98588747 0.9825649  0.9759858
 0.9729047  0.9732203  0.97836393 0.9793018  0.98346037 0.98508334]
[0.9830961  0.97671425 0.9860042  0.9836183  0.9719193  0.9858797
 0.98401296 0.9819103  0.9874945  0.9807427  0.9856712  0.9865089
 0.9861076  0.9844252  0.98660046 0.9757353  0.9735633  0.9861458
 0.9836534  0.98582053 0.98559606 0.9725958  0.98837763 0.9869982
 0.9820533  0.9853624  0.97844875 0.97675896 0.978635   0.9742588 ]
[0.9751659  0.9830952  0.98788714 0.98601365 0.9850065  0.9744381
 0.9794112  0.9838411  0.97920096 0.98893064 0.9866632  0.9749903
 0.9767587  0.97512555 0.97533053 0.9836818  0.977797   0.974225
 0.97449535 0.97703314 0.98446596 0.97369224 0.9788826  0.9876275
 0.98522747 0.9767948  0.98222524 0.9855583  0.9754547  0.98606455]
[0.9791077  0.9825079  0.9795252  0.98090166 0.98547924 0.97592986
 0.9762502  0.98697376 0.98290575 0.98035365 0.9855773  0.973032
 0.9886952  0.9832774  0.974697   0.9784032  0.9739439  0.9784158
 0.9857179  0.9797347  0.986206   0.98560256 0.98478067 0.979703
 0.9885833  0.9741998  0.9883454  0.976693   0.9774455  0.9857355 ]
[0.9864798  0.98438025 0.97436905 0.9857816  0.9817723  0.979833
 0.98793167 0.9813773  0.98243815 0.9814782  0.9866     0.98630655
 0.9766284  0.985603   0.9868837  0.9798207  0.98779476 0.98186857
 0.9831134  0.9851757  0.98796976 0.9845591  0.98749197 0.97567165
 0.9863375  0.9758489  0.9853255  0.9849865  0.98564315 0.98689216]
[0.97864336 0.98147845 0.9853538  0.98702025 0.9872907  0.97852695
 0.98202145 0.9755104  0.9832623  0.97333455 0.9748336  0.98200065
 0.98468786 0.97960275 0.98545754 0.9774031  0.97799647 0.98543
 0.9850638  0.9831133  0.9876522  0.9816274  0.98679686 0.9809061
 0.98406065 0.981641   0.98309004 0.97601706 0.98143655 0.97971916]
[0.9844848  0.982668   0.98718166 0.97142035 0.9865585  0.9807098
 0.97442734 0.9790896  0.98669714 0.9767978  0.9869517  0.986061
 0.9778219  0.9845318  0.9786906  0.9825334  0.9723149  0.98343015
 0.9889993  0.97959113 0.97948974 0.97579396 0.9771673  0.9812759
 0.97707945 0.987104   0.9823439  0.9885676  0.98211527 0.98670304]
[0.9816134  0.9790132  0.98731554 0.97364545 0.97354025 0.979959
 0.97869134 0.9876681  0.9775643  0.9812852  0.97422093 0.9885445
 0.9865066  0.97604626 0.98471075 0.98393583 0.98253065 0.9828829
 0.98880786 0.9866708  0.98239696 0.97952795 0.9744126  0.98213273
 0.9813145  0.9814104  0.97639287 0.9827613  0.97428995 0.9822566 ]
[0.9885134  0.9809518  0.9877434  0.983709   0.9741279  0.9848386
 0.9880592  0.9889253  0.97329664 0.9752425  0.9879027  0.98222315
 0.9867026  0.9866823  0.9812128  0.9735898  0.9843104  0.979807
 0.97282636 0.9726953  0.9813286  0.9852952  0.98701376 0.98883396
 0.97747415 0.97762364 0.98816407 0.97815174 0.9859373  0.9859243 ]
[0.97639084 0.98377717 0.97647184 0.9748615  0.97440696 0.98035353
 0.9818503  0.97442067 0.9873532  0.9791835  0.98738223 0.98586214
 0.97173834 0.98263943 0.9846252  0.9757343  0.9856695  0.98496777
 0.98047024 0.9875638  0.9734342  0.9856953  0.9848764  0.9828965
 0.98650986 0.9805101  0.9849806  0.9864476  0.97411805 0.98784816]
[0.9747025  0.9831845  0.98123336 0.9848201  0.9752152  0.97924566
 0.9866753  0.9810743  0.9804228  0.98859566 0.97405    0.98277426
 0.97705233 0.9788148  0.9760082  0.9744946  0.9776883  0.9816009
 0.97206265 0.9804463  0.978425   0.98654735 0.9776324  0.9809434
 0.9871913  0.9813995  0.9805085  0.9726599  0.97479975 0.97880965]
[0.98397624 0.9772983  0.98398894 0.9719795  0.9859132  0.98879063
 0.9805691  0.98692423 0.9778201  0.9718873  0.9749727  0.9886382
 0.98652565 0.98585397 0.9771553  0.98224384 0.9884537  0.9887814
 0.9867404  0.9774507  0.9822206  0.98359483 0.9805392  0.9834245
 0.9854253  0.9748105  0.98014325 0.9831412  0.9804357  0.9759427 ]
[0.97738135 0.972376   0.97999656 0.9866231  0.97596836 0.97817004
 0.97927046 0.98874927 0.97998434 0.9876721  0.9781228  0.97599244
 0.9730761  0.97798765 0.9727712  0.9746055  0.97818154 0.9849303
 0.98764217 0.98865616 0.9768315  0.9790218  0.9879375  0.9821401
 0.97257084 0.9860379  0.9831702  0.98369503 0.98659015 0.9875119 ]
[0.9798938  0.98457515 0.98550767 0.9871903  0.986311   0.9804864
 0.98822916 0.9888208  0.9737801  0.9855738  0.9723131  0.9730854
 0.9834577  0.9886857  0.9837621  0.9789933  0.9759645  0.98237395
 0.9876529  0.97723025 0.98156905 0.9890125  0.9802776  0.9753676
 0.9760393  0.9865094  0.98276824 0.98188156 0.9864998  0.98646146]
[0.9858802  0.9824798  0.9865328  0.9808368  0.9829506  0.9802478
 0.9840666  0.98246485 0.97748077 0.9776643  0.98233414 0.984751
 0.9817167  0.9879764  0.9811917  0.9850642  0.9797038  0.9865078
 0.9740248  0.9783297  0.97729605 0.979387   0.9838335  0.986628
 0.98211575 0.98175514 0.9872432  0.9811515  0.97632116 0.98817575]
[0.97487813 0.98775566 0.9857802  0.9803643  0.97996855 0.98553747
 0.9846393  0.9827032  0.98766345 0.9787355  0.9829201  0.98106235
 0.9799034  0.9728396  0.9874907  0.974147   0.9818627  0.9751747
 0.98450124 0.984417   0.97379136 0.9806542  0.9821827  0.98882884
 0.98675007 0.9744708  0.97553504 0.9715001  0.9840783  0.9732406 ]
[0.97094303 0.9819156  0.98656476 0.9737384  0.9795943  0.98674273
 0.98147273 0.9788246  0.98743826 0.9858456  0.9787927  0.9829571
 0.9814616  0.9876601  0.9753213  0.9875964  0.97880846 0.9831346
 0.98369354 0.9750357  0.98531216 0.9880135  0.9719525  0.979539
 0.98383105 0.9821602  0.98908526 0.98812497 0.98434526 0.9834843 ]
[0.9838976  0.97471446 0.9752797  0.98179334 0.9865254  0.97583973
 0.97391903 0.9753887  0.9829867  0.9867849  0.9834954  0.9801894
 0.98200154 0.9818318  0.98867095 0.9785568  0.9866801  0.9768504
 0.9881512  0.9844039  0.984417   0.9830639  0.98710257 0.97645026
 0.98665524 0.9877416  0.9846503  0.98207366 0.9756739  0.98749304]
[0.9816774  0.97734135 0.97962964 0.9807264  0.9777346  0.986102
 0.975117   0.9849518  0.97736585 0.97609395 0.9877582  0.9740544
 0.9865432  0.97486395 0.9765245  0.97626173 0.9807505  0.9850589
 0.98204756 0.98808527 0.9884278  0.983024   0.97518945 0.98137605
 0.9878796  0.9840013  0.9802847  0.9883686  0.9770204  0.9878544 ]
[0.9843332  0.9741173  0.973625   0.9770527  0.980608   0.97889704
 0.98656195 0.9799345  0.9867534  0.983685   0.9795465  0.97928065
 0.97867775 0.98329943 0.98335683 0.97302496 0.9874091  0.98027164
 0.98058254 0.9887411  0.98271704 0.9787219  0.98582965 0.98600245
 0.9872416  0.9824744  0.98485696 0.97942907 0.98185307 0.9811261 ]
[0.97456044 0.9785139  0.98415226 0.9837684  0.98836446 0.9721897
 0.9780293  0.9739019  0.9818309  0.98196584 0.97832274 0.9726855
 0.9867237  0.97630274 0.9805046  0.97875446 0.98778385 0.9853081
 0.9796337  0.9786477  0.98732984 0.9869315  0.9841151  0.9808353
 0.9877281  0.9818734  0.9825382  0.9796143  0.9882338  0.9866833 ]
[0.977279   0.98308957 0.9831529  0.9835802  0.9805132  0.97972643
 0.9840261  0.97566366 0.9790261  0.9841399  0.98169774 0.98035634
 0.9810135  0.98822033 0.9871867  0.9782542  0.9839432  0.983335
 0.9885117  0.97657806 0.9851398  0.975159   0.98090047 0.9882812
 0.9868559  0.9882089  0.97896683 0.9860561  0.97838736 0.9736332 ]
[0.9875031  0.98721296 0.9833682  0.98790914 0.9787258  0.9838726
 0.97456    0.98309845 0.98372674 0.9784483  0.9825518  0.9882506
 0.9862178  0.98334414 0.9785004  0.9870051  0.97765356 0.97326905
 0.98523974 0.98708516 0.9763693  0.97889185 0.9779124  0.98781735
 0.9877581  0.98142195 0.97929364 0.98594475 0.9776775  0.9808127 ]
[0.9842046  0.9890183  0.975366   0.9862347  0.98654383 0.9782456
 0.9741116  0.98257047 0.9884946  0.98897934 0.9813355  0.98697156
 0.988299   0.97895277 0.9813976  0.9881444  0.9822035  0.9883057
 0.97531635 0.98407954 0.9887312  0.9771262  0.9825813  0.9863405
 0.9725654  0.97616684 0.974207   0.9804042  0.98270184 0.98469955]
[0.9848764  0.979623   0.98248947 0.9835585  0.9876952  0.9747457
 0.97800946 0.97622913 0.98360556 0.98535556 0.9834067  0.97426754
 0.9864824  0.9729847  0.9838795  0.98754126 0.97421277 0.98188895
 0.97309273 0.98739177 0.97532415 0.9786896  0.97234565 0.973191
 0.97518504 0.97289    0.9866058  0.981027   0.9839124  0.97813874]
[0.9757801  0.9789291  0.9735059  0.98304236 0.98447824 0.97499305
 0.9799162  0.9800094  0.9875294  0.98287314 0.97260755 0.97578293
 0.9852904  0.98655486 0.9797515  0.9802331  0.97829324 0.97718644
 0.98835075 0.9764506  0.98487586 0.98516476 0.9730234  0.9860772
 0.973457   0.98337007 0.97466063 0.9860389  0.9795376  0.9737803 ]
[0.9858543  0.98174274 0.9838303  0.97424424 0.97478807 0.9862796
 0.9876972  0.97319716 0.9768064  0.9878857  0.98473376 0.97994024
 0.97732556 0.9880378  0.975604   0.9845109  0.9793817  0.97601414
 0.97252154 0.9745609  0.9866981  0.9823172  0.98747176 0.978522
 0.9772743  0.98766917 0.9756811  0.98467875 0.9866802  0.9807653 ]
[0.98627466 0.98530585 0.9809491  0.9713221  0.97867966 0.9752039
 0.9756469  0.9791893  0.9849631  0.98846173 0.9779268  0.9886374
 0.9792906  0.9813566  0.98080677 0.98592794 0.97237    0.979041
 0.9731652  0.98754907 0.9734181  0.9798947  0.98117423 0.98537946
 0.9887821  0.9857944  0.9809472  0.9756631  0.98854405 0.98458093]
[0.98791194 0.9870968  0.9774525  0.9746844  0.9816939  0.98155105
 0.97616905 0.98503256 0.98340154 0.9776217  0.9885485  0.9762793
 0.9756094  0.98372525 0.9878576  0.9875553  0.97838813 0.9764221
 0.9884976  0.9747035  0.9857928  0.985516   0.97682095 0.9842014
 0.98575705 0.9839145  0.9741441  0.9787703  0.98597187 0.98525304]
[0.98704636 0.98112833 0.98344076 0.97887224 0.9849865  0.9846427
 0.9844973  0.9859417  0.9835262  0.9815513  0.982734   0.9886197
 0.9847178  0.9790156  0.98307365 0.9788512  0.9769356  0.98459816
 0.98241305 0.97957176 0.972734   0.9876533  0.98279196 0.97654176
 0.9848165  0.980396   0.98097664 0.9882861  0.9793307  0.9813028 ]
[0.9844024  0.98790634 0.97201973 0.97418517 0.9729392  0.97843164
 0.98302585 0.98301136 0.97739685 0.9868622  0.9806222  0.9844728
 0.97149795 0.98595285 0.97252727 0.9765297  0.98564434 0.98061967
 0.98116446 0.9756629  0.98793054 0.98756117 0.9854188  0.96955127
 0.9810668  0.98646915 0.9777583  0.983247   0.9789149  0.98579425]
[0.98109436 0.9859512  0.9792565  0.9877823  0.9805001  0.9814672
 0.9825252  0.9795806  0.9782075  0.98217654 0.9772102  0.98196614
 0.98350495 0.9867583  0.97834915 0.9830315  0.97857314 0.97987294
 0.98030317 0.9742691  0.98466694 0.9862909  0.978538   0.9806511
 0.9794574  0.98070574 0.9779613  0.9816218  0.985694   0.9883469 ]
[0.9748409  0.9869494  0.98349273 0.9878619  0.9793411  0.981631
 0.97488564 0.98703706 0.9832266  0.98858225 0.98366034 0.98332596
 0.98200995 0.9799125  0.9809183  0.9770742  0.987428   0.9878445
 0.97296    0.9891487  0.97744954 0.98250407 0.9853736  0.98691446
 0.9799724  0.98313534 0.9724224  0.973251   0.98398614 0.97872007]
[0.9787556  0.97805643 0.98631674 0.9828332  0.9758016  0.9796261
 0.9808071  0.9790735  0.9729647  0.97916645 0.973461   0.9802659
 0.9804047  0.98472726 0.98406434 0.98654747 0.98669016 0.987211
 0.98022515 0.98301876 0.98269695 0.97307444 0.9768694  0.98073304
 0.9765776  0.9845615  0.988679   0.9867264  0.9847905  0.97834283]
[0.9851033  0.9888186  0.98107886 0.9799288  0.97322005 0.9851459
 0.98342276 0.97453296 0.98105717 0.9778022  0.9748086  0.98600787
 0.97422993 0.9730321  0.9785623  0.98836005 0.9807498  0.97612065
 0.9863495  0.98729765 0.9851822  0.9888877  0.97497094 0.98847055
 0.98096025 0.9788068  0.98830324 0.97955555 0.9867818  0.98646855]
[0.9785928  0.9817825  0.97343385 0.98218334 0.9768032  0.9760165
 0.9798666  0.97548395 0.98668486 0.98658085 0.98366183 0.974724
 0.98156    0.98014706 0.98463297 0.98879355 0.9804617  0.98241675
 0.9883663  0.98059297 0.9852765  0.98542506 0.9887794  0.97996867
 0.9739309  0.9772093  0.98621964 0.9782647  0.9782305  0.977999  ]
[0.98025334 0.97883576 0.9724955  0.98110574 0.9786881  0.98356193
 0.9860218  0.9782315  0.98699003 0.9849718  0.9832182  0.9888786
 0.9860058  0.98573387 0.9741354  0.987953   0.97341466 0.9785684
 0.98499507 0.9837558  0.9824843  0.9744949  0.9742819  0.9862321
 0.9830205  0.98237956 0.9819971  0.98753554 0.98104435 0.9866057 ]
[0.9801302  0.98455226 0.98792213 0.97181445 0.97955036 0.98424304
 0.98562163 0.9839804  0.9880905  0.98458844 0.9798576  0.9886318
 0.98592806 0.98727024 0.9735825  0.9850397  0.9867063  0.97444296
 0.9881743  0.9891031  0.98688996 0.9803996  0.9814105  0.98254997
 0.9819087  0.9869348  0.9801782  0.9781702  0.9856434  0.9736169 ]
[0.9885577  0.9731449  0.9845175  0.98129934 0.9811834  0.9856514
 0.9836908  0.9868369  0.98856944 0.9842391  0.98666614 0.97344255
 0.9836732  0.98056716 0.98120934 0.9792939  0.98080504 0.98110604
 0.97371024 0.98691165 0.9870744  0.97253114 0.98571175 0.98589814
 0.9874774  0.9797086  0.97683585 0.97714466 0.9809513  0.97770065]
[0.97612065 0.97341794 0.9736482  0.9754066  0.98777986 0.98773545
 0.98664516 0.98588574 0.9862829  0.9823209  0.9767203  0.9879659
 0.98273265 0.97248954 0.97396594 0.98101807 0.97612005 0.9823772
 0.97757417 0.97461545 0.9806968  0.9888659  0.9845201  0.9848743
 0.9788976  0.97728693 0.97559386 0.9748649  0.9875701  0.9842992 ]
[0.97870296 0.9880867  0.98109025 0.98206264 0.9854929  0.9831526
 0.97761154 0.9867155  0.9788559  0.98109585 0.9834179  0.98666394
 0.9852266  0.97989744 0.98290944 0.98341215 0.979214   0.9886324
 0.9787047  0.98913735 0.980145   0.977847   0.984213   0.9852379
 0.97405237 0.9749757  0.9810632  0.9850877  0.98690724 0.9722387 ]
[0.97312385 0.9799643  0.9863761  0.977091   0.97979295 0.9717317
 0.98472124 0.9879318  0.98177654 0.9804284  0.97861326 0.98425704
 0.988437   0.98246896 0.9870142  0.98353624 0.97354215 0.98574334
 0.97907776 0.9867578  0.9733551  0.97749454 0.98757046 0.98791087
 0.9726456  0.98345125 0.9882068  0.97262865 0.98327315 0.9814135 ]
[0.9870868  0.98714614 0.98135775 0.97332937 0.9849886  0.9815989
 0.98091114 0.9755328  0.97868365 0.9794459  0.98680264 0.98203504
 0.9828188  0.9807989  0.98734015 0.97998065 0.98575914 0.9857298
 0.9735203  0.9732782  0.9781229  0.9811148  0.98567724 0.97760314
 0.9863551  0.98511225 0.974934   0.9802065  0.9858743  0.97894204]
[0.973551   0.9725848  0.97469234 0.9785057  0.9804751  0.9758211
 0.98577106 0.9797523  0.97354716 0.97794694 0.97203326 0.9838648
 0.97886425 0.979075   0.98850995 0.98117113 0.9729188  0.9862692
 0.9860756  0.98537976 0.98803025 0.9789226  0.98504525 0.98345494
 0.98654306 0.9811366  0.9830487  0.9832638  0.97690785 0.9757757 ]
[0.9760656  0.97240454 0.9844429  0.9717723  0.98193043 0.9757446
 0.981351   0.9838049  0.9734837  0.9753618  0.9731943  0.9786885
 0.985415   0.9805319  0.9879376  0.98378724 0.9729345  0.98625934
 0.9814239  0.9788359  0.9848803  0.97989523 0.98231333 0.9853006
 0.97874683 0.9873346  0.9809079  0.9873165  0.978575   0.9867748 ]
[0.98673576 0.9878619  0.9794505  0.978729   0.9778776  0.9875777
 0.9877176  0.98810846 0.98808974 0.97324544 0.9884306  0.98722374
 0.98062813 0.9793083  0.98748976 0.9866139  0.9859374  0.9833382
 0.97663647 0.9848108  0.9760853  0.98454833 0.97744673 0.9850449
 0.9854549  0.979078   0.98720074 0.9802925  0.98823345 0.9736487 ]
[0.9791747  0.98074627 0.9803299  0.987941   0.9808717  0.981371
 0.9819042  0.9781789  0.97887665 0.97550815 0.98270756 0.9778177
 0.9761313  0.97684276 0.98758894 0.9876423  0.98677725 0.9855385
 0.9867735  0.9879736  0.98574895 0.9821697  0.9863848  0.9827759
 0.98129857 0.9863492  0.9801713  0.986173   0.97591406 0.9764459 ]
[0.98316526 0.97252345 0.97049975 0.9872875  0.9734837  0.98034346
 0.9881104  0.9763234  0.98525965 0.9862844  0.98436284 0.97932523
 0.987276   0.9880774  0.9837955  0.97972625 0.98590255 0.98497933
 0.9876938  0.9735076  0.9859849  0.98509717 0.9745402  0.98203766
 0.98067266 0.98303074 0.98631674 0.9859039  0.9794413  0.9797916 ]
[0.98609924 0.9891207  0.98764646 0.97945434 0.98078364 0.98481464
 0.98254997 0.97713757 0.986829   0.9766975  0.98747665 0.9767718
 0.9793382  0.98800653 0.9862998  0.97530967 0.9869006  0.9847482
 0.97961617 0.98242307 0.9844503  0.98861724 0.9861415  0.9825478
 0.97470576 0.97534037 0.98671955 0.9860254  0.9856821  0.9821286 ]
[0.988441   0.9828672  0.97400814 0.9874061  0.97620904 0.9808106
 0.98277426 0.98012036 0.9780155  0.9721458  0.983997   0.9761214
 0.97621876 0.98126787 0.9879362  0.98557484 0.9779578  0.97635186
 0.9859782  0.9863311  0.9746644  0.98511004 0.98803234 0.98849887
 0.9847386  0.9730198  0.98529786 0.9828357  0.9741087  0.9846095 ]
[0.9759905  0.9797635  0.9780106  0.97944665 0.97222733 0.98785573
 0.9872212  0.9855158  0.9782683  0.98842096 0.9885211  0.98303646
 0.9730899  0.98035103 0.97386104 0.978361   0.97900784 0.97910976
 0.984903   0.9878929  0.9769215  0.9791955  0.98710597 0.9868569
 0.9884127  0.98599386 0.9829259  0.97843415 0.98261005 0.9778596 ]
