Mprobs for dataset 3 (BIC)

[0.9975292  0.9974118  0.99685574 0.99882394 0.99711215 0.9976659
 0.99615175 0.99739575 0.9975158  0.9972734  0.9978567  0.99777716
 0.99755543 0.99693143 0.99362457 0.9983394  0.99603397 0.9964296
 0.9982436  0.9971264  0.9949709  0.9990606  0.99559706 0.99391973
 0.9970612  0.99294585 0.99414575 0.9979266  0.99449134 0.99692494
 0.9982426  0.9985259  0.9977709  0.9987363  0.99842596 0.9983563
 0.9965373  0.9982247  0.99811566 0.9984841  0.998075   0.9976731
 0.9969626  0.99787295 0.9980867  0.99843293 0.99746156 0.9973846
 0.99888974 0.99882275 0.9973954  0.99676573 0.9967649  0.99818206
 0.99872893 0.9963168  0.9974366  0.93256956 0.9884723  0.9090574
 0.78654176][0.9978668  0.99895006 0.99774206 0.99816126 0.99476916 0.9977144
 0.9979798  0.9979303  0.99819785 0.99681723 0.99659795 0.997865
 0.9972519  0.9954939  0.99349964 0.999328   0.9955627  0.99760485
 0.9953908  0.9982768  0.99637824 0.9993686  0.9980667  0.996561
 0.99650925 0.99142975 0.99713093 0.99797267 0.9983322  0.99435425
 0.9981457  0.9983473  0.9977913  0.99762875 0.99832505 0.99827695
 0.999488   0.9968851  0.99815077 0.9986345  0.9980077  0.99748033
 0.99738425 0.998582   0.99846447 0.99422294 0.9980564  0.9985397
 0.99910307 0.9985574  0.99814796 0.99710566 0.9967145  0.9985562
 0.9978163  0.99817157 0.9974936  0.9086274  0.9596786  0.99550503
 0.8055929 ][0.99635637 0.99854386 0.99428964 0.9971486  0.9977608  0.9980433
 0.99377775 0.99573517 0.99497414 0.9953578  0.9964478  0.9976769
 0.99592423 0.9950334  0.99066    0.9984664  0.993119   0.9956142
 0.9971192  0.99532384 0.99509263 0.9977188  0.98652864 0.9914488
 0.9944905  0.9943883  0.9959279  0.99808466 0.99612576 0.9961325
 0.99826556 0.9985322  0.99681735 0.99852693 0.99723476 0.9984225
 0.9958395  0.9976628  0.99469274 0.9978027  0.9980958  0.99470264
 0.99738437 0.9973568  0.9974612  0.9959176  0.9977634  0.99571985
 0.9951918  0.99733377 0.9979989  0.9843462  0.9974377  0.999022
 0.99707866 0.9926772  0.99610233][0.997544   0.9980059  0.9966876  0.9981767  0.99457186 0.99784756
 0.9960401  0.998293   0.9974336  0.99607843 0.9968855  0.9980241
 0.9966107  0.9970229  0.99617517 0.99895006 0.99769574 0.9976484
 0.9971923  0.9978199  0.9957029  0.9979182  0.9966119  0.99360585
 0.9973431  0.9936946  0.99431133 0.99724424 0.9963864  0.99474573
 0.9965952  0.9984895  0.996959   0.99779546 0.99598    0.9976788
 0.994259   0.99870753 0.9969427  0.9981741  0.9982272  0.9956761
 0.99603647 0.9963283  0.9993462  0.9965238  0.9983411  0.9989219
 0.9973533  0.9987715  0.9988613  0.97394943 0.9971009  0.9976622
 0.99737513 0.99743736 0.9948501  0.9666449  0.79663223][0.99781644 0.99888545 0.99724376 0.99927    0.9964085  0.9983412
 0.99435496 0.9968766  0.9972498  0.9956806  0.9978878  0.9972397
 0.9980014  0.9963397  0.9934296  0.9979063  0.9951781  0.9978605
 0.9987739  0.9983834  0.9975858  0.99910516 0.99710554 0.9946854
 0.99668235 0.9901946  0.9984451  0.9977094  0.996765   0.99656516
 0.997607   0.9981012  0.99665403 0.99828523 0.99773204 0.99898297
 0.99451643 0.9987637  0.9988067  0.9979905  0.9985954  0.9978054
 0.9976942  0.99745744 0.99911076 0.9957054  0.99803156 0.99830866
 0.9988802  0.9985617  0.998137   0.9976053  0.99642    0.9980667
 0.9984627  0.9978527  0.99806696 0.9054366  0.9765029  0.8059232 ][0.99798715 0.997271   0.9973527  0.9991129  0.9965229  0.9965983
 0.99695265 0.9979875  0.9952122  0.99695086 0.9975254  0.99819046
 0.9977551  0.99640733 0.9903594  0.9986461  0.9895975  0.9973532
 0.9980509  0.998481   0.9938812  0.9988888  0.9952123  0.9930536
 0.9978867  0.99243176 0.9948808  0.9975262  0.99829894 0.9972953
 0.99799407 0.9976617  0.9954125  0.9990196  0.99768853 0.9985084
 0.99777526 0.99808025 0.99823916 0.99748564 0.99762946 0.9963636
 0.9982438  0.9961138  0.9987919  0.99319637 0.99797314 0.9985795
 0.99832076 0.99842167 0.9982377  0.9934422  0.9973181  0.9931392
 0.99758124 0.9966114  0.9946708  0.6213686  0.9805126  0.93471026
 0.9009318  0.8084789 ][0.9978446  0.99850607 0.9974788  0.9982418  0.9965856  0.99837875
 0.99543023 0.99752945 0.998061   0.99685585 0.9974058  0.9979158
 0.99778557 0.99659204 0.99073046 0.9981179  0.99644023 0.997912
 0.99699795 0.9975611  0.99415296 0.9991479  0.9970618  0.99446917
 0.9967464  0.995965   0.99179417 0.99684024 0.99794656 0.9976972
 0.99843925 0.99850947 0.9976331  0.998372   0.9970176  0.9986808
 0.99592245 0.9982547  0.99799454 0.99776065 0.9983057  0.9978967
 0.99785644 0.9925931  0.9990268  0.99560344 0.9979032  0.9978752
 0.9988877  0.99846786 0.9977642  0.9951324  0.9970331  0.99877375
 0.9985991  0.99831307 0.99593484 0.9379223  0.97260034 0.557574  ][0.997778   0.99706036 0.997175   0.9978809  0.995484   0.99747485
 0.9961972  0.9991775  0.9976609  0.99726295 0.9958905  0.99829644
 0.99633443 0.9969242  0.9926496  0.99738485 0.99239266 0.995823
 0.9980862  0.9979528  0.99709964 0.9980556  0.99605584 0.9983961
 0.9952349  0.9934882  0.99293137 0.99657416 0.99789894 0.99774384
 0.99754936 0.99851483 0.99753124 0.99868697 0.9981725  0.99681515
 0.99472564 0.99768746 0.9979024  0.9982047  0.9976642  0.9976827
 0.99752504 0.99665844 0.9988298  0.99272525 0.9957793  0.9990163
 0.9984812  0.9972869  0.9976162  0.9965579  0.99198806 0.9969779
 0.99759173 0.9983152  0.9953585  0.8661394  0.7192493  0.91084623
 0.9505743  0.95275354 0.6232514  0.5269733 ][0.9979887  0.99806505 0.99700755 0.9992448  0.9978217  0.99831116
 0.99441445 0.9989147  0.9971119  0.9969008  0.9969854  0.99734193
 0.9979808  0.9963415  0.9934016  0.99874973 0.99608755 0.9964361
 0.99755293 0.99770314 0.9945531  0.9981185  0.99808025 0.9958759
 0.9957735  0.9967134  0.99569315 0.9975854  0.9967854  0.99567515
 0.99779886 0.9975605  0.9950795  0.99815077 0.99763834 0.99933475
 0.9958735  0.9985713  0.99682117 0.99811506 0.9974649  0.99679667
 0.99580055 0.9973206  0.9988451  0.9959799  0.998321   0.99737155
 0.9973532  0.99659026 0.99822086 0.9982486  0.9963889  0.99780446
 0.9987381  0.99716884 0.9949444  0.9038509  0.9185749  0.9843419
 0.90703696 0.6924424 ][0.997426   0.9982141  0.9978442  0.9975261  0.99686795 0.9989405
 0.99740547 0.9986312  0.99687684 0.9958567  0.9971384  0.99816614
 0.9978817  0.9967698  0.9972984  0.99970704 0.9926117  0.9983359
 0.9980837  0.9978346  0.9968784  0.9992101  0.9981304  0.9956806
 0.9967199  0.9923225  0.9963176  0.99694234 0.99839455 0.9956856
 0.99768066 0.998789   0.99620336 0.9987581  0.9977476  0.9979438
 0.99550617 0.997299   0.99854136 0.99865997 0.9972784  0.99618393
 0.998505   0.997563   0.999368   0.996121   0.9982096  0.9976197
 0.99868876 0.9976357  0.99879456 0.99708873 0.997086   0.9971935
 0.9979316  0.9977342  0.99766374 0.8616945  0.99084914 0.7779046
 0.6042176 ][0.99769396 0.9984397  0.997364   0.9979634  0.9966474  0.9970421
 0.9919972  0.99271846 0.9966767  0.99578106 0.99738294 0.997375
 0.9981741  0.9966799  0.992374   0.99727625 0.99195063 0.9973258
 0.9968437  0.9977791  0.99335057 0.9991615  0.9971064  0.9978023
 0.9961875  0.99120986 0.9923413  0.9979796  0.99517953 0.99617
 0.9979194  0.9986657  0.9969002  0.9987424  0.9979128  0.99752766
 0.9961676  0.99771    0.9969938  0.99549884 0.9969393  0.9947655
 0.9988551  0.99841857 0.99282444 0.9968483  0.9989202  0.9991905
 0.99400795 0.99826777 0.9967296  0.99371874 0.9976018  0.99714017
 0.99750715 0.9931677  0.9583049  0.82925963][0.99546474 0.9984261  0.9941934  0.99779487 0.99684525 0.99840933
 0.9911408  0.99825436 0.99403054 0.9964455  0.9933328  0.9959627
 0.99606377 0.99530655 0.9966286  0.9977762  0.99468744 0.9919592
 0.9968562  0.99671304 0.9950296  0.9983765  0.9937967  0.9934769
 0.9942959  0.9903994  0.990616   0.99302435 0.99539065 0.9935063
 0.9983615  0.9971366  0.99735177 0.9974082  0.9981311  0.9978756
 0.994679   0.99588335 0.9948186  0.9977252  0.9971732  0.99673045
 0.99638295 0.99579525 0.99911946 0.992998   0.9975222  0.9983929
 0.996804   0.99725014 0.9972778  0.9950335  0.9919354  0.99829084
 0.9975266  0.99337655 0.99396163 0.6617112  0.97423595 0.7931867
 0.55539966 0.60867083][0.9969241  0.9986848  0.998014   0.9981523  0.9940719  0.9979924
 0.99586135 0.998159   0.99695146 0.9960515  0.9974016  0.9963766
 0.99729353 0.9964972  0.9925533  0.99841666 0.9967907  0.99753004
 0.99792814 0.9954993  0.99344796 0.9987311  0.99763584 0.9960146
 0.9967604  0.9893316  0.9949811  0.99685246 0.9980342  0.99610955
 0.99866176 0.9982653  0.99563235 0.9980544  0.99757737 0.9981414
 0.99584794 0.99833494 0.99781835 0.9979158  0.998104   0.99555534
 0.9977054  0.9937051  0.9987569  0.9974833  0.9970727  0.998359
 0.9969854  0.9969783  0.9978436  0.9906303  0.99729604 0.9979551
 0.99814403 0.9972771  0.9936613  0.5080021  0.98238945 0.98611534
 0.93420887][0.99676466 0.9980129  0.99720985 0.99905974 0.99669915 0.9986864
 0.9957611  0.99766374 0.99727553 0.9945919  0.9972145  0.99762505
 0.99773455 0.9956345  0.99336666 0.9976913  0.992074   0.9974457
 0.99910885 0.9983375  0.9261838  0.99877983 0.998054   0.9953902
 0.9964624  0.9906839  0.9930119  0.99796677 0.99484575 0.9943163
 0.99812895 0.9988127  0.9969311  0.99886286 0.997841   0.9986418
 0.9980044  0.9962651  0.9986395  0.9977303  0.9984707  0.9978631
 0.9971263  0.995133   0.99913764 0.9969081  0.9982254  0.9981432
 0.9983542  0.99882704 0.99817073 0.99280906 0.9964224  0.9981021
 0.9984694  0.9967939  0.9977029  0.94960445 0.6585871  0.98539156
 0.7645458 ][0.9972018  0.9989229  0.9974464  0.99835676 0.99839395 0.99779475
 0.9957973  0.99611735 0.9949656  0.9973918  0.9969158  0.99809355
 0.997009   0.9969662  0.99292034 0.9973901  0.9988649  0.9963827
 0.998505   0.99788564 0.9973253  0.99881494 0.9980013  0.9907088
 0.9967006  0.9938007  0.9934708  0.99864596 0.9972464  0.99778795
 0.9979887  0.99793965 0.9987589  0.99851495 0.99558    0.9990288
 0.99727386 0.9985273  0.99807775 0.99836    0.99790287 0.9975841
 0.9982179  0.99657094 0.99922395 0.99808383 0.9945807  0.9984761
 0.9974884  0.9978035  0.9981134  0.9967212  0.99694115 0.9989655
 0.99785465 0.9969989  0.99512815 0.997273   0.84402716 0.8511495
 0.8550858 ][0.99774534 0.99843746 0.99773204 0.99820185 0.9946103  0.99870276
 0.9970053  0.9982496  0.996449   0.99599093 0.9965586  0.9974623
 0.99729174 0.99674064 0.99791425 0.9983438  0.9983885  0.9967154
 0.99670404 0.9975387  0.9932505  0.99831283 0.99831724 0.9935835
 0.9961281  0.9937127  0.9918379  0.9978878  0.99725974 0.9973515
 0.9974286  0.99748284 0.99632794 0.99858224 0.9985488  0.99899024
 0.99641824 0.9978417  0.9990349  0.99841094 0.9952987  0.99747145
 0.99807394 0.99430865 0.99901104 0.99529004 0.99757403 0.99864775
 0.998135   0.9985285  0.9983182  0.9961157  0.9952676  0.998874
 0.9983742  0.997358   0.99546546 0.9149338  0.9646847  0.94294846][0.9961516  0.99798274 0.99692327 0.99681395 0.99744666 0.998425
 0.995466   0.992753   0.9944027  0.9946629  0.9969021  0.9986142
 0.9968244  0.9968554  0.99421823 0.9974341  0.99575585 0.9949961
 0.9972869  0.99370724 0.99494725 0.99640584 0.9886131  0.99284524
 0.99330044 0.99089044 0.9967482  0.99839586 0.9959955  0.9971033
 0.99710804 0.99813855 0.99716955 0.9987663  0.99652463 0.99787235
 0.9960788  0.9965599  0.9951729  0.9971848  0.99808335 0.99423426
 0.9964036  0.9967719  0.9986738  0.9938717  0.9975145  0.9971251
 0.9966453  0.9979711  0.9967384  0.99266    0.99824995 0.99847656
 0.9969746  0.9918236  0.9962788 ][0.99673945 0.9985662  0.9975318  0.9985392  0.9995832  0.9990854
 0.9980718  0.9982462  0.9964825  0.9974433  0.99612397 0.9984535
 0.997291   0.99563307 0.9954234  0.99883205 0.99761426 0.997013
 0.99677163 0.99850607 0.9966624  0.99783176 0.9977508  0.9941757
 0.9973953  0.99339396 0.9960834  0.99799985 0.9954625  0.9977564
 0.9983631  0.9984458  0.99494004 0.99852955 0.99724114 0.99896395
 0.9964522  0.9988702  0.9974849  0.9988154  0.99837947 0.99641055
 0.99696535 0.9976343  0.99854064 0.9966911  0.9971306  0.9980971
 0.9984554  0.99849653 0.99770856 0.9940017  0.9956403  0.99849844
 0.997558   0.9963231  0.99398625 0.66007376 0.9775359  0.9761776
 0.6530962 ][0.99759656 0.9980659  0.99674404 0.9987204  0.9933594  0.9987639
 0.99430037 0.9985024  0.99728477 0.99610186 0.9964461  0.99684477
 0.9981816  0.99598926 0.99398685 0.99902534 0.9961359  0.996651
 0.99813557 0.9965239  0.9971802  0.99768436 0.99747133 0.9972791
 0.99744046 0.9933355  0.9970084  0.9973246  0.9981641  0.99669576
 0.9979079  0.99790907 0.99642134 0.9980617  0.99813986 0.99861276
 0.99742657 0.9984149  0.9977448  0.9978981  0.9982666  0.9963117
 0.9984492  0.99666756 0.99908805 0.995911   0.9980782  0.9966763
 0.99796957 0.99825484 0.9984451  0.9979724  0.9972247  0.99637836
 0.998382   0.997618   0.9943904  0.91762966 0.90314865 0.98791426
 0.78973025 0.5787069 ][0.9968021  0.99894863 0.99575055 0.9976044  0.99540246 0.997459
 0.9948037  0.9968855  0.9918292  0.99664164 0.9964927  0.99482673
 0.9979851  0.9965216  0.99323446 0.9977285  0.99848336 0.99832433
 0.99704    0.9965603  0.9983524  0.99931884 0.99775    0.99780506
 0.9973912  0.9916774  0.9916882  0.99717665 0.9974101  0.99710613
 0.99828714 0.998279   0.9966858  0.99860686 0.9813983  0.9985703
 0.99596137 0.99763346 0.99860686 0.99857116 0.9964849  0.99682754
 0.99704045 0.99569017 0.99893373 0.99760747 0.9963247  0.9980544
 0.997771   0.99746954 0.99784553 0.9931284  0.9946085  0.9978029
 0.9986234  0.99640733 0.99260837 0.50106794 0.59862673 0.9752848
 0.90019447 0.8814839 ][0.99780554 0.998243   0.9972946  0.9987901  0.9948271  0.99869007
 0.99443084 0.99721766 0.99678457 0.99721307 0.99754435 0.998171
 0.9982494  0.99614716 0.99643445 0.9971602  0.99655426 0.9973231
 0.9965063  0.9983529  0.99607086 0.99803025 0.99757725 0.9984755
 0.9959204  0.9942747  0.99399805 0.99821305 0.9970079  0.99788
 0.9982912  0.9979011  0.99628145 0.99850595 0.99853015 0.9989888
 0.9968483  0.99764293 0.99759585 0.99799937 0.99903417 0.9968246
 0.9942689  0.997681   0.9992884  0.9962297  0.99748355 0.99859065
 0.9991278  0.9984371  0.9981712  0.99743086 0.99426055 0.99788123
 0.9984707  0.99772996 0.9920265  0.90533495 0.9736636  0.9706944
 0.67176837]
[0.99783546 0.9982406  0.99747914 0.99866605 0.99395376 0.99901783
 0.9982469  0.99811614 0.9965178  0.99473035 0.9974753  0.9970047
 0.9980932  0.9965096  0.9940322  0.9955812  0.998437   0.9970214
 0.9977768  0.9974542  0.992027   0.99884015 0.9973757  0.99636984
 0.9971564  0.9842742  0.99514693 0.99686986 0.9971481  0.9935155
 0.9985678  0.9981548  0.99577075 0.99877197 0.99670815 0.9970323
 0.9965149  0.99813807 0.99765706 0.99758935 0.9974322  0.99779534
 0.99616086 0.99639565 0.9985977  0.99572146 0.99753594 0.99754375
 0.9981938  0.99786204 0.99833626 0.9734901  0.9969171  0.9971522
 0.99845743 0.996201   0.9943012  0.9675945  0.9841664  0.84894997]
[0.99802184 0.99724555 0.9973463  0.9991737  0.99627614 0.9990159
 0.9965623  0.998273   0.9961428  0.9913645  0.9977835  0.9944813
 0.9978142  0.99579716 0.9903267  0.99772006 0.99281514 0.9976464
 0.99827516 0.9980926  0.9957159  0.99885404 0.997771   0.9917311
 0.99767107 0.9912083  0.997338   0.99638224 0.9987509  0.99292266
 0.9982311  0.9933382  0.99155176 0.99830985 0.9953063  0.9990275
 0.99599504 0.99823487 0.99780077 0.99894637 0.995756   0.99781895
 0.9961138  0.998793   0.99922895 0.9958508  0.9985297  0.9992036
 0.99861634 0.9985499  0.9982419  0.998769   0.9962878  0.9989668
 0.9982559  0.997635   0.99666816 0.93951154 0.884079   0.98771906]
[0.9971505  0.99814343 0.99735487 0.99766123 0.9977386  0.9977581
 0.99720985 0.99789643 0.99823785 0.9962763  0.99760616 0.9974158
 0.9970488  0.99706894 0.9936504  0.99854624 0.99586076 0.9975764
 0.99683905 0.9987307  0.9978193  0.9993113  0.99924386 0.99569017
 0.99639565 0.99489415 0.99751425 0.9977927  0.99556917 0.9982401
 0.99790776 0.99801993 0.9990964  0.9979418  0.9983639  0.9976962
 0.99781275 0.9982741  0.9990814  0.99877626 0.99921536 0.9965616
 0.99785185 0.99808735 0.99920434 0.9964796  0.99720484 0.9990189
 0.9980028  0.9977623  0.9969194  0.9911123  0.9968329  0.99746287
 0.9989215  0.99807346 0.99668366 0.76811796 0.95770913 0.56223416]
[0.9971957  0.9983669  0.99650925 0.9986701  0.99607325 0.99789584
 0.995989   0.9980691  0.9968797  0.9959015  0.99692506 0.9970493
 0.9979672  0.9947389  0.99637824 0.9975922  0.9973827  0.99676514
 0.99704933 0.9985185  0.9971992  0.99912256 0.9980622  0.99744934
 0.9961941  0.98800874 0.9944483  0.9980343  0.99871075 0.9973847
 0.99759847 0.99750334 0.9972184  0.99872965 0.9985403  0.99893063
 0.99692565 0.9976654  0.99806446 0.99894387 0.9981896  0.99784696
 0.9974095  0.9968244  0.9986946  0.99872357 0.99795204 0.99756706
 0.9984107  0.9971782  0.99807847 0.9946188  0.9974232  0.99911517
 0.9974553  0.9972691  0.99880993 0.7411101  0.9731068  0.6938036 ]
[0.99765164 0.9977081  0.9957504  0.9989549  0.99578947 0.99801564
 0.9954065  0.9985728  0.99650073 0.9967147  0.9967474  0.9968425
 0.9980374  0.9961494  0.993294   0.9974456  0.99834025 0.9976051
 0.9978144  0.9969025  0.99776375 0.99776316 0.9972934  0.99810994
 0.99681085 0.99424744 0.99625957 0.99685466 0.9966904  0.99783176
 0.99822587 0.99767524 0.997813   0.99869233 0.99808264 0.9987607
 0.99627376 0.9986676  0.9985097  0.99843746 0.99825317 0.9972807
 0.9972145  0.9984847  0.9987979  0.9940003  0.997474   0.9986994
 0.9981521  0.99810565 0.9984249  0.9949024  0.9959573  0.9991787
 0.9986966  0.9944581  0.99409604 0.9840671  0.9753069  0.5528381 ]
[0.996612   0.99780923 0.99368906 0.9961505  0.99731594 0.9982304
 0.9952549  0.99355066 0.9943915  0.9958411  0.9966061  0.9975666
 0.9968694  0.9969212  0.993919   0.99795735 0.99744725 0.99539113
 0.9975309  0.9927713  0.99555796 0.9950623  0.992136   0.99301356
 0.9970367  0.9920587  0.99362826 0.9965238  0.9975799  0.99734664
 0.9977943  0.9978188  0.99794    0.99730957 0.9970239  0.99827874
 0.9955485  0.9944944  0.9930165  0.9979095  0.99850684 0.99639773
 0.9935361  0.9955942  0.9981274  0.99586934 0.9977016  0.99750745
 0.99702555 0.99829084 0.9975821  0.9817145  0.998128   0.99856275
 0.99647325 0.99267584 0.9975206 ]
[0.9979831  0.9990452  0.9967167  0.99878925 0.99660885 0.99838436
 0.9964914  0.99725455 0.9971507  0.99655616 0.9964574  0.99728096
 0.9982759  0.99670094 0.9911555  0.9983891  0.9966175  0.9976088
 0.99829084 0.99859387 0.99540883 0.9994203  0.99716055 0.9962818
 0.99623126 0.9932011  0.996564   0.997843   0.99743855 0.9961282
 0.9980324  0.9972914  0.9971175  0.9988036  0.9977551  0.99867487
 0.99618125 0.9982028  0.99823475 0.99820125 0.99860483 0.9968207
 0.99772674 0.99828464 0.9990728  0.9993562  0.998231   0.998958
 0.99808264 0.99778986 0.9977356  0.9927724  0.99555176 0.99922645
 0.9983236  0.9977884  0.9951381  0.6915271  0.9832902  0.9516867
 0.5429716 ]
[0.99619544 0.9972892  0.9967777  0.9965958  0.9969783  0.9953511
 0.99438417 0.9963391  0.99494547 0.99368685 0.9934187  0.9934429
 0.9955381  0.9972696  0.9952769  0.9968839  0.99140066 0.99734336
 0.9942702  0.99774134 0.9973265  0.9987525  0.9970694  0.9945898
 0.99772555 0.97320753 0.9936219  0.99284333 0.99717546 0.9966888
 0.99762076 0.99745494 0.99195623 0.9980385  0.9974457  0.99723476
 0.9961856  0.99796695 0.9973023  0.99785835 0.99633586 0.9947797
 0.99526393 0.98495656 0.9982027  0.9987721  0.9940217  0.9981025
 0.9986792  0.99803716 0.9974253  0.9915529  0.9970751  0.9944746
 0.9977441  0.9949738  0.99234045 0.7411148  0.9559704  0.97381353]
[0.997761   0.99779713 0.9974657  0.99772733 0.9959466  0.9982998
 0.9958625  0.99880934 0.9955955  0.99591947 0.99614114 0.99806064
 0.9976705  0.99726176 0.9943348  0.9984842  0.9953662  0.99791354
 0.99710315 0.9983265  0.9969208  0.99816376 0.9977362  0.9947714
 0.9978411  0.99027187 0.99410963 0.9975025  0.99768    0.9947826
 0.99866974 0.9979176  0.9972543  0.9988663  0.99766684 0.9985909
 0.9969813  0.9986002  0.99804556 0.99828714 0.99602425 0.9960568
 0.9981913  0.9960322  0.9992022  0.9939972  0.99666387 0.99782926
 0.9989027  0.99749386 0.997724   0.99341184 0.9959792  0.99902904
 0.99822074 0.99684525 0.99439335 0.7767713  0.9848518  0.9273035
 0.75916505]
[0.996953   0.99838865 0.99604344 0.99640524 0.99707174 0.998154
 0.997945   0.99796677 0.997142   0.99664223 0.99653316 0.9984865
 0.9973907  0.9960621  0.9941468  0.9991216  0.99584645 0.9966119
 0.9974037  0.99816835 0.9966779  0.9989182  0.9968305  0.9937655
 0.99689543 0.9899039  0.9968555  0.99772865 0.9980496  0.99644935
 0.998245   0.9988186  0.99626714 0.9988708  0.9986331  0.99896955
 0.99685234 0.99817395 0.99847    0.9986559  0.9975696  0.99693894
 0.9972299  0.9961318  0.9989054  0.99664295 0.9975648  0.99867487
 0.9988914  0.9983462  0.9975318  0.99313426 0.99533784 0.99847883
 0.99875355 0.99705243 0.996974   0.9878203  0.9846116 ]
[0.9976325  0.99805474 0.99641365 0.99867636 0.9941842  0.99827933
 0.99617934 0.9958845  0.9941533  0.98866    0.9966994  0.99770206
 0.9978116  0.9973022  0.992965   0.9984983  0.9953402  0.99778974
 0.9945938  0.9980835  0.9921812  0.9992151  0.99803203 0.9958259
 0.9683478  0.99503076 0.9924936  0.99672616 0.9936568  0.997343
 0.9982736  0.9981797  0.99078184 0.997898   0.9984303  0.9988023
 0.99798775 0.996929   0.9974353  0.99648535 0.9978248  0.99738735
 0.99609226 0.99810576 0.9993274  0.9959378  0.99544024 0.9988212
 0.9950694  0.9983444  0.99780816 0.9641044  0.99704957 0.9977622
 0.99690163 0.98762614 0.5238301  0.9895567  0.93899125 0.9831282 ]
[0.99751854 0.9980738  0.9962591  0.9973762  0.99510527 0.99861586
 0.9948945  0.9986318  0.99714535 0.997558   0.9969496  0.9979937
 0.99832183 0.99739707 0.9922525  0.99785006 0.9932679  0.9976603
 0.9963431  0.9976412  0.9940851  0.99809116 0.9947507  0.99798787
 0.9970703  0.99331385 0.99457175 0.997361   0.9971365  0.99861014
 0.99777204 0.99741626 0.9961731  0.9987166  0.9963075  0.9989254
 0.9973687  0.9982413  0.9982134  0.99769235 0.997979   0.9966719
 0.99595994 0.9975077  0.9984255  0.9972029  0.99701476 0.9985954
 0.9964915  0.997825   0.997569   0.9917747  0.9969116  0.9972989
 0.9977296  0.9959693  0.9933409  0.88468987 0.6562888  0.9835471
 0.8894491  0.73513836]
[0.9978521  0.99886096 0.9965649  0.9986852  0.9960062  0.99746466
 0.9953868  0.99770665 0.9974953  0.99693274 0.9975883  0.998214
 0.9979997  0.9952296  0.99365425 0.9981207  0.99773324 0.9964604
 0.9982653  0.9976121  0.9980793  0.99868745 0.99875104 0.9948019
 0.99571437 0.99238294 0.99502206 0.9964897  0.9932088  0.9948119
 0.99752563 0.99878067 0.99708587 0.9981     0.99594396 0.9991523
 0.9983658  0.9972868  0.9979417  0.9983209  0.99819857 0.9988814
 0.9975969  0.9971349  0.99904746 0.9963302  0.9977902  0.9988555
 0.9983619  0.9969241  0.99673444 0.9960102  0.9948396  0.99837613
 0.99806553 0.9940095  0.996067   0.9064577  0.98219645 0.98675424
 0.97591895]
[0.997366   0.9980596  0.99750876 0.9988022  0.99525696 0.9968003
 0.9893684  0.9968913  0.9922805  0.9969138  0.99704546 0.9941263
 0.99677014 0.9966175  0.99169934 0.9982887  0.99762964 0.9978873
 0.99540013 0.99568295 0.99683857 0.9991049  0.99700016 0.9925774
 0.99772424 0.9930693  0.9922665  0.98395014 0.9982761  0.9968966
 0.99788123 0.9982699  0.9901044  0.99859613 0.9969405  0.9990663
 0.9960627  0.99795675 0.99857724 0.9980909  0.9937219  0.9946725
 0.9948271  0.9973036  0.9988416  0.9930239  0.966149   0.9986779
 0.9991591  0.9977779  0.9975338  0.9931277  0.99074626 0.9959539
 0.99729735 0.99323624 0.995902   0.7529765  0.9736683  0.7826196 ]
[0.99745303 0.9985991  0.99691236 0.997957   0.99661237 0.99865437
 0.99778396 0.9975712  0.9967789  0.9964036  0.99848324 0.999022
 0.99698144 0.99730515 0.99224067 0.9989065  0.99168396 0.99743444
 0.99650574 0.9953908  0.99787307 0.99836963 0.9968592  0.99666226
 0.99150205 0.99389404 0.99454886 0.9978397  0.9963587  0.9956091
 0.99890196 0.9986338  0.9972377  0.9986191  0.997498   0.9985732
 0.99662244 0.9980482  0.9985196  0.99817634 0.99675876 0.9971571
 0.99755776 0.99601704 0.9990938  0.99533695 0.9978818  0.9981856
 0.9989555  0.99735427 0.99808574 0.99234265 0.99741036 0.99790025
 0.9978968  0.996854   0.9969501  0.94710666 0.883533   0.9971781
 0.78685343]
[0.99714535 0.99805355 0.99540824 0.99864    0.9954205  0.99877924
 0.99459946 0.9979995  0.9955937  0.9978225  0.9968394  0.9983089
 0.9973356  0.99695456 0.99639124 0.9967219  0.9918441  0.9971877
 0.997931   0.99787104 0.9968027  0.9951845  0.9986008  0.9940165
 0.9975077  0.98395914 0.9961803  0.99638236 0.99572766 0.9988244
 0.99869186 0.99871624 0.9985689  0.9984433  0.9979923  0.9989397
 0.9959292  0.99747294 0.99776196 0.9986994  0.99820554 0.99727243
 0.9961242  0.9973954  0.9992742  0.9958931  0.99727243 0.9980545
 0.9982344  0.9967796  0.99866045 0.9971155  0.99500054 0.99873513
 0.9985353  0.99690336 0.9953577  0.96079665 0.92662853 0.9762182
 0.88395673 0.8853311 ]
[0.99756855 0.99877673 0.9960188  0.9984352  0.9955907  0.9981667
 0.99421424 0.99857414 0.9954515  0.99648064 0.99683124 0.99788123
 0.9978193  0.99628204 0.99517184 0.9989221  0.9983907  0.9976845
 0.9980179  0.9977847  0.9956742  0.999403   0.99447143 0.9969919
 0.99741733 0.996505   0.9968587  0.9972241  0.9982905  0.9970817
 0.99807584 0.9982803  0.99774784 0.9986639  0.99787784 0.99857366
 0.99484116 0.99837613 0.997334   0.9983475  0.99862635 0.9976216
 0.998329   0.9981686  0.9984102  0.99718297 0.9974311  0.9983316
 0.99861646 0.99776673 0.998451   0.9946025  0.99457717 0.9978815
 0.99828064 0.9922255  0.99704677 0.8881561  0.98612416 0.9393925 ]
[0.99759644 0.9978846  0.99625105 0.9990959  0.99463767 0.99813133
 0.99768794 0.9984842  0.9955863  0.9958897  0.9964734  0.9979145
 0.99793833 0.9959636  0.99144757 0.9983047  0.9988018  0.99730897
 0.9982999  0.998793   0.997813   0.99915946 0.9967519  0.99555784
 0.9962429  0.99212575 0.99459344 0.9972474  0.99849594 0.99475986
 0.9975585  0.99829286 0.9957995  0.99794954 0.99812716 0.9983924
 0.9960524  0.9985121  0.99774677 0.99881554 0.9981679  0.9973138
 0.9976132  0.9973362  0.99910825 0.99849045 0.99810284 0.99870586
 0.9981457  0.9975151  0.9975077  0.99856097 0.9968465  0.99735874
 0.99827325 0.9973973  0.9948726  0.9176261  0.98033    0.9858208 ]
[0.99680823 0.9986651  0.9975406  0.9962513  0.99745315 0.9973636
 0.99552083 0.9985025  0.9955526  0.9958657  0.99496716 0.9957023
 0.99696845 0.9961325  0.9946498  0.9991233  0.99611855 0.99783295
 0.9984351  0.9985233  0.9962676  0.99879324 0.9983956  0.995008
 0.99577254 0.992615   0.9939149  0.9958984  0.9960044  0.99510574
 0.9976367  0.9979395  0.99683434 0.9971945  0.9963516  0.99726105
 0.9968785  0.99772555 0.99661654 0.9975128  0.99891806 0.9953844
 0.9980636  0.9965868  0.99901485 0.9963731  0.9975489  0.99356306
 0.9991522  0.99777126 0.99809974 0.9969139  0.9963278  0.9976966
 0.9981523  0.9905815  0.99581736 0.8132056  0.9560162  0.97966915]
[0.9978517  0.9981213  0.9970703  0.9987024  0.9936206  0.99833447
 0.9971848  0.99877805 0.99604404 0.9950825  0.9966247  0.9970113
 0.9977805  0.9967182  0.99427515 0.9983944  0.99700123 0.997785
 0.9975138  0.9971482  0.9979157  0.9991842  0.9979546  0.9973023
 0.9966485  0.9977259  0.9966484  0.9969132  0.99858177 0.9969447
 0.9975374  0.99781114 0.99783784 0.9981914  0.9976942  0.9991385
 0.99675757 0.99829763 0.9981102  0.99815243 0.9989813  0.9967263
 0.9966067  0.99815136 0.9990626  0.9939513  0.9970716  0.99801433
 0.9988624  0.998103   0.9981077  0.9956019  0.9959791  0.9986651
 0.9983101  0.99653924 0.9962017  0.77402306 0.98834956 0.6499189 ]
[0.9976961  0.99803966 0.99645174 0.99807966 0.99789643 0.9986395
 0.99787545 0.99708337 0.99613863 0.9978072  0.9964483  0.9983542
 0.99709594 0.9970686  0.993295   0.99808335 0.9976047  0.99701476
 0.99803275 0.9982241  0.99667954 0.9984957  0.99799216 0.99587256
 0.9969886  0.99245644 0.99169004 0.9965153  0.99772745 0.99838066
 0.9981654  0.9985286  0.99825484 0.9980835  0.99843556 0.99880385
 0.9968239  0.9975435  0.99859136 0.99856    0.99873346 0.99832076
 0.99695694 0.9984731  0.9983493  0.995924   0.99770856 0.9976845
 0.9985947  0.99883336 0.9974051  0.9907302  0.9973615  0.9981566
 0.9972748  0.99445206 0.99588853 0.98385924 0.9830715 ]
[0.9974648  0.9989291  0.9972077  0.99878126 0.99587363 0.99823016
 0.99814355 0.9983346  0.99703765 0.9922255  0.99726665 0.9981711
 0.9976319  0.9972389  0.99551094 0.9986778  0.99296194 0.9957301
 0.9979984  0.9969477  0.9957468  0.99845755 0.9983645  0.995748
 0.9969441  0.99062645 0.99424744 0.99813    0.99785256 0.99671656
 0.99794143 0.99867934 0.9967873  0.9984037  0.99746823 0.999062
 0.9963476  0.9974191  0.9977756  0.9982993  0.9981962  0.99774253
 0.99838006 0.9973477  0.9991918  0.99590033 0.9957296  0.99780947
 0.9993362  0.99821544 0.9986085  0.9909383  0.99516594 0.9983089
 0.9984884  0.9983541  0.99436307 0.977471   0.9864178 ]
[0.9980938  0.9984926  0.9963291  0.997431   0.9963266  0.9990702
 0.9961223  0.99724495 0.99673635 0.997407   0.99657744 0.99720544
 0.99743265 0.9959329  0.9944946  0.9992267  0.9967438  0.9966365
 0.9983631  0.99663866 0.9930443  0.99773276 0.9969367  0.9969812
 0.9972632  0.9895443  0.9960205  0.9965306  0.9964038  0.99421424
 0.99793756 0.99790585 0.9949896  0.99856216 0.99813324 0.99848574
 0.996046   0.99791986 0.99865144 0.99738044 0.99742836 0.9964521
 0.99768114 0.9955983  0.99895823 0.9946003  0.9934337  0.99863535
 0.9980525  0.9944845  0.9987709  0.9977143  0.99601245 0.99652076
 0.99796486 0.9950334  0.99679595 0.9380205  0.91145223 0.8170728 ]
[0.9976634  0.9977719  0.99764675 0.99861276 0.99634546 0.9977456
 0.99628025 0.99877304 0.9955922  0.99733824 0.9978296  0.9983999
 0.99782205 0.9970771  0.99593025 0.99680626 0.9949386  0.9968483
 0.99554354 0.99588364 0.99580526 0.9985128  0.9971173  0.9970188
 0.9975923  0.99642557 0.99465644 0.9969202  0.997843   0.99833834
 0.9984421  0.997497   0.99725574 0.99757415 0.99704784 0.9989963
 0.9963225  0.99603915 0.99883145 0.997109   0.9980299  0.99819416
 0.9979286  0.99784076 0.99826175 0.99549615 0.99809235 0.9984302
 0.9990759  0.9989048  0.9978569  0.9908269  0.99530435 0.99792224
 0.998697   0.99412644 0.99615556 0.921675   0.9791504  0.9874521
 0.9167792 ]
[0.9980817  0.9960139  0.9976636  0.9991479  0.9982399  0.99709105
 0.9935582  0.98725665 0.9941538  0.98208    0.99761957 0.99573153
 0.9966979  0.99682367 0.9836664  0.99785787 0.9920087  0.9982356
 0.9982863  0.9986767  0.9977102  0.9992853  0.9990658  0.99803454
 0.9931866  0.98364484 0.9949151  0.9968741  0.99438745 0.99858725
 0.998672   0.9981415  0.9880646  0.996409   0.9981053  0.9983442
 0.9976017  0.99632806 0.9976567  0.9959935  0.99739623 0.99836165
 0.98452616 0.997512   0.9989531  0.9958561  0.9982108  0.99810886
 0.99920076 0.9857895  0.99793905 0.9970005  0.99704665 0.996536
 0.99771535 0.99884087 0.99152774 0.9301683  0.97694516 0.69277686]
[0.99715483 0.9972939  0.9963213  0.9970624  0.9955302  0.998698
 0.99766845 0.9966922  0.99768436 0.99594194 0.9977881  0.99352103
 0.9981415  0.99623066 0.9900647  0.99891233 0.9987276  0.9977823
 0.99696916 0.9968251  0.9968309  0.9984646  0.99687356 0.99344784
 0.9956506  0.9933975  0.9957463  0.9971329  0.9971529  0.99624264
 0.9969754  0.9981805  0.99618787 0.9982248  0.9979728  0.9969031
 0.99419916 0.9975811  0.99790204 0.9959176  0.9983504  0.99661165
 0.9932153  0.99468464 0.9985469  0.9933803  0.997035   0.9965114
 0.9989286  0.9981875  0.9978264  0.9914886  0.99744475 0.996549
 0.99789846 0.9972644  0.9942139  0.9858871  0.9406324 ]
[0.9978751  0.9978607  0.9971539  0.9982151  0.9956813  0.99901867
 0.9965335  0.9961856  0.9941863  0.9972283  0.997766   0.99662685
 0.9974166  0.99666107 0.992763   0.99884975 0.9979582  0.9975746
 0.9971956  0.9976023  0.99577385 0.9982303  0.9963038  0.9951626
 0.9963889  0.99218154 0.99405164 0.99693847 0.9978941  0.9987947
 0.99788433 0.9977696  0.997373   0.99798167 0.9968761  0.99666816
 0.99698955 0.99853444 0.99723285 0.9982932  0.9964921  0.99693775
 0.9980385  0.9978428  0.99936026 0.99553984 0.99814093 0.9981067
 0.9974383  0.9977902  0.9984236  0.9976083  0.9952017  0.9984414
 0.9985405  0.99766517 0.99470574 0.84854525 0.9781292  0.9560989
 0.65640885]
[0.9970726  0.9980849  0.99577963 0.99821234 0.99720144 0.99841416
 0.99639326 0.9985447  0.9972851  0.99543023 0.99597824 0.9979206
 0.99791545 0.9975169  0.99454534 0.9988525  0.9935249  0.99769443
 0.99658644 0.99642074 0.99891484 0.99895823 0.99476457 0.9973827
 0.99637187 0.98299843 0.99336046 0.99740005 0.9967546  0.9916825
 0.997282   0.9972607  0.99635977 0.9986784  0.997532   0.99884903
 0.99523926 0.9979785  0.9985629  0.99850696 0.99821115 0.9958027
 0.99647236 0.9982274  0.99882954 0.99554956 0.9975055  0.99843735
 0.9977423  0.9984793  0.9979578  0.9982168  0.99646807 0.9980996
 0.9974354  0.9973574  0.9957975  0.92901677 0.9855619  0.98578054]
[0.9970187  0.99831545 0.99740905 0.99865675 0.99583495 0.99806947
 0.99768174 0.9972385  0.99583036 0.99743336 0.99767905 0.9977527
 0.99746096 0.9960664  0.9948795  0.998531   0.9918773  0.9966348
 0.99855965 0.9989586  0.9931798  0.9990777  0.9983034  0.9982413
 0.9970714  0.98747534 0.9948107  0.9957397  0.99792296 0.99819726
 0.99872667 0.99851817 0.9966499  0.99799025 0.99663156 0.9989272
 0.9954521  0.9972053  0.99639845 0.9982785  0.99904174 0.9973895
 0.9958121  0.9970657  0.99922884 0.99769324 0.9986506  0.99774075
 0.9990238  0.99740595 0.9980952  0.99727243 0.99712723 0.99818367
 0.9977506  0.9983625  0.99330115 0.8634768  0.97422653 0.9706599
 0.6492098 ]
[0.99753785 0.9984249  0.9966594  0.99893075 0.9961139  0.9987741
 0.9953434  0.995689   0.9965096  0.9928139  0.9972881  0.99778277
 0.9976665  0.9963039  0.992722   0.99925655 0.997804   0.99808407
 0.9972588  0.997757   0.99810684 0.99920624 0.9979721  0.9965664
 0.99381906 0.9939143  0.99643433 0.996693   0.99902296 0.99722505
 0.99859005 0.99882823 0.9976494  0.99862385 0.99852234 0.9986135
 0.9966186  0.9985794  0.9983157  0.9974138  0.99848217 0.99788254
 0.9968144  0.99711096 0.9988569  0.9990527  0.99765515 0.9982969
 0.99799085 0.998987   0.9976077  0.99816114 0.9963731  0.9986205
 0.9977054  0.9983278  0.9930506  0.9719177  0.63120383 0.9971668 ]
[0.99779093 0.9986155  0.9975631  0.9986386  0.99752647 0.9967805
 0.99742115 0.9982924  0.99651635 0.99698645 0.9975478  0.9977691
 0.9972429  0.99710554 0.9927394  0.9980647  0.9983512  0.9977781
 0.9992969  0.9981     0.9973978  0.99819225 0.99673295 0.9946778
 0.99802643 0.99031734 0.99573463 0.9969568  0.9985233  0.99850285
 0.99791807 0.9980732  0.99709284 0.99785244 0.9976718  0.9979538
 0.99380976 0.9985228  0.99792457 0.9977214  0.9990005  0.997003
 0.99688524 0.9984395  0.9989961  0.9935202  0.99810314 0.9988061
 0.9985322  0.9970783  0.99822015 0.99227965 0.9968585  0.9979826
 0.99802125 0.99787796 0.9980428  0.805818   0.9843291  0.8521622 ]
[0.99672395 0.9986916  0.9963658  0.9983529  0.9960859  0.9979096
 0.99664414 0.99841654 0.9967714  0.9965437  0.99624217 0.99841034
 0.99701333 0.9957866  0.9930292  0.9990489  0.9967981  0.9975591
 0.99859256 0.997684   0.9955955  0.9989448  0.9976488  0.9926812
 0.9972675  0.9969656  0.99377865 0.9962645  0.9986349  0.9968411
 0.99815685 0.9984106  0.9979607  0.9985856  0.9973206  0.9988753
 0.99636734 0.9970728  0.9976501  0.99659425 0.99869066 0.998522
 0.9958754  0.9948986  0.99904424 0.9987664  0.99825245 0.99898356
 0.9989429  0.9983156  0.99744725 0.993238   0.99562246 0.9990675
 0.9990062  0.9986375  0.99456906 0.66497755 0.986956   0.7974617 ]
[0.9962412  0.99853003 0.99619544 0.99646    0.99646735 0.99716634
 0.9962508  0.9959818  0.99628156 0.9946707  0.9960219  0.996917
 0.99529195 0.9964139  0.9941438  0.9972072  0.99689984 0.99569076
 0.99726546 0.99429756 0.9964767  0.9966323  0.988953   0.9928167
 0.9961514  0.9860865  0.9966366  0.9964805  0.99618393 0.99640757
 0.99709606 0.9972951  0.9944126  0.998009   0.99725384 0.9986216
 0.995621   0.9957664  0.9960264  0.99808097 0.99879336 0.99548656
 0.9954659  0.9950777  0.99786854 0.99424076 0.9969649  0.99645305
 0.994609   0.9980757  0.99798334 0.9879097  0.998892   0.9984792
 0.9970993  0.9892841  0.9951142 ]
[0.997517   0.9989562  0.99617624 0.99838793 0.99723583 0.9976538
 0.9965648  0.99817526 0.99603206 0.9968901  0.9971739  0.99801123
 0.9977848  0.9973672  0.9950643  0.99859613 0.9966204  0.99656373
 0.996029   0.99860734 0.992593   0.9992101  0.9987238  0.99876827
 0.99571913 0.9979042  0.9938412  0.9972361  0.9977549  0.9964728
 0.99842    0.9983033  0.99692565 0.9981477  0.997575   0.99909234
 0.99434    0.99817324 0.9981741  0.9980635  0.9988444  0.99579793
 0.9977361  0.9976139  0.9987349  0.9970149  0.9984641  0.9988593
 0.9979153  0.99888927 0.99810106 0.99076873 0.99743927 0.9969183
 0.9984738  0.99738675 0.99529207 0.99736077 0.93659204 0.89738226]
[0.99784505 0.99882334 0.9960312  0.9983444  0.9951786  0.9961063
 0.996117   0.99798286 0.99481565 0.99477494 0.9958639  0.9984401
 0.9980513  0.9958126  0.99462986 0.99845684 0.9936511  0.99685955
 0.996259   0.9979011  0.9972109  0.9990361  0.9971938  0.9922936
 0.99761283 0.99567693 0.9947179  0.99677294 0.99805    0.996061
 0.9986284  0.99758136 0.99746287 0.9988306  0.99781215 0.9990471
 0.99599946 0.9977514  0.99883276 0.9977253  0.99578923 0.99631774
 0.99768054 0.9976851  0.9987645  0.99789643 0.9971194  0.9989543
 0.99729544 0.99674594 0.99777514 0.99297756 0.99579877 0.998212
 0.9987727  0.996555   0.9975435  0.9872148  0.99045324 0.7484493 ]
[0.9969739  0.9979049  0.99651045 0.9986249  0.99652535 0.9970381
 0.9948513  0.99638957 0.9966538  0.9952826  0.9971769  0.9973888
 0.99718297 0.9965676  0.99391115 0.9965282  0.9970952  0.9958021
 0.99583995 0.9952532  0.99470055 0.99640083 0.9935684  0.9934162
 0.997203   0.9877973  0.99625313 0.99745506 0.9964765  0.99617094
 0.99708444 0.997138   0.9969797  0.99859494 0.99788696 0.9981668
 0.99581724 0.99741286 0.9950919  0.99835724 0.998543   0.9939341
 0.9958014  0.99497944 0.9985765  0.99505216 0.9980154  0.9973792
 0.99642026 0.9972579  0.9979177  0.99211144 0.9988771  0.9986053
 0.9961737  0.9925599  0.99593014]
[0.99712616 0.9980866  0.9966698  0.9981305  0.9981096  0.9985274
 0.9978398  0.9981699  0.9952053  0.9960234  0.9973037  0.9982664
 0.99791425 0.9969041  0.993075   0.9985055  0.9904821  0.9978981
 0.9980964  0.99839514 0.9904073  0.99861395 0.99771714 0.9965348
 0.9966737  0.9971806  0.9983339  0.9976096  0.9974602  0.9976445
 0.9978604  0.99817824 0.9975465  0.99846196 0.99840766 0.9987601
 0.99540025 0.9985293  0.9989592  0.9982212  0.99832004 0.9963819
 0.99798155 0.9988527  0.9994267  0.9971302  0.99684554 0.9982134
 0.998987   0.99765366 0.99774975 0.9947023  0.9975178  0.99838614
 0.9987871  0.99820375 0.99665475 0.8419626  0.78742105 0.951456
 0.77027506]
[0.9971449  0.9990434  0.9972193  0.99842644 0.99641883 0.99868125
 0.99748826 0.9992256  0.99534816 0.9965473  0.9969451  0.998533
 0.99681336 0.9967855  0.9977003  0.99922085 0.99845135 0.9975853
 0.99612516 0.9976433  0.9985917  0.99883467 0.99698514 0.9972687
 0.99899644 0.99104476 0.9964462  0.99780923 0.9986278  0.99729747
 0.99881387 0.99826705 0.9975598  0.99921346 0.997968   0.99800724
 0.9964534  0.99804294 0.998936   0.99808735 0.99863917 0.9967
 0.9975872  0.997189   0.9992287  0.993701   0.9974674  0.99872595
 0.9986816  0.9976305  0.9980903  0.9882158  0.9961563  0.9978569
 0.997218   0.9978788  0.99634933 0.9844214  0.9850991 ]
[0.9976355  0.9982116  0.99677545 0.9984301  0.99134785 0.99778557
 0.9967019  0.99930525 0.99531484 0.9960156  0.9963486  0.99909353
 0.997644   0.99619067 0.99133885 0.99808645 0.9975804  0.99780315
 0.9977344  0.99712867 0.99558085 0.99769115 0.997945   0.9951519
 0.9965689  0.9929501  0.99559695 0.9978021  0.99713886 0.9934994
 0.9971807  0.9974118  0.99831605 0.99849355 0.99344975 0.9978828
 0.99536276 0.9983341  0.99794406 0.9980088  0.99739134 0.9965836
 0.99717134 0.99592125 0.9987569  0.99685836 0.9979311  0.9988887
 0.99786    0.9972873  0.9974849  0.9988242  0.99672514 0.99646413
 0.9973174  0.9978555  0.9958252  0.7322458  0.9721738  0.9803735
 0.9926859  0.99659795 0.98398906]
[0.99766695 0.99704367 0.9961778  0.99841726 0.99798065 0.99760616
 0.9946925  0.9977894  0.99093187 0.9950067  0.99650747 0.9958794
 0.99818015 0.99674773 0.9937704  0.9988136  0.99452037 0.99740833
 0.99680954 0.998145   0.99553514 0.9987081  0.99819356 0.99282044
 0.9962798  0.9800372  0.9961235  0.9927947  0.9914248  0.99431
 0.9981036  0.9983558  0.99575835 0.9985311  0.9963348  0.9905958
 0.98431593 0.9910252  0.99816626 0.996985   0.99197596 0.99681157
 0.99763393 0.99560356 0.9985776  0.9989666  0.9978048  0.99866843
 0.9981014  0.995174   0.99780434 0.99276817 0.9965836  0.9923415
 0.9980433  0.99793744 0.99538463 0.9757766  0.96708316]
[0.99664587 0.9977075  0.9977348  0.9984931  0.9963309  0.9984786
 0.9966222  0.99818003 0.9966133  0.9959559  0.99649507 0.9987691
 0.9981317  0.99702436 0.9946754  0.99903905 0.9962502  0.99655616
 0.9987853  0.9976471  0.996992   0.99941003 0.99748695 0.9973997
 0.99556017 0.9983271  0.9981042  0.9964844  0.99801123 0.9970651
 0.9977004  0.9986652  0.9979424  0.9985917  0.99826556 0.9986016
 0.9972439  0.99851424 0.9974343  0.99857354 0.9976119  0.9975885
 0.9956589  0.9987463  0.9994287  0.9984763  0.99759704 0.99866295
 0.99926    0.99778205 0.9986462  0.99546826 0.997735   0.9980552
 0.99857855 0.9972568  0.99601054 0.8688007  0.9873297  0.9027456
 0.6906245 ]
[0.99749315 0.99812025 0.9969298  0.9978625  0.98352134 0.983432
 0.9881782  0.98912305 0.99307775 0.9854816  0.99643    0.9979437
 0.9972796  0.99559695 0.99371547 0.9972084  0.99714595 0.9966917
 0.9977538  0.99706334 0.99599034 0.9992387  0.99487704 0.9957848
 0.99260557 0.9851089  0.9552984  0.9966574  0.99500436 0.9878796
 0.9963277  0.99775285 0.98518556 0.9964953  0.99779105 0.99569786
 0.99698156 0.9937512  0.9960632  0.99777883 0.9945157  0.998283
 0.99749064 0.9955552  0.9990569  0.99546945 0.9956714  0.9983016
 0.9980842  0.9319465  0.99879766 0.99036855 0.99558616 0.99845433
 0.9985159  0.99731773 0.87140715 0.92518103 0.6205123 ]
[0.99763083 0.99834526 0.99714845 0.99894077 0.9960912  0.99800557
 0.99643964 0.9985108  0.9961488  0.99661785 0.997079   0.9978078
 0.99690956 0.99575436 0.9915781  0.9983417  0.9952538  0.99818534
 0.9981041  0.9980318  0.99439126 0.99836975 0.9952048  0.99440247
 0.99836475 0.9873285  0.99656147 0.996833   0.9970414  0.9972638
 0.9987888  0.9973667  0.9977029  0.99826944 0.99629056 0.99800044
 0.9958891  0.9973671  0.9988984  0.9984952  0.9983729  0.99546766
 0.99508435 0.9980198  0.99902403 0.99780124 0.99838746 0.99801576
 0.9980259  0.9984787  0.99826187 0.9964552  0.99657947 0.99794
 0.99838066 0.99867815 0.9962482  0.6838163  0.92025155 0.9827041
 0.65258765 0.72628736]
[0.99693525 0.99870634 0.99728644 0.99783283 0.99458015 0.9985424
 0.99515164 0.99788    0.9963755  0.9963917  0.9965153  0.9981304
 0.99801755 0.99584454 0.9935207  0.9987784  0.99447834 0.99755186
 0.9987191  0.99752766 0.99538606 0.9986682  0.9967325  0.9968732
 0.99606436 0.993305   0.9959214  0.99652916 0.99793965 0.9945793
 0.9985044  0.99861443 0.99745363 0.9981567  0.9985549  0.9989391
 0.99572855 0.998572   0.9970209  0.99859816 0.99818546 0.9977325
 0.9976574  0.9951238  0.99912375 0.9964579  0.99750704 0.99746394
 0.99773324 0.9983651  0.99760216 0.997767   0.9954848  0.997549
 0.99864155 0.997393   0.99558914 0.92430675 0.98622143 0.87857485]
[0.9975553  0.9983088  0.9957599  0.99902844 0.99726605 0.9979506
 0.996029   0.9980416  0.99720854 0.99550015 0.9961726  0.99744344
 0.99802387 0.9959358  0.9924245  0.99858344 0.9937388  0.9978472
 0.99864763 0.9972856  0.9973876  0.99903154 0.99836487 0.9970413
 0.99782854 0.9902768  0.99424076 0.99775    0.9951507  0.9958521
 0.99884605 0.99827814 0.9930895  0.99796176 0.9881125  0.9977028
 0.9969645  0.99744093 0.99850214 0.9963091  0.9985286  0.9975793
 0.99698645 0.9976888  0.999204   0.99647456 0.99802494 0.9989373
 0.9985545  0.9984535  0.99778867 0.99715036 0.99455875 0.9974911
 0.9978016  0.9954572  0.99594104 0.9176063  0.938097   0.9738666
 0.5897734 ]
[0.99643743 0.998279   0.99311817 0.9988016  0.9949957  0.9976695
 0.9961033  0.9967991  0.9959304  0.9952591  0.99655837 0.9981008
 0.99550664 0.99688137 0.99224114 0.9980233  0.9958169  0.99488825
 0.99350256 0.99444145 0.9953349  0.9968681  0.9908634  0.9922443
 0.9957806  0.9941705  0.9926877  0.9974462  0.9962136  0.99534106
 0.9983369  0.99814796 0.99609804 0.9979814  0.99535793 0.9980823
 0.9960147  0.99742717 0.99622416 0.997489   0.99822706 0.995815
 0.99661523 0.99410856 0.99781054 0.99225545 0.9982065  0.99697006
 0.99581605 0.99665403 0.99731606 0.9878528  0.9977192  0.9980976
 0.9845175  0.98787296 0.99650204]
[0.99685585 0.9985776  0.9973283  0.9974451  0.99688005 0.99893326
 0.99765366 0.9978492  0.99657416 0.99610305 0.99753296 0.99855584
 0.9979284  0.9962501  0.99084127 0.9985708  0.9978242  0.99727887
 0.9988054  0.9982101  0.995622   0.99834406 0.99718153 0.9975956
 0.9968172  0.9880868  0.9983095  0.99635184 0.9987245  0.9978521
 0.9978162  0.9957307  0.99722123 0.9978581  0.9984711  0.999199
 0.9962333  0.9977114  0.9987985  0.9980843  0.9955059  0.9975079
 0.99727196 0.9986596  0.9988201  0.9944886  0.9970969  0.99905926
 0.99881434 0.9980433  0.9977374  0.9977144  0.9956044  0.9984023
 0.99803287 0.9971179  0.9967907  0.97703576 0.97106993]
[0.9965096  0.9970872  0.996648   0.9978465  0.99451506 0.99858654
 0.99604166 0.9985159  0.9968561  0.9919974  0.99668473 0.997306
 0.9976634  0.99693274 0.993989   0.9988098  0.9989737  0.9970921
 0.99791497 0.99651766 0.9947349  0.9967063  0.9964964  0.9940095
 0.9974184  0.9865589  0.9967359  0.99702054 0.99847144 0.9966635
 0.99883956 0.9973876  0.9979164  0.9984909  0.99717844 0.9985813
 0.9953694  0.9976922  0.99762577 0.99790394 0.99827576 0.99763703
 0.99614847 0.9975178  0.9992906  0.9942076  0.99707055 0.99773777
 0.9980804  0.9977233  0.9970072  0.995109   0.99698526 0.99720854
 0.9973579  0.997343   0.9954333  0.80210704 0.8973738  0.98808366
 0.9430043  0.51475924]
[0.99790096 0.9984666  0.9964006  0.9990613  0.9960219  0.9987513
 0.9975823  0.9975164  0.99576414 0.9970927  0.9970413  0.99826753
 0.99820614 0.99592125 0.9921754  0.99718934 0.9925696  0.9969014
 0.996786   0.9980069  0.99511576 0.99873465 0.99814427 0.9959259
 0.99693704 0.9853071  0.99532723 0.9976041  0.99737984 0.9979703
 0.9983594  0.99823797 0.99695826 0.99784184 0.99822813 0.99890196
 0.9965565  0.9981713  0.998252   0.9984149  0.9966846  0.99764806
 0.9963798  0.9975325  0.9988487  0.9971616  0.9983687  0.9983908
 0.9982253  0.9973494  0.99746454 0.9886834  0.99516726 0.99644214
 0.99869305 0.99809104 0.9962239  0.9980307  0.977995   0.85494137]
[0.99775213 0.9977245  0.9966619  0.9981578  0.996929   0.99813557
 0.9960167  0.9982103  0.9970272  0.9964664  0.99663097 0.9986327
 0.99811816 0.99683714 0.9930566  0.99942446 0.9947246  0.99704295
 0.9981013  0.9972716  0.99559456 0.99907506 0.99733317 0.9972888
 0.99717605 0.99443996 0.992462   0.9973997  0.99611783 0.9990403
 0.99789256 0.9967623  0.99641114 0.9987651  0.99489355 0.9979292
 0.99709606 0.99677104 0.99857664 0.9987703  0.9980007  0.9963631
 0.99522555 0.9980451  0.99916327 0.99895775 0.99481875 0.99912673
 0.9986051  0.9977563  0.99762803 0.99426126 0.9955651  0.99711585
 0.9984611  0.9969518  0.993356   0.9897572  0.97332126 0.7698577 ]
[0.99768925 0.99896264 0.9965593  0.99842924 0.995401   0.9981108
 0.99665534 0.9979235  0.99741757 0.9964318  0.9968196  0.9983901
 0.9977969  0.99673575 0.99230075 0.9973284  0.99618655 0.9961228
 0.9965127  0.99856514 0.9966851  0.99846077 0.9982691  0.99706995
 0.997157   0.9916048  0.99523985 0.9967302  0.9986677  0.9985191
 0.9984024  0.9976342  0.9959753  0.9988919  0.9982241  0.99885404
 0.994582   0.99797934 0.9981103  0.99795437 0.9981335  0.99700516
 0.99815315 0.99746084 0.99937266 0.9956328  0.99788266 0.99870884
 0.99854183 0.9989423  0.9972059  0.9949083  0.9952245  0.99846053
 0.9975497  0.9950596  0.9945581  0.9702994  0.9067688  0.9812929
 0.8839283 ]
[0.9978759  0.9986835  0.9970049  0.9976782  0.99154025 0.99739337
 0.99627244 0.9984308  0.9960967  0.9977718  0.9968989  0.99668115
 0.9977502  0.9960681  0.99510753 0.99847966 0.98804563 0.9982697
 0.9987563  0.9986708  0.997297   0.9982986  0.99865854 0.99434656
 0.99675685 0.99735403 0.99071723 0.9954756  0.99606943 0.9960402
 0.998569   0.99779886 0.9955439  0.9981458  0.99838364 0.99874556
 0.9971506  0.99779415 0.99853194 0.9978515  0.99786913 0.99728286
 0.99739885 0.9972584  0.99921966 0.9973085  0.99710375 0.998489
 0.9984003  0.9967456  0.99814737 0.99789006 0.99645185 0.99831855
 0.99776113 0.9962825  0.9953897  0.93852395 0.9569908  0.98162144
 0.6110793 ]
[0.9973283  0.9980667  0.9965585  0.99896324 0.99615955 0.99909306
 0.99431497 0.9955361  0.9964645  0.996181   0.997001   0.9984072
 0.99780196 0.9974148  0.98636264 0.9978834  0.995475   0.9971002
 0.9953753  0.997514   0.99669975 0.9985682  0.9992681  0.9937278
 0.9970536  0.988143   0.9915936  0.98137844 0.99653494 0.99525577
 0.9986325  0.99791783 0.99391997 0.9977791  0.99557674 0.9979132
 0.9952195  0.9985531  0.9986534  0.9982541  0.99713767 0.99654716
 0.99255306 0.9969103  0.99899834 0.9944719  0.9960484  0.99881953
 0.99886763 0.9969229  0.9985911  0.9860617  0.99501234 0.99830365
 0.99791604 0.9978155  0.9913356  0.98315847 0.92182565]
[0.99729174 0.9981092  0.9974642  0.9965693  0.9948566  0.9982388
 0.9941695  0.99758494 0.99557173 0.9967422  0.9973169  0.9979936
 0.99743253 0.9957712  0.9954111  0.99776316 0.99359953 0.9976707
 0.99865305 0.9971746  0.996863   0.9987565  0.9981431  0.9925209
 0.997692   0.99711514 0.99752766 0.99725705 0.9971896  0.99684095
 0.9984719  0.99775106 0.9943072  0.9979721  0.99740905 0.99819833
 0.99563015 0.99653876 0.99777526 0.9978415  0.9986589  0.99804497
 0.9981737  0.9985998  0.99824286 0.99812764 0.99758077 0.99846846
 0.9981925  0.9982552  0.99814177 0.9954353  0.99479586 0.9985215
 0.9984523  0.996816   0.99728334 0.9748891  0.9762607 ]
[0.9971046  0.99889827 0.99755496 0.9972677  0.99531823 0.998024
 0.99613345 0.99722797 0.9966432  0.99701715 0.9974795  0.99821484
 0.9980159  0.99603325 0.9943037  0.9984767  0.9943808  0.9971545
 0.9979778  0.99766517 0.99495524 0.9992987  0.9979791  0.9950669
 0.9968257  0.99198467 0.99705684 0.9975973  0.99661887 0.99800986
 0.99835324 0.9976835  0.9953294  0.9984658  0.9976629  0.9987758
 0.9973814  0.99771535 0.9966061  0.9984629  0.99867517 0.9968882
 0.9958027  0.99602675 0.9988763  0.9966239  0.99762315 0.9981768
 0.9966072  0.99815875 0.99808466 0.9949654  0.9958121  0.9984945
 0.9977576  0.99879944 0.9950003  0.9843515  0.8083086 ]
[0.9967037  0.99871206 0.9961528  0.9986663  0.99671954 0.9964765
 0.9958097  0.9968646  0.99658716 0.99636215 0.9989336  0.99650013
 0.9979128  0.9958164  0.99443495 0.99897015 0.99648404 0.9970197
 0.99687284 0.9963529  0.99185705 0.99758506 0.99704933 0.99373794
 0.9975108  0.9918841  0.99436295 0.9969202  0.9980057  0.99732864
 0.99802905 0.9984719  0.9965823  0.9983754  0.998357   0.9973923
 0.997044   0.9977188  0.997569   0.9983286  0.99336064 0.996467
 0.9979989  0.99668056 0.99879754 0.99614525 0.99735117 0.9981993
 0.9986583  0.99715024 0.99859685 0.9955205  0.9960524  0.99791783
 0.9982199  0.993256   0.9943479  0.91803277 0.99071676 0.9647299
 0.77433455 0.9169512 ]
[0.9975441  0.99777114 0.9964353  0.9981059  0.99532664 0.9982407
 0.9970278  0.99868804 0.9953975  0.99538773 0.99602497 0.99676216
 0.9978503  0.9930171  0.9949988  0.9987651  0.99457943 0.9975424
 0.99773943 0.9984627  0.99560803 0.99899846 0.9980661  0.994994
 0.99585426 0.99560887 0.9947803  0.99797684 0.99627787 0.9977719
 0.99773276 0.99866676 0.9968989  0.9984091  0.9954959  0.998966
 0.9967513  0.9978549  0.99902713 0.998765   0.9981791  0.9967991
 0.9978575  0.9972516  0.99871266 0.99663025 0.9981243  0.9981286
 0.99899024 0.9976451  0.9972658  0.9938083  0.99630606 0.9991658
 0.99782443 0.9962645  0.9938909  0.9856797  0.9842912 ]
[0.99798214 0.9987575  0.9971578  0.9971294  0.99614763 0.9984504
 0.9974252  0.997323   0.9957449  0.99589276 0.99719256 0.9962542
 0.99676824 0.9969748  0.9942415  0.9989801  0.99222344 0.9972916
 0.99575055 0.99744046 0.99762803 0.99812406 0.9969687  0.99327725
 0.9959688  0.995589   0.997426   0.99702054 0.99873596 0.99870086
 0.99838984 0.99814665 0.99762195 0.99897635 0.99823344 0.9987488
 0.99582964 0.99828786 0.99710613 0.9985391  0.9981482  0.9974234
 0.9979068  0.9980683  0.99880993 0.9972389  0.99603134 0.998516
 0.9989446  0.99803966 0.99755305 0.99588436 0.9971564  0.998579
 0.99763453 0.9957294  0.9947377  0.68356127 0.98767006 0.7958444
 0.77739656]
[0.995862   0.9972409  0.99274105 0.99738544 0.997738   0.99788123
 0.99483347 0.9863594  0.9960783  0.9951971  0.9971481  0.997592
 0.9947384  0.99703443 0.9952231  0.99801254 0.99736917 0.9948238
 0.99599564 0.99316555 0.9957052  0.9957209  0.99144626 0.993658
 0.99278885 0.9926582  0.99348783 0.9976077  0.99532914 0.9963098
 0.99614197 0.9976271  0.99778074 0.998544   0.99787986 0.99802125
 0.995531   0.99741435 0.9957663  0.9979101  0.9984119  0.9964483
 0.99683434 0.99798536 0.99741507 0.9936126  0.9970872  0.9960174
 0.99592423 0.9973367  0.9975389  0.98464185 0.99752444 0.99924916
 0.9918494  0.9896376  0.99816066]
[0.99667823 0.99887115 0.9974694  0.99873954 0.9963924  0.9984944
 0.9969482  0.9989448  0.9946774  0.9963206  0.99719965 0.997872
 0.9974964  0.9974443  0.9957353  0.99876285 0.9930962  0.9969733
 0.9984267  0.9981072  0.99703336 0.998934   0.9969349  0.99464816
 0.99703133 0.99568546 0.9964217  0.9969201  0.99778193 0.9981548
 0.998131   0.9975909  0.99628973 0.99842143 0.99332    0.9981499
 0.9964336  0.99778444 0.99848074 0.9985832  0.9946325  0.9960129
 0.9968849  0.9970208  0.9985127  0.9960211  0.99738234 0.99813867
 0.9990822  0.9984414  0.99835324 0.99251515 0.9974068  0.99780566
 0.9986211  0.99613214 0.99377704 0.7020034  0.984092   0.89553833]
[0.9968458  0.9979912  0.9977621  0.99834263 0.99648094 0.9990281
 0.9966468  0.99842775 0.9968683  0.9969398  0.9966762  0.99765754
 0.9974081  0.9971987  0.99556655 0.99803907 0.99520016 0.9969663
 0.9980496  0.9961473  0.9968117  0.9988568  0.9978242  0.9963045
 0.997532   0.9926763  0.99524623 0.99785656 0.9984591  0.9970209
 0.9975401  0.9972121  0.99708015 0.9984549  0.9974137  0.9987909
 0.99660033 0.9981773  0.99793774 0.9982633  0.99844724 0.99545527
 0.9972058  0.99806446 0.9989022  0.99670464 0.9964678  0.99862576
 0.99850047 0.99714833 0.9974624  0.99709666 0.9959602  0.995001
 0.99757236 0.99765813 0.99680686 0.93939555 0.96825075 0.95724416
 0.6164056 ]
[0.997387   0.9981092  0.99629897 0.9984137  0.9955967  0.9978927
 0.997447   0.9975042  0.9938496  0.99635553 0.9969586  0.9979824
 0.997976   0.9955953  0.99739265 0.99694985 0.9978119  0.9967409
 0.9983022  0.99820244 0.9955254  0.99848664 0.99713    0.99502844
 0.9976197  0.99875474 0.99473405 0.9975852  0.9978873  0.9981817
 0.99767274 0.9982323  0.99756026 0.99812967 0.99739397 0.99863225
 0.99734217 0.99283844 0.9986118  0.99803203 0.9975848  0.9959741
 0.995836   0.9985127  0.9992471  0.9966845  0.9985795  0.997675
 0.99863666 0.9962923  0.99857616 0.9970884  0.99461335 0.9989718
 0.9983407  0.9957489  0.9946576  0.8433313  0.90398973 0.9743463
 0.6144241  0.9312344 ]
[0.99673426 0.9978811  0.9969469  0.9985286  0.99336725 0.9976857
 0.9938269  0.9979851  0.99760973 0.9950865  0.99714154 0.99247414
 0.997493   0.9968496  0.9958746  0.9983339  0.99667776 0.9975076
 0.9979467  0.99760014 0.9910834  0.99811006 0.9985758  0.99575174
 0.99716336 0.9826073  0.9955753  0.99698466 0.9969553  0.9847074
 0.9980235  0.9981565  0.9913936  0.99850404 0.9980573  0.9949832
 0.9934349  0.9953361  0.99802786 0.9983047  0.99802977 0.9972453
 0.9960031  0.9899511  0.9982053  0.99680626 0.9978254  0.998489
 0.9984493  0.99823415 0.9983589  0.9984604  0.99746585 0.995846
 0.9971787  0.99714154 0.9912282  0.9327108  0.92766845 0.95511806]
[0.99721473 0.99862695 0.9961687  0.9989384  0.9954333  0.99852556
 0.9974125  0.9981793  0.9973139  0.99765235 0.9972128  0.9981079
 0.99813557 0.9964833  0.9924291  0.9981073  0.9977028  0.99793375
 0.9976585  0.9985623  0.9978477  0.9986481  0.99648905 0.99379504
 0.9969085  0.98192835 0.9959182  0.9972451  0.99834144 0.99595684
 0.99761534 0.9977289  0.99748945 0.99782526 0.9980375  0.9978248
 0.99680966 0.99850535 0.99724305 0.9985629  0.9982199  0.9959275
 0.9969025  0.99568236 0.9987691  0.9988404  0.998184   0.9983022
 0.99781406 0.9986884  0.9978186  0.9957147  0.9969091  0.9978636
 0.9973264  0.9967332  0.99376017 0.93705004 0.90658545 0.9758893 ]
[0.9969187  0.9981489  0.9974209  0.9979145  0.9938492  0.9964463
 0.9969137  0.99798006 0.99248755 0.99652594 0.99698573 0.9969574
 0.99706155 0.99734074 0.98954785 0.9933745  0.99486345 0.99665904
 0.9962547  0.9978102  0.9918206  0.9984725  0.99751747 0.99519145
 0.9970084  0.9932795  0.9951148  0.99810237 0.9972525  0.99564433
 0.99819106 0.99710625 0.99620014 0.9987897  0.9956624  0.99831545
 0.99645257 0.9958923  0.9985078  0.99761486 0.99713385 0.9968713
 0.9955973  0.9970499  0.99897754 0.9959313  0.9980869  0.9983429
 0.9971257  0.9976835  0.9978575  0.99343526 0.99599046 0.99813074
 0.99768555 0.99828017 0.98954237 0.9550186  0.904431   0.6285442
 0.98839915 0.5083316 ]
[0.9978935  0.99805343 0.9970415  0.9981142  0.99585307 0.9966748
 0.99686015 0.9991013  0.996221   0.9965571  0.9966271  0.9970573
 0.9974191  0.99747854 0.9947318  0.9980957  0.9962436  0.9976707
 0.9990977  0.9972088  0.9981818  0.9991905  0.9980568  0.99807477
 0.99690163 0.9944161  0.9955901  0.99491286 0.99656564 0.9976373
 0.9987324  0.99724627 0.9952533  0.99832076 0.99721164 0.99743915
 0.99647707 0.99795353 0.99790287 0.9981427  0.9961867  0.99718565
 0.9961176  0.9964617  0.9988335  0.9983297  0.9976374  0.99904794
 0.9983052  0.9984535  0.9974197  0.9963864  0.9952614  0.998779
 0.99824595 0.99730504 0.99473995 0.80717343 0.8877418  0.76929384
 0.7189725  0.87084794]
[0.9972045  0.9975579  0.99565864 0.99819607 0.99560636 0.99767977
 0.9965411  0.9978886  0.9970471  0.99569005 0.9964715  0.99870825
 0.99715483 0.99766856 0.99433917 0.9988998  0.9961737  0.9969639
 0.9985421  0.9981806  0.99561703 0.9989644  0.99463034 0.9968611
 0.99661833 0.9968726  0.9964424  0.9969754  0.9966281  0.9978725
 0.99797505 0.9978638  0.9985275  0.99799097 0.99809223 0.9992724
 0.9967842  0.9985642  0.99830234 0.99865866 0.9988142  0.9974233
 0.9969849  0.99705976 0.9988262  0.99609166 0.9977422  0.9985518
 0.99944633 0.9974222  0.99729246 0.9959986  0.99562424 0.9963404
 0.9976866  0.99800247 0.9953466  0.64451957 0.9871982  0.9712218
 0.97556293 0.50217366]
[0.99375194 0.9951089  0.9962023  0.9946273  0.9948744  0.9924115
 0.9919376  0.9963098  0.9950847  0.99449486 0.99553275 0.99297744
 0.99683845 0.99183226 0.9852116  0.99511933 0.98757476 0.9964226
 0.9938269  0.99237376 0.98947734 0.9967816  0.99467623 0.9824897
 0.99196374 0.9901121  0.99364907 0.99293786 0.9951438  0.9869211
 0.9961002  0.9969777  0.9916745  0.9932728  0.99335164 0.99767345
 0.99302375 0.99693704 0.99322295 0.99453074 0.9974686  0.9901689
 0.9919973  0.9950035  0.99409926 0.98350614 0.9973349  0.9954261
 0.99430484 0.9899512  0.99191767 0.98902076 0.9917966  0.99586487
 0.9927654  0.9885561  0.9955675  0.6134652  0.77833503 0.8987654
 0.9215589  0.7860907  0.7577762  0.7928677 ]
[0.99698704 0.99866354 0.99668425 0.9978836  0.99050003 0.9969067
 0.99494356 0.9976872  0.99738437 0.9948165  0.9974381  0.99856913
 0.9980647  0.99601007 0.9959638  0.9984711  0.9961965  0.9971595
 0.99618053 0.99495995 0.9964072  0.9990858  0.99727815 0.99802005
 0.9959906  0.9956151  0.99627715 0.9970426  0.99854714 0.9978776
 0.99844813 0.99741876 0.9984604  0.9978016  0.9974444  0.9984125
 0.9966807  0.99801826 0.997974   0.9982394  0.99632263 0.9963251
 0.99644655 0.99776375 0.99901927 0.9958152  0.99837375 0.99715793
 0.99892896 0.99807227 0.9978003  0.9901466  0.99600804 0.9971106
 0.9980572  0.9964909  0.99796367 0.5716334  0.9838688  0.7411515 ]
[0.99600285 0.9979049  0.9971981  0.9977859  0.9932278  0.9988844
 0.9973304  0.99768543 0.99523395 0.9964825  0.9974687  0.9949923
 0.99700326 0.9958793  0.99652845 0.99625504 0.99826497 0.9977538
 0.998184   0.9982016  0.9922631  0.99779797 0.9989856  0.9924805
 0.9975623  0.97424465 0.99319637 0.99685574 0.99217755 0.98957366
 0.9980824  0.99596703 0.99635726 0.9981773  0.9938698  0.9969607
 0.99258864 0.99852043 0.9986945  0.9982855  0.9988411  0.99553525
 0.9960217  0.9926934  0.99900925 0.99739885 0.99709284 0.99808383
 0.99832565 0.99835086 0.99754983 0.9933734  0.99596536 0.99842584
 0.9981346  0.9975635  0.99507326 0.7336872  0.98836666 0.80026096
 0.7591585 ]
[0.99752444 0.9975299  0.99566394 0.9982272  0.995615   0.99877506
 0.9753591  0.9913686  0.9961618  0.9860393  0.9973822  0.9984328
 0.99792933 0.9974462  0.98177034 0.99751425 0.9964743  0.9975293
 0.99513865 0.998078   0.9964976  0.99903655 0.9956388  0.9927563
 0.99711967 0.9978809  0.9954202  0.9903807  0.99145156 0.9917093
 0.9983265  0.9978607  0.9923193  0.99870455 0.98550284 0.99903166
 0.9966719  0.99755067 0.9983436  0.98221576 0.99346066 0.9969837
 0.99845195 0.9892709  0.9991768  0.99818003 0.997531   0.9986243
 0.9986299  0.9978542  0.9987081  0.9957968  0.98923045 0.99111813
 0.99810576 0.9947708  0.9848623  0.7939584  0.846384   0.9844146
 0.96343386]
[0.9974105  0.99825996 0.9957806  0.99877375 0.9911809  0.99642307
 0.99662787 0.9986174  0.997677   0.99506193 0.99598324 0.9975369
 0.99662834 0.99737644 0.9945163  0.998823   0.9983531  0.9966371
 0.998128   0.9981779  0.99617743 0.9994796  0.99666166 0.9964175
 0.99575704 0.9976252  0.99521035 0.99758935 0.9972281  0.9961534
 0.99766564 0.99751174 0.998201   0.9986284  0.9971154  0.9987747
 0.9972007  0.99696463 0.99622667 0.9973326  0.99552464 0.9975681
 0.997712   0.99828136 0.998259   0.9962774  0.9977083  0.99855226
 0.9980386  0.9977456  0.9976694  0.9961515  0.9964805  0.9984168
 0.99871004 0.999126   0.9955924  0.9780206 ]
[0.9978156  0.9981306  0.9963091  0.9984499  0.99557674 0.99767727
 0.9947352  0.99845564 0.9962817  0.99679655 0.9976724  0.9968442
 0.9976064  0.99561787 0.99516183 0.9971771  0.9974848  0.9964234
 0.9977586  0.9976432  0.9959441  0.99841857 0.9981505  0.9927402
 0.99612206 0.99114007 0.9936965  0.99766505 0.9976035  0.9982906
 0.9983999  0.99764353 0.9959001  0.9982888  0.9981833  0.9983557
 0.9960574  0.9974981  0.9980813  0.99842703 0.99869305 0.99766076
 0.997552   0.9976279  0.9990183  0.99514765 0.9979153  0.9986021
 0.99746966 0.9985268  0.99721295 0.9962196  0.9953316  0.9976076
 0.99893886 0.9974419  0.99804485 0.80821717 0.9467237  0.872108
 0.8034771 ]
[0.996894   0.99818206 0.99676824 0.9987079  0.9960955  0.9980762
 0.9963413  0.99775475 0.9949974  0.9943973  0.9976163  0.9979936
 0.99713886 0.9968142  0.9872487  0.9984616  0.99863917 0.99689794
 0.9971698  0.9971366  0.99725586 0.9984561  0.9976279  0.9952732
 0.9970312  0.9962675  0.9958681  0.9975001  0.9970836  0.99600047
 0.9983864  0.99797386 0.9973116  0.99896145 0.9970457  0.9988311
 0.99671566 0.9978573  0.9979518  0.9986449  0.9978503  0.99647707
 0.99737084 0.9931778  0.99872464 0.99562114 0.9976624  0.99804604
 0.99884355 0.9983924  0.997635   0.9934563  0.9949614  0.9930559
 0.99786794 0.9960651  0.9958294  0.57661635 0.98059833 0.962777
 0.512617  ]
[0.9966298  0.99905425 0.9977884  0.99928856 0.99696153 0.99845445
 0.9959372  0.9984219  0.9974565  0.9965905  0.9969908  0.99796873
 0.99752015 0.99627423 0.99410903 0.9986104  0.9992106  0.9971265
 0.99723756 0.99792564 0.9971239  0.99921167 0.99859077 0.997512
 0.99559325 0.99594444 0.99755776 0.99733233 0.9972842  0.9949825
 0.9981781  0.9977538  0.99742234 0.9978988  0.9966929  0.99775225
 0.9963045  0.99857926 0.99789584 0.99790937 0.9981844  0.99774593
 0.9960437  0.99734986 0.9993463  0.99716777 0.9976376  0.99695635
 0.99907756 0.9977817  0.9986065  0.9979444  0.99709    0.9984282
 0.99858475 0.997995   0.9948278  0.8773306  0.9514283  0.9564811
 0.70168793]
[0.99782026 0.99886084 0.9967704  0.9973241  0.99881613 0.9974897
 0.99664634 0.9981887  0.99758697 0.9951219  0.9974705  0.9988121
 0.99742424 0.9965372  0.99371934 0.9978921  0.9947555  0.99776113
 0.9982711  0.9980205  0.9969759  0.9989674  0.9956018  0.9966965
 0.99666506 0.9917612  0.9940017  0.9977362  0.99811673 0.9977896
 0.9979227  0.9982845  0.99843746 0.99847096 0.99839395 0.99902475
 0.99632686 0.9983033  0.9984738  0.9979182  0.9976636  0.9976165
 0.9978289  0.9978131  0.9986701  0.99410397 0.99740136 0.9987417
 0.9982268  0.99805236 0.9984937  0.99441445 0.9973616  0.9977921
 0.9976533  0.9975979  0.9951994  0.6090376  0.94442815 0.8469742 ]
[0.99646133 0.997727   0.99756026 0.99837166 0.99471056 0.9976434
 0.99699867 0.9984426  0.99611306 0.9943057  0.9966893  0.9965558
 0.9972972  0.99576306 0.99225026 0.99839777 0.9898123  0.997389
 0.99740964 0.99771    0.996002   0.9979956  0.99739057 0.9960561
 0.99719954 0.9905318  0.99565554 0.99539846 0.99773043 0.9949266
 0.99857163 0.9970395  0.9985629  0.99899    0.99672526 0.9981931
 0.9964097  0.995836   0.9978556  0.99850094 0.99734664 0.9979214
 0.99720556 0.9937226  0.99928504 0.99446446 0.9955165  0.9990005
 0.9993813  0.9979532  0.9981857  0.9912355  0.9954266  0.9963225
 0.9986891  0.99796224 0.9971727  0.80572486 0.9747429  0.71966755
 0.68269897]
[0.996494   0.997618   0.99521625 0.99640936 0.99746406 0.99714124
 0.9954821  0.9938087  0.99634427 0.99596834 0.99704176 0.99810815
 0.995673   0.9967404  0.9940574  0.997865   0.99671847 0.99427706
 0.9977162  0.9967727  0.9956644  0.9971084  0.9902774  0.9896102
 0.9959105  0.9911437  0.99333787 0.9981913  0.99796873 0.99404526
 0.9978993  0.9972378  0.9966041  0.9984817  0.9961576  0.99865025
 0.9971739  0.99593747 0.99480504 0.99748623 0.99790096 0.9950771
 0.9931102  0.9964735  0.9974982  0.9956392  0.9974354  0.9978817
 0.99613816 0.99817395 0.9967632  0.99157894 0.9984396  0.99881977
 0.988836   0.99033207 0.99740195]
[0.99705815 0.99872833 0.99747014 0.99926263 0.99528486 0.99855536
 0.99697053 0.997823   0.99575764 0.99757963 0.9976131  0.99813485
 0.9977441  0.9968742  0.99044526 0.9979955  0.99259186 0.998156
 0.9984486  0.99670815 0.99654925 0.9987099  0.99880064 0.9933561
 0.99786454 0.9918207  0.997489   0.99636877 0.9975908  0.994911
 0.9985411  0.99776983 0.99555415 0.9983367  0.9979691  0.9985689
 0.9947594  0.998108   0.9986143  0.9983908  0.9988054  0.99663
 0.9938871  0.99637693 0.99906534 0.9963259  0.997895   0.99791306
 0.99822    0.9978376  0.9981219  0.9945766  0.9955967  0.99642617
 0.9986332  0.9982742  0.99644864 0.52161044 0.9680426  0.83080715
 0.5763181 ]
