Mprobs for dataset sim1 (1)

[0.999905   0.99990404 0.9999459  0.9998561  0.9999229  0.9999429
 0.9999261  0.99995506 0.9999275  0.9999219 ]
[0.9999441  0.99993277 0.99994016 0.9998785  0.9999627  0.99993956
 0.99994624 0.9999411  0.9999434  0.9999498 ]
[0.9999455  0.9999043  0.9999124  0.9998747  0.9999559  0.99989843
 0.99994123 0.9999294  0.9999062  0.99991095]
[0.9999403  0.9999404  0.9998926  0.9998838  0.99994016 0.99994814
 0.99992776 0.99994504 0.9999434  0.9998926 ]
[0.99989915 0.99992085 0.99992955 0.99983895 0.99995816 0.99993145
 0.99993443 0.9999062  0.9999405  0.999948  ]
[0.9998958  0.9999279  0.9999144  0.99990153 0.9999579  0.99993956
 0.9999591  0.9999002  0.999923   0.99993217]
[0.9999049  0.99995387 0.9999291  0.999881   0.9999341  0.99994385
 0.99992645 0.99994564 0.9999379  0.99991775]
[0.99989724 0.99993527 0.99993706 0.9998727  0.9999455  0.99994004
 0.99993217 0.9999558  0.9998826  0.9999515 ]
[0.99993074 0.9999585  0.99993527 0.9998512  0.99993145 0.9999225
 0.9999529  0.999946   0.99993694 0.9999343 ]
[0.9999404  0.99991477 0.99992144 0.9998565  0.99995804 0.9999356
 0.99994826 0.9999491  0.999905   0.99994767]
[0.99988747 0.9999454  0.9999151  0.9998822  0.99993944 0.99993193
 0.999931   0.99995553 0.999941   0.9999018 ]
[0.99990046 0.9999428  0.99990857 0.99982303 0.9999485  0.99993217
 0.99996066 0.99993134 0.99990976 0.99994123]
[0.9999405  0.9999583  0.99994314 0.99986625 0.9999342  0.99994874
 0.9999498  0.9999347  0.99991834 0.9999434 ]
[0.99993443 0.9999517  0.9999083  0.999835   0.9999554  0.9998995
 0.9999218  0.99993384 0.99992466 0.999936  ]
[0.9999068 0.9999484 0.9999442 0.9998517 0.9999467 0.9999187 0.999913
 0.9999039 0.9999267 0.9999294]
[0.99994576 0.9999474  0.9999312  0.9999237  0.9999466  0.999949
 0.99993014 0.9999503  0.9999087  0.99994934]
[0.99991226 0.99995375 0.99994874 0.99991035 0.99994564 0.9999125
 0.99995446 0.99993074 0.99994373 0.99994993]
[0.9998944  0.99992764 0.99991894 0.9999026  0.99994457 0.9999223
 0.9999336  0.9999509  0.999931   0.99991333]
[0.9999169  0.9999585  0.99993634 0.99988556 0.9999609  0.99994123
 0.9999348  0.999938   0.99992204 0.99989986]
[0.9999306  0.9999263  0.999944   0.9998807  0.9999567  0.9999294
 0.9999167  0.9999244  0.99990857 0.9999393 ]
[0.9999362  0.99991274 0.99994814 0.9998447  0.9999603  0.9999262
 0.99993825 0.99994385 0.9999144  0.99993026]
[0.9999238  0.99993956 0.9998876  0.9998771  0.99993706 0.999913
 0.99992573 0.99994445 0.99993265 0.99991465]
[0.9999435  0.99993753 0.99991524 0.9998672  0.9999622  0.9999285
 0.99993634 0.99991214 0.9998963  0.99994254]
[0.9999038  0.9999578  0.9999281  0.99991906 0.9999316  0.9999057
 0.9999435  0.99993443 0.9998871  0.9999064 ]
[0.9999453  0.9999281  0.99994993 0.99990344 0.99992263 0.9999212
 0.99993336 0.99992585 0.9999186  0.9999064 ]
[0.99992025 0.9999558  0.9998963  0.999889   0.9999516  0.99993813
 0.9999223  0.9999038  0.9999378  0.99989474]
[0.99993205 0.9999063  0.99989104 0.9998622  0.99992347 0.9999268
 0.9999478  0.9999546  0.99991035 0.9999405 ]
[0.99991107 0.9999598  0.9999167  0.99989724 0.99992144 0.99991786
 0.9999528  0.9999318  0.9999094  0.9998976 ]
[0.99958736 0.99994576 0.99976903 0.9996935  0.99992394 0.9994419
 0.999936   0.9998902  0.9989291  0.9996815 ]
[0.999902   0.9999583  0.9999225  0.99988675 0.99996424 0.99995196
 0.999925   0.9999399  0.99987996 0.9999442 ]
[0.9999474  0.9999163  0.9999057  0.99983966 0.9999175  0.9999362
 0.99995875 0.99992824 0.9999447  0.999943  ]
[0.99992406 0.9999229  0.9999478  0.9998878  0.9999559  0.9998965
 0.9999232  0.99995196 0.99989283 0.99990964]
[0.9998876  0.9999052  0.99993    0.99983823 0.9999567  0.9999484
 0.99995744 0.9999181  0.99988484 0.99992895]
[0.99991846 0.999918   0.9999362  0.9998288  0.9999403  0.9999225
 0.9999386  0.99994624 0.9999068  0.999936  ]
[0.9999006  0.99993336 0.9999392  0.99987173 0.9999479  0.9999145
 0.9999367  0.9999305  0.9999175  0.9999126 ]
[0.99994814 0.9999447  0.9999502  0.9998783  0.99992156 0.9999275
 0.9999486  0.99993575 0.9999324  0.9999033 ]
[0.99990284 0.99995804 0.9999119  0.9998658  0.99994886 0.9999504
 0.99991834 0.99991524 0.9999002  0.99990606]
[0.9999305  0.99992585 0.9999405  0.99990034 0.99990976 0.9999206
 0.9999372  0.9999517  0.99993837 0.99993837]
[0.9999347  0.99994326 0.9999522  0.99989665 0.9999424  0.9999162
 0.9999261  0.99995494 0.9999404  0.99989283]
[0.9999361  0.99994254 0.99992025 0.9999323  0.9999535  0.99992955
 0.9999658  0.99991834 0.9999101  0.9999361 ]
[0.9998996  0.999923   0.9999113  0.99988806 0.9999579  0.99994266
 0.9999616  0.9999455  0.99994075 0.9999099 ]
[0.99992    0.9999505  0.999938   0.99985886 0.9999367  0.9999267
 0.99994373 0.99994457 0.999936   0.9999056 ]
[0.99988794 0.9999404  0.9999174  0.99983823 0.9999609  0.9999517
 0.99994195 0.99992096 0.9998865  0.99993336]
[0.999905   0.999936   0.9999076  0.99988604 0.99996126 0.99994636
 0.99995804 0.9999232  0.9998976  0.99990904]
[0.99994624 0.99990594 0.99991417 0.99984944 0.9999453  0.9999006
 0.99995303 0.9999001  0.9999099  0.9998951 ]
[0.9999207  0.9999316  0.9999367  0.99988806 0.99995184 0.999925
 0.99995947 0.999936   0.9999305  0.9999397 ]
[0.99988925 0.9999423  0.99993527 0.999907   0.9999548  0.9999181
 0.99994564 0.9999442  0.9999374  0.9999062 ]
[0.999908   0.9999181  0.99990046 0.9999025  0.999928   0.9999305
 0.9999498  0.99989843 0.99991274 0.99991596]
[0.9999355  0.99994385 0.99989986 0.9998667  0.9999471  0.999933
 0.9999443  0.99994266 0.9999082  0.9999403 ]
[0.9999045  0.9999105  0.9998994  0.99986684 0.99991286 0.99994695
 0.9999392  0.9999249  0.999941   0.9999536 ]
[0.99993205 0.99994123 0.9999093  0.9998492  0.9999348  0.9999087
 0.99991846 0.9999447  0.9999168  0.99990714]
[0.9999367  0.9999137  0.9999528  0.9998735  0.99992836 0.99991584
 0.99994445 0.9999491  0.9999268  0.9999509 ]
[0.999949   0.99993694 0.999951   0.99983716 0.9999448  0.9999478
 0.9999255  0.9999118  0.9998919  0.9999335 ]
[0.9999031  0.99995804 0.99994254 0.99990463 0.9999478  0.99990785
 0.99994266 0.99992883 0.9999286  0.99990726]
[0.99993443 0.99993694 0.9999428  0.9998838  0.99991846 0.9999032
 0.999938   0.99990225 0.99993134 0.9999505 ]
[0.999938   0.999959   0.9999496  0.99991226 0.9999244  0.99992037
 0.999951   0.9999355  0.9999106  0.99994767]
[0.99994195 0.99994326 0.9998957  0.9998324  0.99995387 0.99989605
 0.99992716 0.99995005 0.99994564 0.9999434 ]
[0.9999143  0.9999552  0.9999181  0.9998915  0.9999199  0.99993503
 0.99993813 0.99992204 0.99990225 0.999915  ]
[0.9999168  0.99995255 0.9999291  0.9998344  0.9999229  0.99994695
 0.99993503 0.999936   0.9999448  0.99992025]
[0.99991524 0.9999516  0.99993014 0.9998528  0.9999254  0.99990094
 0.9999318  0.99991345 0.99993944 0.9999497 ]
[0.99994063 0.99994934 0.9999143  0.99984205 0.9999541  0.99992716
 0.99996257 0.99990916 0.99991    0.99991226]
[0.9999393  0.99993277 0.9999498  0.9998141  0.9999627  0.9999232
 0.9999355  0.99994075 0.99993193 0.9999392 ]
[0.9999378  0.99994993 0.9999312  0.99990284 0.9999269  0.9999093
 0.9999238  0.9999422  0.999902   0.99995387]
[0.9999298  0.9999435  0.9999403  0.9999106  0.99993134 0.99991906
 0.99995506 0.99990404 0.99992347 0.9999403 ]
[0.99994206 0.9999137  0.9999391  0.9998913  0.99992776 0.9999193
 0.999941   0.9999045  0.9999336  0.9999459 ]
[0.9999329  0.99991584 0.9998907  0.99985003 0.9999449  0.99993587
 0.9999244  0.9999081  0.9999318  0.9999275 ]
[0.99989545 0.99994695 0.9999074  0.99987185 0.99994814 0.9999409
 0.9999232  0.99993587 0.99992454 0.9999156 ]
[0.99991894 0.99995375 0.9999254  0.9998555  0.9999479  0.9999248
 0.9999273  0.9999274  0.9999223  0.99995136]
[0.9998801  0.9999577  0.99993813 0.99988997 0.9999548  0.999946
 0.9999298  0.99994767 0.9998878  0.99994445]
[0.9999192  0.9999269  0.99993956 0.9998061  0.9999505  0.99995136
 0.999954   0.999956   0.99992716 0.9999516 ]
[0.99992836 0.99995005 0.9999372  0.99982256 0.9999399  0.99993217
 0.999936   0.9999516  0.9998876  0.99991703]
[0.9999169  0.99992955 0.99992204 0.9998735  0.9999337  0.99993944
 0.99992096 0.9999069  0.9999372  0.9999397 ]
[0.9999012  0.9999188  0.9999064  0.9998766  0.99996114 0.99992704
 0.9999453  0.9999008  0.99994624 0.9999403 ]
[0.99991024 0.99992776 0.9999057  0.99991405 0.99995434 0.99993515
 0.9999312  0.9999163  0.9999198  0.9999068 ]
[0.9999242  0.9999559  0.9999491  0.99987876 0.99995816 0.99994683
 0.9999609  0.99994147 0.99988544 0.99992895]
[0.9999157  0.999951   0.99994636 0.999884   0.99995315 0.99992096
 0.9999474  0.9998982  0.9999052  0.9999478 ]
[0.9999162  0.99993455 0.999938   0.99988294 0.9999645  0.99990296
 0.99995804 0.99995077 0.9999094  0.9999132 ]
[0.99987924 0.9999596  0.9999149  0.9998907  0.9999372  0.9999176
 0.9999275  0.99993384 0.99993575 0.9999416 ]
[0.9999435  0.9999356  0.99991286 0.9999013  0.99993396 0.9999461
 0.99996316 0.9999125  0.9998765  0.99990165]
[0.99993885 0.99993455 0.99992347 0.99989235 0.99994457 0.99992335
 0.999954   0.99996114 0.9998915  0.9999484 ]
[0.9999267  0.99992275 0.99995387 0.9998952  0.9999416  0.9999354
 0.99991167 0.99991417 0.9998872  0.99989927]
[0.99994063 0.99992776 0.9999374  0.9998306  0.99994385 0.99994934
 0.999946   0.999951   0.9999156  0.9998971 ]
[0.9998778  0.9999287  0.9999018  0.9998779  0.9999323  0.9999392
 0.9999136  0.99993134 0.9999186  0.99990964]
[0.999928   0.99992895 0.99994314 0.99985635 0.9999236  0.9999049
 0.9999243  0.9999502  0.99990547 0.9999398 ]
[0.99990916 0.9999356  0.99990916 0.99986184 0.99994886 0.9999186
 0.9999602  0.99993134 0.99989223 0.99993145]
[0.9999503  0.9999553  0.9999502  0.9998715  0.9999356  0.99988806
 0.9999602  0.9999362  0.9999162  0.99994946]
[0.9998944  0.9999502  0.9999223  0.999866   0.99992216 0.99993086
 0.999951   0.9999155  0.99994624 0.99989474]
[0.9998925  0.9999609  0.9999423  0.9998933  0.9999225  0.9999217
 0.99994385 0.9999453  0.9999268  0.9998975 ]
[0.99990964 0.99990964 0.9999287  0.999895   0.9999547  0.99993575
 0.9999163  0.9999293  0.9999423  0.99991333]
[0.9999056  0.9999337  0.9999018  0.99988794 0.9999368  0.9999199
 0.9999615  0.99992347 0.9999392  0.99992585]
[0.99994326 0.99990964 0.9999424  0.99989974 0.9999523  0.9999362
 0.99995065 0.9999192  0.9999007  0.9999124 ]
[0.9999194  0.9999081  0.99993193 0.99991834 0.9999579  0.99995613
 0.9999217  0.9999391  0.99993837 0.9998971 ]
[0.999931   0.99993324 0.99991477 0.9998336  0.9999368  0.99990976
 0.9999523  0.99993014 0.9999087  0.99993753]
[0.99989593 0.9999362  0.9999237  0.9999262  0.9999167  0.99994564
 0.9999542  0.99992275 0.99994504 0.99994624]
[0.9999347  0.99994636 0.9999436  0.9998685  0.9999635  0.99992466
 0.9999305  0.9999546  0.9999435  0.999946  ]
[0.99994576 0.9999331  0.9998921  0.9997938  0.99994576 0.99990237
 0.9999548  0.9999367  0.9999238  0.99994016]
[0.99991417 0.99992025 0.99986327 0.9998272  0.99995804 0.9999367
 0.99994016 0.99996483 0.9997274  0.9998627 ]
[0.9999348  0.9999398  0.9999304  0.9999052  0.9999536  0.9999027
 0.9999472  0.99992466 0.9998853  0.99993217]
[0.9999144  0.9999521  0.9999335  0.9998153  0.9999374  0.9999349
 0.99995375 0.9999163  0.9999293  0.9998933 ]
[0.99991345 0.9999542  0.99989724 0.99988043 0.9999267  0.9999089
 0.99995255 0.9999473  0.99994063 0.99994934]
