Mprobs for dataset sim1 (1e-3)

[0.9999453  0.9999583  0.9999368  0.99991214 0.99995756 0.99993885
 0.9999201  0.9999535  0.99992    0.999925  ]
[0.999925   0.9999453  0.99993575 0.99990535 0.9999479  0.9999231
 0.99991155 0.99996006 0.99990165 0.9999231 ]
[0.99990845 0.9999081  0.999938   0.9998778  0.9999579  0.9998915
 0.99993324 0.9999542  0.9999285  0.9999144 ]
[0.999915   0.9999337  0.99993455 0.99989283 0.99993455 0.999902
 0.9999578  0.9999547  0.99992204 0.9999517 ]
[0.9999174  0.99996316 0.9999274  0.9999124  0.9999298  0.99994123
 0.99995756 0.9999237  0.99994683 0.99991703]
[0.99988806 0.9999151  0.9999342  0.99992204 0.9999486  0.9999256
 0.99994695 0.9999325  0.9999002  0.9999323 ]
[0.99990046 0.9999343  0.9999429  0.99991024 0.99995995 0.9999056
 0.999913   0.999931   0.9999238  0.9999113 ]
[0.9999348  0.9999262  0.99991214 0.9999199  0.9999671  0.9999088
 0.99995375 0.99993885 0.9999032  0.99994326]
[0.999941   0.9999504  0.99991536 0.999856   0.99996054 0.9999192
 0.9999589  0.99994326 0.99988055 0.99994683]
[0.99992967 0.99988294 0.99991167 0.99969137 0.9999118  0.9998062
 0.99995553 0.9999107  0.99981946 0.9999244 ]
[0.99992263 0.99994683 0.9999218  0.9998765  0.9999633  0.99994206
 0.999931   0.9999151  0.99988747 0.9999238 ]
[0.99994195 0.9999372  0.999902   0.9999082  0.9999629  0.9999472
 0.99996173 0.99993944 0.99990153 0.9999014 ]
[0.99994016 0.9999547  0.99993527 0.9998534  0.9999521  0.99992883
 0.99994254 0.99996233 0.9998733  0.99993134]
[0.99991906 0.9999268  0.9999496  0.9998729  0.9999597  0.9999387
 0.9999541  0.99994564 0.9999052  0.9998925 ]
[0.99991226 0.99992967 0.9999347  0.9998876  0.9999602  0.99989533
 0.9999521  0.9999597  0.99994206 0.99991584]
[0.9999082  0.9999349  0.9999343  0.9999274  0.99993086 0.99991584
 0.9999484  0.9999505  0.999928   0.99991894]
[0.99993384 0.99995315 0.9999168  0.999895   0.9999609  0.99990845
 0.9999305  0.9999362  0.99993753 0.99993014]
[0.99992144 0.9999217  0.9999151  0.999828   0.999951   0.99989676
 0.9999105  0.99990726 0.9999434  0.9998913 ]
[0.9999105  0.9999124  0.9998945  0.99989855 0.9999144  0.9999312
 0.99994934 0.99991655 0.9999348  0.9999225 ]
[0.99991095 0.99992716 0.99990344 0.9998325  0.999941   0.999941
 0.99992037 0.9999186  0.9999293  0.9999306 ]
[0.9998938  0.99995553 0.9999287  0.99988234 0.9999418  0.99993896
 0.9999188  0.9999347  0.9999198  0.99989617]
[0.99991846 0.99992466 0.99989104 0.99987686 0.9999387  0.9999486
 0.9999161  0.99995756 0.9999013  0.9999311 ]
[0.9999305  0.99995637 0.99992776 0.9998735  0.9999521  0.99994457
 0.9999558  0.9999231  0.99991405 0.99993646]
[0.99991405 0.99995327 0.99993587 0.99987686 0.99995947 0.99994254
 0.9999372  0.9999484  0.99991965 0.99994683]
[0.99993336 0.999918   0.99994636 0.9999186  0.9999553  0.99992526
 0.99992335 0.9999199  0.9998957  0.9999089 ]
[0.9999162  0.99994636 0.99991083 0.99979323 0.9999552  0.9999497
 0.9999168  0.99993455 0.9999229  0.9999515 ]
[0.99994504 0.9999578  0.9999515  0.9999199  0.99993944 0.99994993
 0.99991393 0.99991703 0.99993837 0.9999405 ]
[0.9999088  0.9999492  0.99994946 0.99985707 0.99992967 0.99991274
 0.9999368  0.9999229  0.99992824 0.9999361 ]
[0.9999449  0.99992967 0.99990785 0.99979895 0.99991727 0.99992883
 0.99995005 0.99991024 0.99992573 0.99992216]
[0.9999043  0.99991584 0.9999324  0.9999187  0.9999404  0.99993503
 0.9999639  0.9999081  0.99993694 0.99991524]
[0.99992085 0.99994826 0.99992657 0.99982977 0.99992883 0.9999169
 0.9999199  0.999949   0.9999267  0.99993956]
[0.99994063 0.9999585  0.9999472  0.9998609  0.9999311  0.9999448
 0.99994314 0.9999256  0.9998939  0.9999466 ]
[0.9991947 0.999808  0.9994246 0.9981152 0.9998665 0.9997726 0.9995523
 0.9995198 0.999151 ]
[0.99992585 0.99994767 0.99994254 0.9998324  0.99994314 0.9999212
 0.99994385 0.9999628  0.99992704 0.99992883]
[0.99991655 0.9999455  0.9999039  0.9998418  0.99992895 0.9999105
 0.99991965 0.9999591  0.999902   0.99990547]
[0.9999424  0.99990964 0.99992895 0.9998677  0.99994016 0.99991345
 0.9999548  0.999907   0.9999124  0.9999212 ]
[0.99988973 0.999948   0.99995005 0.9998871  0.9999372  0.9999324
 0.9999521  0.9999112  0.9999385  0.99994814]
[0.99990034 0.9999442  0.9999002  0.9999174  0.9999534  0.9999367
 0.9999565  0.9999393  0.9999213  0.9999192 ]
[0.99989593 0.9999603  0.999905   0.9999018  0.99992573 0.99993074
 0.99993896 0.99990666 0.9999347  0.9999417 ]
[0.9999106  0.99995565 0.999895   0.9999093  0.99996257 0.99994814
 0.9999584  0.9999229  0.99994504 0.99994946]
[0.99990356 0.99991    0.99991155 0.99988294 0.99996114 0.99994314
 0.9999331  0.99994195 0.9999043  0.99991906]
[0.99993885 0.99992716 0.9999424  0.99988604 0.999931   0.99989545
 0.9999614  0.99994695 0.9999156  0.9998956 ]
[0.9999429  0.9999298  0.9999032  0.9998956  0.9999584  0.99992704
 0.9999324  0.99994814 0.9999025  0.99989915]
[0.999949   0.999961   0.99990034 0.99985564 0.9999325  0.9999064
 0.9999571  0.9999465  0.99993217 0.99989545]
[0.99993384 0.999951   0.99994123 0.99988294 0.99993455 0.9999372
 0.9999528  0.9999145  0.999889   0.9999453 ]
[0.9999329  0.9999455  0.9999511  0.9999174  0.99993515 0.9999527
 0.99996114 0.99992716 0.99987054 0.9999372 ]
[0.99994326 0.99993145 0.99993515 0.99987006 0.99996126 0.99989986
 0.99993956 0.9999542  0.9999176  0.9999156 ]
[0.99993217 0.99994063 0.9999435  0.9998827  0.99995327 0.99994254
 0.9999367  0.9999372  0.99988234 0.999938  ]
[0.9999335  0.99994814 0.9999287  0.99985516 0.99995124 0.9999081
 0.9999212  0.99993825 0.999902   0.9999255 ]
[0.99988973 0.99992406 0.9999372  0.9998776  0.9999347  0.9999263
 0.9999621  0.9999039  0.999933   0.9999231 ]
[0.9999137  0.9999392  0.9998988  0.99988675 0.99993515 0.9999529
 0.99996114 0.9999521  0.99990106 0.99992824]
[0.9998988  0.9999529  0.99995136 0.99988294 0.9999635  0.9999273
 0.99996233 0.99995327 0.999874   0.9999237 ]
[0.9999114  0.9999428  0.99990034 0.99993515 0.99995625 0.99991214
 0.9999424  0.9999161  0.9999411  0.99995065]
[0.9999007  0.9999081  0.9999461  0.9998957  0.9999242  0.99992967
 0.9999335  0.9999157  0.9999249  0.9999213 ]
[0.99993455 0.9999294  0.99991095 0.9999069  0.99994075 0.99991703
 0.9999567  0.99994314 0.9999391  0.99990976]
[0.9999206  0.999943   0.99994695 0.9998636  0.9999511  0.9999343
 0.99993014 0.9999162  0.99994314 0.99993324]
[0.99990785 0.99995255 0.9998914  0.99982625 0.99994683 0.9999387
 0.9999443  0.99990714 0.9998945  0.9999043 ]
[0.99994457 0.99995804 0.9999223  0.99987733 0.99995875 0.9999454
 0.999936   0.9999151  0.9999292  0.9998964 ]
[0.9998956  0.999918   0.99994266 0.999887   0.9999515  0.9999231
 0.9999335  0.99991024 0.9999429  0.99989367]
[0.99994385 0.99990845 0.99994004 0.9998216  0.9999126  0.99989057
 0.9999217  0.9998796  0.99992275 0.99994385]
[0.9999404  0.999951   0.9999521  0.99971074 0.9999318  0.9999409
 0.99993205 0.9999385  0.99994767 0.999938  ]
[0.99989057 0.9999485  0.99990165 0.99986684 0.999928   0.99990416
 0.9999306  0.9999429  0.99993277 0.9999088 ]
[0.9999317  0.9999031  0.9999516  0.9998671  0.9999527  0.99990344
 0.99991155 0.9999393  0.99991655 0.9999137 ]
[0.99994123 0.9999347  0.9998987  0.999899   0.99996006 0.99989474
 0.9999436  0.99993575 0.9999399  0.99993896]
[0.9998976  0.9999311  0.99990535 0.99988556 0.9999418  0.9999211
 0.9999579  0.99995196 0.9999062  0.9999219 ]
[0.99990726 0.99993443 0.9999075  0.99989724 0.9999291  0.9999236
 0.9999546  0.9999503  0.9999056  0.99989724]
[0.99992037 0.99992466 0.99993765 0.9998758  0.99994385 0.99991167
 0.9999372  0.9999144  0.9999367  0.99990046]
[0.9999223  0.99994826 0.9999502  0.9998927  0.9999677  0.99994564
 0.9999553  0.9999385  0.99992585 0.9998981 ]
[0.99993527 0.9999604  0.99993277 0.9999242  0.99994946 0.9998951
 0.99994326 0.99993503 0.99991167 0.999928  ]
[0.99989295 0.99992204 0.99994874 0.99985015 0.9999126  0.9999368
 0.99993134 0.9999249  0.99992836 0.99995136]
[0.9999057  0.9999304  0.9999348  0.99985135 0.9999374  0.9999466
 0.9999422  0.9999176  0.9999367  0.99991214]
[0.99990654 0.99995184 0.9999013  0.99986064 0.99995196 0.9999467
 0.999941   0.99991405 0.99990463 0.9999249 ]
[0.99991894 0.99991226 0.99992836 0.9998379  0.9999485  0.99990225
 0.99992645 0.9999534  0.9999231  0.9998988 ]
[0.9999211  0.9999225  0.99993455 0.9998969  0.9999373  0.999918
 0.9999442  0.99991167 0.9999001  0.9999114 ]
[0.99994516 0.99990916 0.9998939  0.99985456 0.9999347  0.999923
 0.99991584 0.9999025  0.99991226 0.99993324]
[0.9999056  0.9999342  0.99995255 0.9998658  0.9999405  0.99992526
 0.9999517  0.9999608  0.9999387  0.99994695]
[0.999905   0.9999554  0.9999504  0.9999231  0.99993753 0.9999285
 0.99995494 0.99992836 0.99989235 0.9999492 ]
[0.9999422  0.999959   0.999905   0.99987864 0.9999535  0.9999392
 0.99996376 0.99992883 0.9999337  0.99990296]
[0.9999206  0.9999089  0.9999324  0.999907   0.99992144 0.9999083
 0.99995923 0.9999323  0.9998915  0.99991655]
[0.9999269  0.99994254 0.99993515 0.99985874 0.9999529  0.99992085
 0.9999409  0.9999119  0.9999267  0.9998965 ]
[0.99993575 0.9999559  0.9999366  0.9999094  0.9999163  0.9999243
 0.9999598  0.99992704 0.9999001  0.99993086]
[0.9999386  0.9999207  0.99995077 0.999913   0.9999188  0.99989545
 0.9999386  0.999918   0.9999083  0.99994504]
[0.9999393  0.9999585  0.9999136  0.9998605  0.9999347  0.99993515
 0.999949   0.999951   0.9998883  0.9999286 ]
[0.99989057 0.9999547  0.99991775 0.99982375 0.99994946 0.9999293
 0.9999379  0.99993014 0.9999244  0.9999199 ]
[0.9999393  0.9999523  0.9999523  0.99988985 0.99992657 0.9999243
 0.9999367  0.99993217 0.9999105  0.9999224 ]
[0.99992955 0.9999306  0.99994934 0.99991155 0.99994075 0.9999472
 0.9999105  0.99993634 0.9999291  0.9999341 ]
[0.9999192  0.9999418  0.999923   0.99990034 0.99994004 0.9999243
 0.9999571  0.9999367  0.99989545 0.9999416 ]
[0.9999411  0.9999232  0.99992836 0.9998863  0.99990594 0.9999293
 0.99995077 0.999913   0.99991846 0.9998938 ]
[0.9999138  0.99995184 0.9999242  0.99990153 0.9999651  0.99993
 0.9999163  0.99996245 0.99994564 0.9999474 ]
[0.9999305  0.99994564 0.9999125  0.99989986 0.99996495 0.99994075
 0.99991465 0.99995804 0.9999397  0.99994147]
[0.9999316  0.999938   0.99991715 0.9999089  0.9999585  0.9999201
 0.99995446 0.9999299  0.999943   0.99991083]
[0.9998901  0.99993885 0.9999187  0.9998807  0.9999584  0.9999293
 0.99994063 0.99993896 0.9999397  0.9999417 ]
[0.9998975  0.99993026 0.9999467  0.99991477 0.9999565  0.9999465
 0.9999553  0.9999368  0.9999013  0.9999511 ]
[0.99989974 0.9999598  0.99993825 0.9999057  0.99991894 0.9999397
 0.99992144 0.9999316  0.9999317  0.99995255]
[0.99994135 0.9999256  0.9998945  0.99987185 0.9999527  0.9999082
 0.9999442  0.99994004 0.99995077 0.99993396]
[0.9999356  0.99992454 0.99992394 0.9998944  0.99994636 0.9999033
 0.9999206  0.99995494 0.9999274  0.9999145 ]
[0.99993646 0.99991393 0.9999151  0.9998431  0.99993384 0.99993587
 0.99992645 0.99993205 0.9999099  0.99989784]
[0.999946   0.99994814 0.9999442  0.9999119  0.99994147 0.9999492
 0.99995863 0.99994457 0.9999416  0.9999441 ]
[0.9999337  0.9999356  0.999936   0.99989426 0.9999496  0.9998996
 0.9999521  0.99994683 0.99994457 0.9999026 ]
[0.9999312  0.9999343  0.9999305  0.9999161  0.9999503  0.9999465
 0.99995685 0.9999223  0.99992406 0.99991953]
