Mprobs for dataset 1 (AIC)

[0.9870904  0.98176265 0.9805911  0.98392624 0.9786582  0.98504007
 0.98126835 0.97877973 0.9770081  0.98407966 0.98098147 0.97853297
 0.9752064  0.98736286 0.9830719  0.98707914 0.9744596  0.98457354
 0.97933954 0.9806136  0.9858883  0.9767271  0.9885994  0.97666717
 0.98652554 0.98744905 0.9850406  0.98248357 0.9837339  0.98708576]
[0.9879127  0.98489916 0.97535855 0.9880834  0.9842731  0.9859994
 0.9866535  0.9854907  0.9780727  0.9782119  0.97483397 0.98853916
 0.9763875  0.97628605 0.9849531  0.9854915  0.9760032  0.9816674
 0.987981   0.98716366 0.9807679  0.97766453 0.9867069  0.98320055
 0.98173    0.98575705 0.98154664 0.9813036  0.9785972  0.9869018 ]
[0.9748639  0.9818163  0.9733251  0.98487455 0.9874187  0.9862031
 0.9776518  0.987038   0.9744803  0.9732924  0.98570967 0.9752425
 0.98124665 0.97346765 0.9889253  0.9768519  0.98799276 0.98633146
 0.9881245  0.97519445 0.97946733 0.98749745 0.9836512  0.97483474
 0.9767247  0.9874866  0.9778022  0.9723681  0.97449017 0.97844666]
[0.9880505  0.9722196  0.9775099  0.97507364 0.98143756 0.98396605
 0.9837917  0.97580636 0.97178954 0.98418623 0.98229617 0.9834841
 0.9747116  0.988489   0.98510695 0.986401   0.98054266 0.9852696
 0.9853778  0.97727    0.9768314  0.97402036 0.9787502  0.97893
 0.98138064 0.9804647  0.9811616  0.9803966  0.98649085 0.9820833 ]
[0.9818365  0.97492903 0.97412574 0.9831528  0.9785539  0.9833686
 0.9796536  0.97794193 0.9779093  0.97422093 0.9862272  0.9829397
 0.9762755  0.9826475  0.9755795  0.98730785 0.98727477 0.986618
 0.98521495 0.9834616  0.97537565 0.9733046  0.9871617  0.9836511
 0.9792891  0.9862521  0.98844725 0.9876343  0.9739372  0.98428094]
[0.9788077  0.9726519  0.97763866 0.9807216  0.98135364 0.98289466
 0.9737021  0.97833157 0.9731565  0.975369   0.9814294  0.9751834
 0.977178   0.9753704  0.9805846  0.9847957  0.97581965 0.9802501
 0.97999144 0.97897685 0.98799485 0.98837507 0.9853042  0.983174
 0.9801563  0.9838808  0.9889474  0.97715545 0.9883427  0.98831844]
[0.9808054  0.9819651  0.98074454 0.9856624  0.98379713 0.9759319
 0.98299843 0.98660386 0.97351927 0.97951126 0.98668486 0.9841085
 0.97377217 0.973357   0.98263574 0.9785628  0.9826682  0.9724205
 0.97916996 0.98249996 0.9824796  0.97861755 0.9877908  0.9742512
 0.9860728  0.97653484 0.9868955  0.9796774  0.9862453  0.98690295]
[0.98592836 0.9887016  0.9875609  0.98032117 0.9817972  0.97388196
 0.9852246  0.9875358  0.988588   0.9747404  0.9846638  0.98239946
 0.9884574  0.98426926 0.98000014 0.9728037  0.98795485 0.97932565
 0.9725537  0.9876744  0.9809214  0.9860474  0.9758128  0.97991747
 0.98522866 0.97702426 0.9886684  0.9857342  0.9800787  0.987581  ]
[0.97879946 0.976996   0.98134893 0.98591816 0.9726633  0.980984
 0.97373223 0.988952   0.9743376  0.98008645 0.98367983 0.97825694
 0.97166383 0.97464955 0.98754126 0.98881614 0.9859503  0.98056775
 0.97283846 0.9741406  0.9751018  0.9743459  0.97771    0.97871566
 0.98554903 0.97376287 0.9886214  0.98866534 0.97359234 0.9726371 ]
[0.98464984 0.9844571  0.971298   0.9776433  0.9797586  0.9823254
 0.98689634 0.9878214  0.9873958  0.9842913  0.9857918  0.9836543
 0.9768024  0.9849303  0.98488957 0.9813871  0.9839436  0.98372066
 0.9728751  0.97970164 0.9757959  0.9859189  0.98457646 0.9823453
 0.98650265 0.9744927  0.97368324 0.9754843  0.9856948  0.98441803]
[0.9813849  0.97626615 0.98458624 0.98859614 0.9763383  0.9864681
 0.97814924 0.9833836  0.9738632  0.9826423  0.9748505  0.98759174
 0.9854623  0.9746269  0.97833705 0.9857934  0.97891915 0.98274153
 0.98516023 0.9786476  0.9844195  0.97705483 0.98290145 0.98402435
 0.97869384 0.9822995  0.98588145 0.9847244  0.9799091  0.97238684]
[0.9723746  0.9765647  0.9726713  0.9879435  0.97951895 0.9726193
 0.9886671  0.9797962  0.9784883  0.9807372  0.98835284 0.98405313
 0.9864097  0.98841804 0.9855143  0.98396564 0.9877324  0.97652435
 0.9853473  0.9852599  0.9820565  0.97422826 0.97584015 0.98702663
 0.98155737 0.9879804  0.9848831  0.9743372  0.97417575 0.9808668 ]
[0.98541    0.9721825  0.9813271  0.9845047  0.9759025  0.986548
 0.98258495 0.9758621  0.98794866 0.97298074 0.9771553  0.9801485
 0.9793656  0.97501963 0.98512286 0.9767397  0.9755028  0.98831695
 0.97813845 0.9794694  0.9784207  0.9810542  0.97833794 0.9822849
 0.9759739  0.98698354 0.9824671  0.98695767 0.9802582  0.98431754]
[0.9740417  0.9739034  0.98196787 0.9743955  0.98521787 0.97718406
 0.98828274 0.98570746 0.98549193 0.9862089  0.98444784 0.98166394
 0.98632807 0.98433715 0.9812872  0.9782305  0.97626036 0.981656
 0.9850114  0.9761872  0.9864936  0.9739526  0.98073673 0.97337127
 0.9796397  0.9792296  0.98762786 0.9835385  0.9886143  0.98144364]
[0.9731559  0.9875194  0.98687124 0.9843226  0.9848289  0.9873597
 0.9831865  0.978873   0.9818143  0.9771698  0.97786224 0.9747995
 0.98570573 0.986053   0.9737074  0.98011154 0.98127204 0.97216445
 0.98280865 0.9867546  0.9775153  0.9806464  0.974141   0.9730065
 0.98121166 0.9780748  0.9754847  0.9721333  0.98276144 0.97337025]
[0.9757189  0.98111844 0.9760458  0.9752362  0.9807638  0.98862606
 0.9868999  0.98139715 0.98734725 0.9741338  0.9849182  0.97906154
 0.97804284 0.9805433  0.97299314 0.9790643  0.98725593 0.9809905
 0.9885848  0.98544157 0.9810992  0.9856924  0.98477995 0.9733378
 0.9879788  0.977446   0.9726389  0.98838276 0.98772705 0.9807133 ]
[0.97371507 0.9861655  0.98191696 0.985252   0.9880613  0.98159915
 0.98229676 0.97224045 0.9840656  0.9886947  0.97778773 0.98667383
 0.9823286  0.98305583 0.98015296 0.980713   0.98118275 0.9794463
 0.9822849  0.97966033 0.97779965 0.9819472  0.982347   0.9768226
 0.9836668  0.9865188  0.9848438  0.9854043  0.97581893 0.98054767]
[0.9823957  0.98614603 0.97682345 0.9763774  0.98808366 0.9746225
 0.9848225  0.9820732  0.98594517 0.98585826 0.97460574 0.98759925
 0.9744158  0.9793971  0.9853158  0.9781643  0.97913533 0.978298
 0.98288673 0.9832144  0.98801583 0.9750302  0.97474176 0.9879871
 0.98435414 0.9830436  0.9873962  0.9791237  0.97692674 0.9753533 ]
[0.97913283 0.97509325 0.98794276 0.9712821  0.9792473  0.98386997
 0.9828979  0.9875003  0.9815885  0.97717184 0.9873224  0.987847
 0.978754   0.9870287  0.98639864 0.9725505  0.97495776 0.97933835
 0.9820677  0.97580636 0.9883895  0.97426766 0.97525805 0.9815362
 0.9758671  0.98840487 0.9878824  0.9820419  0.98462635 0.9832244 ]
[0.9781219  0.98587555 0.98638165 0.9826927  0.9878792  0.98171026
 0.98444265 0.97777164 0.9859226  0.9879578  0.97298706 0.9831293
 0.97607076 0.9855376  0.98137385 0.97462904 0.98819834 0.97994137
 0.97954935 0.9790516  0.9848551  0.9872433  0.9862884  0.9884764
 0.98095953 0.97964054 0.9875354  0.9751796  0.9856931  0.98081243]
[0.9846543  0.9882693  0.9875444  0.9849163  0.9880363  0.9782215
 0.9748013  0.9755265  0.9759184  0.9871049  0.9879125  0.9827863
 0.9811602  0.9737908  0.9792818  0.98776126 0.9837668  0.973133
 0.9815622  0.97855264 0.98711246 0.98199606 0.97621506 0.9832982
 0.9833415  0.98636407 0.98508126 0.982347   0.98388827 0.9803688 ]
[0.98792493 0.9730049  0.97530895 0.9743367  0.9764347  0.97257227
 0.97863764 0.9860011  0.974538   0.9811623  0.9774689  0.9757023
 0.9846103  0.98727125 0.9882812  0.98297876 0.980306   0.9824349
 0.9853951  0.97970974 0.97967863 0.98678744 0.9816691  0.984157
 0.9856295  0.98910576 0.9842157  0.9745094  0.98520607 0.9853109 ]
[0.9805162  0.98138577 0.9763604  0.9776822  0.9809184  0.9816342
 0.97223943 0.97791046 0.98253596 0.9877845  0.973355   0.983164
 0.9885966  0.9732991  0.9737182  0.98647565 0.97593045 0.98365504
 0.9855686  0.9757414  0.98681206 0.987546   0.97197425 0.98144424
 0.9814144  0.9849631  0.9740665  0.98539203 0.9777715  0.988744  ]
[0.9757617  0.9843609  0.9889025  0.980845   0.98301053 0.98771834
 0.985587   0.9744801  0.97638285 0.97575176 0.98677826 0.9727736
 0.97416866 0.9861287  0.9871113  0.9879695  0.9779553  0.9817624
 0.97674805 0.9869399  0.9841541  0.98678815 0.97174984 0.9743302
 0.98845005 0.9724339  0.98013306 0.98389167 0.98798484 0.9787517 ]
[0.97875845 0.9848654  0.98830473 0.9803556  0.9840103  0.98275214
 0.9745889  0.9840046  0.98598146 0.9823313  0.97323257 0.9882061
 0.98722655 0.9867447  0.98190063 0.98681414 0.9866651  0.9761563
 0.98409015 0.97846335 0.9764649  0.9749655  0.9795089  0.9781146
 0.9825982  0.9862765  0.9820185  0.97850156 0.98266554 0.9872623 ]
[0.98288935 0.97912276 0.9864282  0.97349757 0.9722635  0.97623456
 0.98812485 0.9720534  0.9823148  0.9806433  0.9867047  0.98230654
 0.98194355 0.9812665  0.9828798  0.9776634  0.9846811  0.98884916
 0.9794719  0.9849089  0.97632694 0.9801452  0.9736694  0.9853416
 0.9829531  0.9839842  0.9855897  0.9828994  0.985556   0.98804104]
[0.983004   0.9825928  0.98792166 0.97399634 0.98688626 0.97296596
 0.97450316 0.98540986 0.98315215 0.9829056  0.98003376 0.98228973
 0.98702174 0.97476715 0.97770554 0.97363335 0.9835196  0.98205316
 0.9809239  0.9848422  0.9799968  0.97677165 0.98176306 0.9765752
 0.974313   0.9831724  0.98078984 0.97493273 0.9848777  0.97867566]
[0.9861854  0.98785096 0.9809023  0.9869802  0.9792853  0.98899764
 0.98330635 0.9783799  0.9821425  0.9825868  0.9873174  0.98856926
 0.9868765  0.9771886  0.9838913  0.98277605 0.982326   0.98641986
 0.98421824 0.9801381  0.972112   0.9821691  0.98186123 0.98822325
 0.9766749  0.9881039  0.98090774 0.9800827  0.975545   0.98317325]
[0.98129404 0.9866741  0.9868571  0.971641   0.9771115  0.9800013
 0.98573375 0.9846465  0.98804116 0.97812086 0.9759616  0.97909844
 0.9739247  0.9885816  0.97778    0.9851922  0.98849165 0.98830277
 0.9841583  0.9782949  0.9787314  0.98626477 0.98745126 0.98509604
 0.9872924  0.98832476 0.97456145 0.9864948  0.9842333  0.98835444]
[0.9718883  0.9796459  0.9883484  0.9781181  0.98660755 0.9782241
 0.98452306 0.97922474 0.98837656 0.9828012  0.9770608  0.9742348
 0.98241067 0.9873761  0.9731951  0.9768025  0.9802624  0.9885667
 0.9775269  0.98518896 0.9750871  0.9864261  0.9822609  0.98112077
 0.9887538  0.98060846 0.9869501  0.979106   0.98891115 0.9780741 ]
[0.98797846 0.9753587  0.9868205  0.98351353 0.97756094 0.98731285
 0.9886507  0.9724754  0.9839432  0.97957027 0.98451287 0.9823173
 0.980537   0.98070544 0.9781361  0.98590624 0.97983724 0.9830257
 0.97396785 0.9774599  0.97417986 0.9755996  0.97125566 0.9872163
 0.9809687  0.9784353  0.981146   0.9881344  0.9863549  0.9825816 ]
[0.9873782  0.9878705  0.9791886  0.9863898  0.9859838  0.97238207
 0.97331494 0.9797792  0.97984284 0.9862554  0.98473984 0.9722519
 0.98631334 0.9803889  0.9798701  0.9736776  0.9838112  0.98717695
 0.98844296 0.9872082  0.9814138  0.98863447 0.9832808  0.9750568
 0.97944826 0.984148   0.98692906 0.97215617 0.98833525 0.98673844]
[0.9825602  0.9742717  0.97898465 0.98206437 0.9888421  0.9719596
 0.9862347  0.98404086 0.98494256 0.9873121  0.985313   0.97497106
 0.9878927  0.98294765 0.9872721  0.98725253 0.9804182  0.98176104
 0.9746303  0.9808601  0.9784854  0.9750963  0.9880954  0.983479
 0.98306113 0.984597   0.9822844  0.98365235 0.98853683 0.97656655]
[0.9795537  0.98549217 0.98663527 0.98782325 0.9736612  0.97241026
 0.97726226 0.9749433  0.98195004 0.9762542  0.9857507  0.9866218
 0.98107064 0.978369   0.9743415  0.97697335 0.9828121  0.9832744
 0.9810908  0.98208874 0.97839063 0.9846592  0.98823535 0.98507
 0.98264104 0.9871509  0.9726628  0.9844743  0.9835207  0.9759521 ]
[0.97898346 0.98295504 0.98243976 0.9844035  0.98408806 0.97824234
 0.98028183 0.9737222  0.9859679  0.98023784 0.97795725 0.98435855
 0.9869768  0.9815652  0.98202765 0.98450875 0.9849262  0.9747979
 0.98673135 0.98032117 0.9857356  0.9863478  0.98307186 0.9721594
 0.9748481  0.97798973 0.9764019  0.97966444 0.98096424 0.9870106 ]
[0.9822811  0.98798615 0.9850714  0.9785588  0.98821497 0.973994
 0.9831262  0.98527217 0.978395   0.9877346  0.98058033 0.98769253
 0.9787546  0.984253   0.98159754 0.9736487  0.97680646 0.98651624
 0.97279954 0.98627394 0.9784132  0.9854885  0.98248327 0.9855262
 0.98786515 0.987901   0.9743289  0.9868188  0.9828652  0.98683745]
[0.98726964 0.97756094 0.9716503  0.98652947 0.9785664  0.97972107
 0.9873405  0.9754646  0.98578703 0.9856733  0.9733753  0.9783733
 0.9858736  0.9882692  0.987905   0.9830655  0.98408866 0.9767892
 0.97990817 0.98763126 0.9849593  0.9849229  0.98722494 0.9827398
 0.98091733 0.9786236  0.9724281  0.98001194 0.98785365 0.97220516]
[0.9743148  0.9873111  0.97837067 0.98059046 0.9888094  0.9727529
 0.9866002  0.98388666 0.9884012  0.9880484  0.9768298  0.9736397
 0.9862817  0.9870237  0.9819387  0.9830563  0.9801997  0.9835781
 0.9857825  0.98412645 0.98517865 0.98042715 0.9824724  0.98756266
 0.98124886 0.97998786 0.977839   0.98860466 0.97533494 0.9814337 ]
[0.9797635  0.97888273 0.9832434  0.9885964  0.97609645 0.97491485
 0.9820531  0.9845489  0.9784692  0.9878042  0.9810967  0.9849995
 0.9796045  0.97921044 0.98813033 0.97636163 0.9838111  0.98346406
 0.9797092  0.9854278  0.98870146 0.97456247 0.97156537 0.9878622
 0.97415924 0.98805827 0.9875965  0.98842525 0.98382586 0.98318523]
[0.9883443  0.9744527  0.97722447 0.9882383  0.98146445 0.97786087
 0.9861894  0.9878023  0.973993   0.98814255 0.9741942  0.9767411
 0.98225605 0.978749   0.9852486  0.98202837 0.97267735 0.98012996
 0.9721872  0.98359275 0.98059523 0.97746754 0.9738589  0.9730387
 0.97588784 0.97734773 0.9846677  0.98535395 0.9882471  0.983576  ]
[0.98450524 0.98652714 0.97388804 0.97521555 0.98401237 0.98385346
 0.9862621  0.9753423  0.9860051  0.9868024  0.98105216 0.98410136
 0.9830662  0.9803961  0.9755189  0.97785074 0.9804982  0.9807217
 0.9788345  0.98103607 0.9882223  0.9842076  0.9752019  0.97180295
 0.9812502  0.9786689  0.9833394  0.98244286 0.98678315 0.9804583 ]
[0.9855214  0.9781662  0.98067117 0.97138715 0.9855157  0.98089856
 0.9753446  0.9855773  0.98841107 0.9761687  0.981396   0.9872892
 0.98064625 0.98537374 0.9787032  0.9829023  0.9778881  0.98049396
 0.97537744 0.9831623  0.9832199  0.9851459  0.98280543 0.9743479
 0.98146516 0.98619175 0.9843461  0.9843619  0.97387886 0.98559177]
[0.9755411  0.98801035 0.9833937  0.9813861  0.9792619  0.9855069
 0.9864096  0.986152   0.9879475  0.9860028  0.9727305  0.97868675
 0.9793703  0.98438936 0.9822411  0.98434806 0.97492677 0.9881969
 0.9817498  0.97998476 0.9876072  0.9873372  0.9811505  0.9879749
 0.98895335 0.98638797 0.98231655 0.9789504  0.9786603  0.97397727]
[0.9786854  0.98846287 0.97672826 0.97487587 0.9798988  0.98568857
 0.9779896  0.9801687  0.98696715 0.9879055  0.9811746  0.98049027
 0.98727745 0.9763347  0.972714   0.98796684 0.9762319  0.97953767
 0.97766376 0.97238535 0.9889262  0.97738826 0.97267747 0.98318255
 0.98423505 0.9876797  0.9859168  0.9886578  0.98674613 0.9754944 ]
[0.97969204 0.97868764 0.98062897 0.974644   0.97358704 0.9856666
 0.9803741  0.9750845  0.9758244  0.98855364 0.9832683  0.9878076
 0.9742356  0.98228526 0.9770195  0.98479974 0.98693115 0.9767991
 0.9815925  0.97316206 0.9858503  0.98701084 0.9883239  0.9878963
 0.98814756 0.9829131  0.9833477  0.9835544  0.9820901  0.9721066 ]
[0.9836872  0.9814342  0.9836939  0.98613316 0.9868968  0.98373586
 0.9864028  0.9845263  0.97779214 0.98118156 0.9812625  0.9857714
 0.98298025 0.9742207  0.98392844 0.97577083 0.98223394 0.9868956
 0.97808605 0.97770905 0.9803946  0.9852446  0.9870711  0.98589605
 0.9862389  0.9794041  0.9876337  0.984798   0.98323005 0.98380464]
[0.9862386  0.98436326 0.98538244 0.9796958  0.9851834  0.9868571
 0.9767195  0.982608   0.97817665 0.9741896  0.9788224  0.9792802
 0.9716134  0.9841302  0.98470414 0.9865024  0.98737025 0.98402077
 0.98118204 0.9846005  0.9822196  0.9738776  0.9752181  0.98820496
 0.97971916 0.98240453 0.98580915 0.9777168  0.97435284 0.9832235 ]
[0.9867517  0.9786574  0.98545873 0.9738836  0.9884934  0.9794924
 0.98063    0.9751764  0.9827419  0.98133564 0.98120695 0.9780276
 0.9865079  0.9880806  0.98522264 0.9776949  0.98839206 0.9836025
 0.9773227  0.97866166 0.9752111  0.9810214  0.9756742  0.9858122
 0.97813797 0.97417647 0.9862877  0.9774934  0.9835144  0.9841829 ]
[0.98011935 0.9733531  0.98480487 0.9865739  0.9843837  0.9770586
 0.9871474  0.9847904  0.9816652  0.9855117  0.9802336  0.986852
 0.97811604 0.9745729  0.97769666 0.98638666 0.9726264  0.9858893
 0.9720356  0.9789706  0.98767453 0.9743046  0.97246176 0.9775394
 0.9752422  0.9753863  0.9860634  0.98061806 0.9886395  0.97804797]
[0.98497874 0.98595583 0.9833491  0.9867394  0.984036   0.9875689
 0.97818726 0.98401535 0.9837863  0.979439   0.9858294  0.9860947
 0.9776354  0.9760325  0.9764153  0.9741285  0.98824114 0.98311055
 0.9856286  0.98307216 0.985496   0.97548205 0.9876602  0.97493356
 0.9881473  0.98125046 0.9811674  0.98227525 0.9805079  0.9861968 ]
[0.98738873 0.97819126 0.9808107  0.98026836 0.9837488  0.97569865
 0.97817683 0.9807556  0.9873624  0.9842747  0.98785806 0.9876644
 0.9829338  0.9860162  0.9779539  0.97386885 0.983567   0.98794866
 0.98018813 0.98546576 0.98818386 0.9746249  0.9883686  0.98251605
 0.9727712  0.9771229  0.97275203 0.9790796  0.98015606 0.9745934 ]
[0.9763871  0.976782   0.9803208  0.97743136 0.9863267  0.9743696
 0.9843975  0.9815708  0.97370607 0.983444   0.9741581  0.98858833
 0.9851466  0.9830468  0.9851592  0.987293   0.9828949  0.9721469
 0.988571   0.9832184  0.9784469  0.98614025 0.9836367  0.9747516
 0.98533523 0.97877777 0.980961   0.97818756 0.97817004 0.9864681 ]
[0.9833698  0.9799886  0.97772425 0.9833286  0.97983366 0.97718495
 0.9855478  0.98177457 0.98323625 0.98723376 0.9868911  0.98650706
 0.9870936  0.98859775 0.98725593 0.9797079  0.9830276  0.9859119
 0.98668194 0.98013663 0.97826344 0.9885334  0.97471446 0.9837462
 0.9886077  0.9824516  0.985579   0.97780776 0.97323215 0.97447455]
[0.980396   0.9873996  0.9772613  0.97767454 0.98090166 0.9825232
 0.9798164  0.97276115 0.9884809  0.9823728  0.98025125 0.98639816
 0.97937393 0.98120165 0.97533643 0.98283225 0.985913   0.987623
 0.977966   0.9792016  0.9718732  0.98831487 0.9841393  0.98727345
 0.98852205 0.9749118  0.972585   0.9868514  0.98132265 0.98856634]
[0.98808414 0.98680973 0.9837119  0.9872449  0.9806622  0.97900563
 0.9737525  0.9866638  0.9826701  0.9830308  0.98810905 0.97481775
 0.9865367  0.977804   0.9819356  0.9801183  0.97521836 0.9840613
 0.9754812  0.9848897  0.9772993  0.9867171  0.9860481  0.97181433
 0.9774491  0.9793897  0.98771995 0.9856813  0.98363703 0.9725844 ]
[0.9767994  0.97627854 0.98384166 0.97267467 0.9826805  0.97765607
 0.98521334 0.98725176 0.9796219  0.9747225  0.97762644 0.9826349
 0.98356366 0.98569334 0.9810844  0.98892283 0.97555625 0.9799555
 0.97981936 0.9723923  0.9760878  0.97823685 0.9770691  0.9856698
 0.9865457  0.9846852  0.9792042  0.9862389  0.9883094  0.9763559 ]
[0.9871984  0.9880697  0.9815531  0.9749188  0.9884957  0.9873279
 0.98446566 0.97914493 0.9867742  0.9774664  0.9792316  0.9766824
 0.984421   0.97838247 0.9852749  0.9782234  0.9840385  0.9829063
 0.97424954 0.9777224  0.97576857 0.9881904  0.9788488  0.9786323
 0.9739163  0.98068696 0.9852057  0.98151726 0.9820656  0.9785628 ]
[0.9870346  0.98099995 0.97375715 0.9859532  0.9882818  0.97590303
 0.9796006  0.9735752  0.9793326  0.98060995 0.97207797 0.985028
 0.9884892  0.98178077 0.97569853 0.9792029  0.984521   0.978736
 0.97753406 0.9733936  0.98422825 0.9785044  0.9763914  0.9751931
 0.9768017  0.98585504 0.98620343 0.9777027  0.9751633  0.97496676]
[0.98358846 0.9806294  0.981267   0.9728757  0.97620445 0.98509306
 0.98798275 0.9866078  0.98559016 0.98669434 0.9800339  0.9837949
 0.98382056 0.97837174 0.9889319  0.978856   0.97518015 0.9807631
 0.9844171  0.98485154 0.9800007  0.9802153  0.9827524  0.98210686
 0.9873979  0.98151314 0.980977   0.97795564 0.9787562  0.98882186]
[0.9737355  0.97394323 0.97747463 0.97369236 0.98078406 0.9794151
 0.9836557  0.9746562  0.9874936  0.98214716 0.9757523  0.9829481
 0.9805613  0.976498   0.9828099  0.98628116 0.9753361  0.9804128
 0.97997105 0.9860428  0.98476666 0.9855079  0.9734307  0.9766103
 0.984565   0.97637266 0.98806995 0.98027945 0.9801134  0.9722395 ]
[0.9877389  0.98211366 0.9875267  0.97986525 0.9860576  0.98045474
 0.984974   0.9845004  0.98728555 0.9753269  0.9867423  0.98306215
 0.98646784 0.98872745 0.9726585  0.97953653 0.98235863 0.97623426
 0.9868824  0.98621976 0.9879169  0.9885816  0.97108746 0.9870101
 0.98198813 0.98426765 0.9766343  0.98600173 0.97293323 0.9827292 ]
[0.9785487  0.9825677  0.9810651  0.9810204  0.9862499  0.9810854
 0.9849163  0.9798309  0.98290193 0.98423254 0.9839401  0.9757009
 0.9865674  0.9754014  0.9846311  0.97842216 0.9822811  0.9785791
 0.9795028  0.9821216  0.9757362  0.9748001  0.9851011  0.9834872
 0.9863718  0.98150843 0.98466927 0.98337275 0.9824259  0.98827296]
[0.9726308  0.97556597 0.9823867  0.97436917 0.9767606  0.9790466
 0.9784304  0.9798177  0.98107094 0.9810657  0.98045796 0.98531866
 0.97474754 0.9838575  0.9789938  0.98584485 0.9841548  0.97270525
 0.97490406 0.9869587  0.9790781  0.9850699  0.9854087  0.9752381
 0.9749141  0.97664547 0.9774935  0.98461837 0.9820341  0.98340905]
[0.9743008  0.9851365  0.9824813  0.9757454  0.97737134 0.9795576
 0.97874075 0.9875914  0.9857159  0.97897106 0.9770372  0.97785324
 0.9762708  0.9807617  0.9743343  0.98695624 0.9727868  0.98862875
 0.9845404  0.9782582  0.9839198  0.97557336 0.98480135 0.9887272
 0.9811498  0.9819074  0.9734997  0.9816     0.9765089  0.98200697]
[0.98626584 0.9847053  0.98833084 0.98836714 0.9864676  0.9765812
 0.9742063  0.9857773  0.9768868  0.98841    0.98288536 0.98702013
 0.98568976 0.98704207 0.9854613  0.98067033 0.98054826 0.97534424
 0.9812098  0.9877972  0.9815329  0.9864879  0.9882655  0.9878736
 0.9870133  0.9743071  0.98091507 0.98623276 0.97904634 0.97839046]
[0.9753753  0.9867006  0.9791495  0.97762305 0.983931   0.97467256
 0.98451656 0.9817546  0.98109794 0.98812217 0.98351884 0.98305213
 0.97937596 0.98101395 0.98799604 0.9747994  0.97521824 0.9800009
 0.97432095 0.98138475 0.97609574 0.9864966  0.9851806  0.9795884
 0.9748216  0.97399974 0.9817614  0.9822245  0.9819418  0.98567677]
[0.98582506 0.98379403 0.9859898  0.98494786 0.9833445  0.9770225
 0.984792   0.9729546  0.9758506  0.98484045 0.98865974 0.9760399
 0.97346455 0.9783071  0.9759434  0.9762284  0.98369354 0.97325474
 0.977554   0.9769757  0.98570573 0.9850203  0.97875434 0.9846922
 0.9727687  0.972059   0.98125434 0.9842515  0.984543   0.9875738 ]
[0.9842802  0.9880093  0.97752076 0.98530453 0.9842553  0.9786043
 0.97589093 0.9830456  0.9853762  0.9791707  0.97301143 0.9744586
 0.98836166 0.98356944 0.9743189  0.9822448  0.98398167 0.9766817
 0.9790332  0.9855563  0.9879232  0.9839999  0.9848223  0.97862715
 0.9876357  0.97789884 0.9857249  0.9891044  0.9863237  0.98090154]
[0.9730679  0.98365885 0.98599315 0.97594464 0.9781255  0.98605716
 0.9779027  0.97365606 0.982052   0.98181367 0.9775368  0.9869222
 0.9786204  0.98435783 0.98218095 0.97258365 0.97638345 0.981499
 0.97472805 0.986844   0.977839   0.97785646 0.97459394 0.9878905
 0.9838906  0.984153   0.9726838  0.97679055 0.9858743  0.9886445 ]
[0.976639   0.9874888  0.9838118  0.9786775  0.98787063 0.9759629
 0.9874098  0.9801252  0.9722145  0.9744892  0.98797464 0.97397375
 0.9725646  0.9863798  0.97910404 0.98391193 0.9855144  0.98161376
 0.97725874 0.97781336 0.9834029  0.9759719  0.986647   0.9789048
 0.98531556 0.9878357  0.9810642  0.9786411  0.9723175  0.9859794 ]
[0.9804643  0.98050565 0.97910875 0.98277134 0.988886   0.98722005
 0.97608566 0.97891164 0.97885156 0.97615165 0.98612785 0.9828029
 0.9790242  0.9857976  0.975486   0.98624575 0.9861683  0.9815869
 0.9883732  0.9792061  0.97290176 0.97457653 0.9867014  0.9819257
 0.9749624  0.9851008  0.9869839  0.9860867  0.98856354 0.98176193]
[0.9804482  0.9837625  0.9831377  0.97957784 0.9850758  0.97951597
 0.974906   0.9815113  0.9825501  0.98583406 0.98170596 0.9779678
 0.97322965 0.9819763  0.97881067 0.9770517  0.9878945  0.9872021
 0.97516054 0.988689   0.98124886 0.98372734 0.98069084 0.9836173
 0.9847194  0.98523617 0.9839453  0.9869878  0.98314685 0.9773791 ]
[0.9787581  0.9841854  0.98319733 0.98693013 0.974428   0.9805289
 0.9813958  0.97589976 0.9879578  0.97530127 0.97227037 0.9724965
 0.9806608  0.9855025  0.9723851  0.97231287 0.9881109  0.9772209
 0.97661453 0.98559976 0.97594213 0.98477465 0.9870161  0.98231035
 0.98858696 0.97781324 0.9828346  0.9804201  0.98780733 0.9838133 ]
[0.97275925 0.9857655  0.9792981  0.97945225 0.97840285 0.9854526
 0.9802156  0.98774046 0.9871737  0.9731516  0.9883782  0.9741508
 0.98177874 0.9759998  0.9782169  0.98043984 0.97668946 0.97757757
 0.98389995 0.98403025 0.9759376  0.9769415  0.98088604 0.9868579
 0.9778618  0.97469133 0.9828713  0.98604184 0.9856251  0.98436326]
[0.9786885  0.9803535  0.98353875 0.98080504 0.98670596 0.98098975
 0.9848663  0.9782497  0.97848254 0.9863732  0.9772663  0.9743032
 0.98709935 0.98616356 0.98520285 0.983014   0.98661464 0.97865444
 0.97747916 0.9832818  0.9833099  0.97445434 0.98565334 0.98597264
 0.97628206 0.9838144  0.98080516 0.9805777  0.98307496 0.98285025]
[0.98241293 0.98200434 0.98117757 0.98600984 0.9861886  0.97559357
 0.98488903 0.98036546 0.9801047  0.9783756  0.9854117  0.98780245
 0.97715306 0.9838164  0.9803874  0.987404   0.9872091  0.9844067
 0.9883172  0.98315626 0.98508286 0.9788608  0.9869816  0.9844317
 0.9826658  0.9885895  0.988122   0.9737283  0.9798916  0.9736546 ]
[0.98055375 0.9779454  0.9731381  0.9830072  0.97670674 0.9886185
 0.9844156  0.97270095 0.98337376 0.9796774  0.9784934  0.98075956
 0.98286843 0.9721071  0.9761435  0.9887016  0.9760079  0.9885074
 0.9861282  0.97650105 0.9837548  0.9754504  0.9843983  0.98343176
 0.98703384 0.9816244  0.98419607 0.98483396 0.9730959  0.98662263]
[0.9829837  0.9737604  0.9804596  0.9758211  0.9857948  0.9797467
 0.974591   0.97987866 0.98150474 0.9832913  0.9818794  0.9849141
 0.9861535  0.9841818  0.98651695 0.9842593  0.9724574  0.9777899
 0.9830357  0.98273724 0.9728055  0.9853447  0.9886634  0.973579
 0.9831639  0.98521996 0.9791853  0.98540246 0.9868483  0.98236775]
[0.97147894 0.9827001  0.9737979  0.9810404  0.9811344  0.97223645
 0.9800868  0.9888797  0.9854838  0.97748417 0.9869366  0.9758184
 0.9728042  0.97534037 0.9727045  0.97402394 0.98822    0.98018104
 0.9798441  0.98410636 0.98837376 0.97442245 0.98098207 0.9826859
 0.98572206 0.9830755  0.98001283 0.9889647  0.9820817  0.9881143 ]
[0.97504854 0.97665805 0.9821414  0.9832287  0.97569764 0.9767447
 0.9790791  0.9862701  0.98746467 0.98113865 0.98302215 0.9834192
 0.9803438  0.983182   0.9864131  0.97941875 0.9799131  0.97904414
 0.9794485  0.9822795  0.9817441  0.97676885 0.9810652  0.9814316
 0.97802395 0.986395   0.98394036 0.9734946  0.9874785  0.9872153 ]
[0.97819805 0.9878485  0.98217726 0.9765415  0.98299915 0.98206216
 0.98530465 0.98621374 0.9747943  0.98787606 0.983264   0.9739522
 0.9836341  0.98511076 0.97549665 0.97489965 0.9727305  0.97864246
 0.9787733  0.9864811  0.9859583  0.9837832  0.9883866  0.9817738
 0.97917527 0.9794632  0.98829144 0.9756866  0.9849223  0.97969234]
[0.9808997  0.9827439  0.983994   0.98248875 0.9763184  0.98310477
 0.97500867 0.9805995  0.98369884 0.9789099  0.97858125 0.98695266
 0.9840716  0.9778505  0.9755189  0.9888882  0.97664076 0.9866388
 0.9832569  0.9748009  0.98809737 0.9790299  0.98708224 0.97830623
 0.9786341  0.9782707  0.98875755 0.98328066 0.9845978  0.9823873 ]
[0.98673135 0.985148   0.9870056  0.9717409  0.9881345  0.9821551
 0.9758435  0.9835118  0.98777676 0.9850172  0.97644186 0.98894614
 0.98277044 0.9883758  0.97497094 0.9847348  0.9765821  0.98835015
 0.97836715 0.9860183  0.981369   0.98417217 0.9872176  0.9883166
 0.9860449  0.9788361  0.98456395 0.97531193 0.98855805 0.9869539 ]
[0.9784293  0.9823506  0.9842998  0.9868786  0.9798218  0.98474276
 0.9742328  0.9803961  0.98443526 0.9873291  0.9768346  0.97767866
 0.976473   0.9738491  0.9889043  0.98902714 0.98376805 0.97694254
 0.9817677  0.98746383 0.972854   0.98481154 0.97612846 0.97686315
 0.98252296 0.9791712  0.9851704  0.98726416 0.98429954 0.98360205]
[0.97636455 0.9858619  0.98852366 0.9750208  0.97744036 0.97291076
 0.98439145 0.9811561  0.9817146  0.9753749  0.9811148  0.98214346
 0.980209   0.97500527 0.9884863  0.9792519  0.9807633  0.97542554
 0.98522425 0.97857773 0.98116744 0.9825196  0.9758898  0.9725136
 0.98241204 0.9851938  0.9851613  0.98093545 0.98423314 0.97674847]
[0.9777119  0.98413575 0.9848387  0.9739034  0.97847193 0.97705394
 0.98821926 0.9751614  0.9797549  0.9797364  0.9870342  0.9819842
 0.98516774 0.9798376  0.9820456  0.9814263  0.9865492  0.9837557
 0.9882782  0.98354083 0.9767337  0.97540104 0.9724813  0.9729783
 0.9867531  0.98209655 0.9723798  0.9811942  0.981794   0.97587526]
[0.98421186 0.98706913 0.97581613 0.9813281  0.97947514 0.98378354
 0.9819048  0.9880647  0.98685944 0.9824729  0.988366   0.9835012
 0.97468776 0.9776324  0.975323   0.98819077 0.98249096 0.9819962
 0.97720546 0.9770802  0.9841526  0.9834352  0.97283983 0.98876023
 0.98069453 0.98594475 0.9861255  0.98614174 0.9828021  0.9747415 ]
[0.9768191  0.97369236 0.9786023  0.9767036  0.9816187  0.97414136
 0.98278713 0.98811495 0.9747704  0.9716967  0.97836965 0.9846815
 0.9876637  0.9874637  0.9728837  0.9758951  0.9789219  0.9780496
 0.97558516 0.98344666 0.98878247 0.98272747 0.98832893 0.9859977
 0.98084486 0.97370017 0.9731694  0.9832829  0.98727256 0.98844445]
[0.9840479  0.98765546 0.98514116 0.98276454 0.9845568  0.9870411
 0.98058766 0.9627377  0.9837663  0.9862527  0.9733417  0.98811954
 0.9886934  0.97348017 0.98115265 0.98103243 0.9848727  0.9756048
 0.97823185 0.9836272  0.98327684 0.9792388  0.9786804  0.98641926
 0.98549324 0.9864048  0.9801553  0.9879062  0.985105   0.9762967 ]
[0.97409576 0.9886474  0.9722447  0.9724077  0.98330253 0.9845657
 0.98414075 0.9881946  0.98120594 0.98546475 0.97392774 0.9773052
 0.97432876 0.98863924 0.988622   0.9823516  0.97953826 0.9827399
 0.9879556  0.9864027  0.9785498  0.98406214 0.9726105  0.9712299
 0.97442436 0.9743894  0.9827407  0.9799222  0.9856318  0.98685974]
[0.98332083 0.97833806 0.9873476  0.9792286  0.98153245 0.9840463
 0.98383695 0.9794209  0.98803383 0.9873319  0.9761363  0.9883923
 0.97400385 0.9836633  0.98546207 0.9805557  0.9800923  0.98817027
 0.97831464 0.98342574 0.9870221  0.9865937  0.98813665 0.9785765
 0.98719805 0.9872049  0.9804098  0.97429127 0.97623163 0.98864424]
[0.9848497  0.9727638  0.9742314  0.98096263 0.9864411  0.98131496
 0.9792203  0.9843901  0.9876379  0.9786578  0.9792397  0.9873778
 0.97462094 0.98658866 0.9847215  0.9884763  0.9877793  0.97315323
 0.9816182  0.98354566 0.9863874  0.9809033  0.97755116 0.97954595
 0.98540676 0.97862923 0.98148626 0.9805861  0.9812259  0.980288  ]
[0.9842903  0.9786038  0.9805648  0.98394483 0.9856095  0.9782351
 0.97499883 0.98432076 0.9784354  0.9777845  0.9857496  0.9880343
 0.97310895 0.98135835 0.98623997 0.98404074 0.98580766 0.988457
 0.9881764  0.9854558  0.97444123 0.9748462  0.9852645  0.98805594
 0.9819464  0.98367405 0.9880288  0.9734577  0.9831911  0.974263  ]
[0.9760365  0.9781954  0.97406715 0.982679   0.9879239  0.98403686
 0.98826945 0.9723097  0.9764474  0.97584313 0.98611754 0.9836378
 0.97524124 0.9780937  0.97579134 0.9836543  0.9725127  0.9776315
 0.97196317 0.9886855  0.97644824 0.98589534 0.9857603  0.9860386
 0.9827393  0.9759302  0.97524774 0.97267884 0.97558755 0.98041934]
[0.9741047  0.9881314  0.9866601  0.97865057 0.9878714  0.9817591
 0.98757833 0.97415435 0.9829065  0.98755926 0.9875137  0.98837715
 0.97751176 0.97465044 0.9880305  0.9854145  0.9789397  0.9847119
 0.982679   0.97567946 0.9785397  0.98622847 0.9853631  0.98673624
 0.9824488  0.97360116 0.98219967 0.98518896 0.9809069  0.9793712 ]
[0.9734675  0.9749479  0.9778667  0.9770517  0.97890776 0.9849733
 0.9733836  0.9886938  0.9886408  0.9826728  0.9794765  0.9800096
 0.98624426 0.9731707  0.9800853  0.98543614 0.98451066 0.9750938
 0.98748904 0.98728687 0.9811236  0.98483616 0.9732319  0.97542113
 0.9794261  0.97282773 0.9746415  0.9734806  0.98315436 0.9727237 ]
[0.9845254  0.9766287  0.9881748  0.98688185 0.9820817  0.985408
 0.976269   0.98294157 0.98748815 0.9880802  0.9872913  0.9741121
 0.98812264 0.98862374 0.9819727  0.97380507 0.9789907  0.97721374
 0.9785567  0.9874281  0.9787259  0.9798512  0.97447896 0.9879887
 0.9788377  0.9768064  0.98737466 0.9836072  0.9797895  0.9815294 ]
[0.9736094  0.98034805 0.9869348  0.9828     0.9847912  0.97391933
 0.9774301  0.97937715 0.98069304 0.985371   0.97283894 0.97726613
 0.97646934 0.9750139  0.97770894 0.9727514  0.97395116 0.9866268
 0.986311   0.9782427  0.9745846  0.9768662  0.97497725 0.97299135
 0.9840784  0.9823887  0.97586936 0.98276937 0.9879248  0.988383  ]
[0.9829168  0.9888642  0.9845749  0.9771928  0.98771137 0.9824911
 0.98395085 0.9880465  0.9836669  0.9872034  0.98026854 0.98764837
 0.9791961  0.98802465 0.9760006  0.98738164 0.9829685  0.98756987
 0.98342746 0.98202044 0.9827136  0.9808653  0.9855747  0.9744932
 0.97583437 0.98017603 0.98891336 0.97713506 0.9735398  0.97400826]
[0.97798353 0.9807585  0.9839828  0.98062503 0.9882626  0.9877315
 0.98892605 0.9774968  0.9866926  0.9867844  0.97637343 0.9818934
 0.9854342  0.9833332  0.9767957  0.9858995  0.98688114 0.9759862
 0.9853618  0.9817832  0.9811523  0.9758061  0.9851274  0.9777429
 0.9855979  0.9754165  0.9752215  0.97899836 0.98727256 0.98240155]
