Mprobs for dataset 3 (AIC)

[0.9976094  0.99812454 0.9978453  0.998459   0.99544877 0.9984433
 0.9958912  0.9979886  0.99633646 0.99685824 0.9975552  0.99835074
 0.9977818  0.9966233  0.99487203 0.99724567 0.9960412  0.9974051
 0.9964858  0.9986594  0.9945967  0.99793386 0.9968664  0.9941095
 0.99808407 0.9941246  0.99658656 0.99692625 0.99703985 0.9965071
 0.9974848  0.99860126 0.99732214 0.998774   0.99755573 0.9970337
 0.99535084 0.9927912  0.9981589  0.9978976  0.99803716 0.9964749
 0.9967188  0.9977082  0.9985587  0.99637234 0.9969145  0.99896157
 0.9970181  0.9978696  0.99869823 0.9973322  0.9939296  0.9992091
 0.9976272  0.99321955 0.9948291  0.81881833 0.9720309  0.93219745
 0.96083736 0.85302085 0.99220484 0.9114144  0.9666051  0.9952506 ]
[0.99792933 0.9983304  0.99636275 0.9984382  0.99604934 0.9987355
 0.99365604 0.99762493 0.9978073  0.9963245  0.9969607  0.9962935
 0.9980393  0.9968305  0.9948191  0.99803    0.99520904 0.9978497
 0.99733007 0.99723214 0.99541855 0.99889827 0.99726856 0.99741685
 0.99794954 0.99533504 0.9929101  0.99805236 0.99768734 0.99775827
 0.9976674  0.9978034  0.9945963  0.99816126 0.99776447 0.9986725
 0.99686384 0.998667   0.9983517  0.99862134 0.99824524 0.99679655
 0.99712104 0.9991209  0.99683785 0.99813014 0.99924433 0.9973794
 0.9976845  0.9972796  0.9959778  0.9955188  0.9989359  0.9979241
 0.9967344  0.99617934 0.5734294  0.95896435 0.9607077  0.9927045
 0.97082233 0.5711167  0.9853006  0.9361267  0.736807  ]
[0.99685585 0.9985122  0.9978308  0.99874026 0.99746156 0.9979247
 0.996825   0.99868804 0.99722666 0.99406874 0.9962614  0.9969891
 0.99803835 0.99634475 0.9941856  0.9982249  0.99623847 0.9962953
 0.9965809  0.99718684 0.9986902  0.99930465 0.99693215 0.99602807
 0.99539715 0.9920798  0.9970458  0.9973948  0.99715304 0.9980046
 0.9984302  0.9977296  0.9974376  0.99767286 0.99832815 0.99876046
 0.99652123 0.9984291  0.9989108  0.9972873  0.9977756  0.9981515
 0.9958805  0.99872005 0.99882656 0.9963599  0.9986657  0.99715793
 0.9986998  0.9981186  0.9976544  0.99793184 0.99638015 0.9980597
 0.99882466 0.99488467 0.9942946  0.7670237  0.9741511  0.99332374
 0.97185034 0.9585729  0.9952311  0.901895   0.9882505 ]
[0.99660987 0.9981633  0.9966073  0.998298   0.99602145 0.9983569
 0.9973048  0.9985682  0.9976342  0.99640083 0.99731004 0.9974935
 0.99824786 0.9970413  0.9952859  0.9981817  0.9959363  0.9980895
 0.9978662  0.9981159  0.99597687 0.9985109  0.99877447 0.9948714
 0.99824834 0.9918121  0.9951687  0.99553984 0.99887484 0.99498993
 0.99832624 0.9984635  0.99763834 0.9974642  0.9984541  0.9957052
 0.9971379  0.9976553  0.9983865  0.9969875  0.99762386 0.9973054
 0.99712735 0.9982855  0.99897313 0.99742633 0.9983479  0.9954092
 0.99782014 0.9971042  0.9943926  0.99539775 0.99885786 0.9983968
 0.9945984  0.995342   0.99689746 0.9577001  0.88008374 0.991176
 0.8932278  0.98236775 0.98438233 0.8602127  0.8934475 ]
[0.9972155  0.9983199  0.9968299  0.9987607  0.9930917  0.99832493
 0.9966318  0.9980414  0.9976114  0.9968656  0.9979393  0.9976769
 0.9973634  0.99669015 0.9940626  0.9989981  0.9964658  0.99795985
 0.997801   0.9971692  0.99644935 0.9993229  0.9982016  0.9966174
 0.9981667  0.99025846 0.9937807  0.9984043  0.9982338  0.99795485
 0.99856013 0.99859804 0.9955909  0.9986664  0.99615866 0.99860686
 0.9975884  0.9980811  0.99758613 0.9981907  0.9979621  0.99608314
 0.99453825 0.99833786 0.9981639  0.9905738  0.997689   0.99788
 0.99561214 0.9978818  0.99739254 0.9959806  0.99630356 0.9986093
 0.99887437 0.9990675  0.9945141  0.95177317 0.9761145  0.95979285
 0.91411304 0.9942327  0.53141034 0.92259383 0.8670044 ]
[0.99787676 0.9987588  0.9969242  0.99905354 0.9947918  0.99775285
 0.99664897 0.99900395 0.99629325 0.996307   0.99660957 0.99771786
 0.9970413  0.99630475 0.9945351  0.998103   0.99329245 0.9976942
 0.99867755 0.9962559  0.9950529  0.9984888  0.998145   0.9967435
 0.9952649  0.9882102  0.9991466  0.9972938  0.9970457  0.99797624
 0.9975489  0.9986872  0.99709165 0.99877566 0.99736434 0.9985568
 0.9967045  0.9973654  0.99814236 0.9991792  0.9986557  0.9980596
 0.99794096 0.9973122  0.99824345 0.9993771  0.9981117  0.9973247
 0.9976165  0.99805105 0.9979742  0.99571675 0.9905284  0.9989191
 0.9989108  0.9917921  0.993932   0.9607577  0.9910452  0.9529377
 0.9483612  0.99156255 0.7399119  0.9738782  0.9179977  0.79475784]
[0.9979067  0.99846435 0.9972939  0.99896    0.9965828  0.998192
 0.9966313  0.9967816  0.9952615  0.99746966 0.99756074 0.9984114
 0.9974867  0.99666685 0.99371547 0.9982285  0.99518764 0.99771047
 0.99897265 0.99642307 0.99592763 0.9985123  0.9966258  0.9987036
 0.997529   0.9925776  0.9965982  0.99624926 0.9968176  0.99743265
 0.9983059  0.99792117 0.9969296  0.99830353 0.9966067  0.9988502
 0.9955107  0.99752885 0.9985281  0.99786735 0.9985257  0.9973061
 0.99842    0.99801    0.99877197 0.99881846 0.9976738  0.99865913
 0.9983576  0.9991321  0.9987691  0.99669266 0.9965629  0.9977471
 0.9980604  0.9985139  0.99753857 0.7213128  0.96247196 0.9916858
 0.66437954 0.709127   0.99792224 0.86087716 0.8864143  0.9491116
 0.91382486 0.92184764]
[0.99723923 0.9985625  0.99733126 0.9983876  0.9944265  0.9976757
 0.99589336 0.9989594  0.9957961  0.99714404 0.9988838  0.9971967
 0.99724704 0.99776864 0.9926795  0.9983558  0.99575186 0.99745923
 0.99807906 0.99653375 0.9973455  0.99740666 0.9957997  0.9969599
 0.9880315  0.99544805 0.99841654 0.9974281  0.9974329  0.9976903
 0.99829763 0.9986131  0.9978593  0.99894077 0.9988024  0.9984261
 0.9977182  0.9982911  0.99909425 0.9982322  0.9982408  0.996579
 0.9975967  0.9975715  0.999258   0.9969062  0.99535686 0.9968065
 0.99802834 0.99782205 0.99777466 0.9970721  0.99574775 0.99819905
 0.99889624 0.9950435  0.9972982  0.99671257 0.8921498  0.9943494
 0.9304268  0.9642414  0.997675   0.9063505 ]
[0.99767154 0.9987311  0.99663013 0.99863654 0.9886855  0.9931593
 0.9992336  0.9984793  0.9940182  0.9961731  0.99669206 0.9982893
 0.99782526 0.9968749  0.98998755 0.9944041  0.9900615  0.9980641
 0.99724674 0.9990466  0.99577135 0.99921465 0.9981639  0.99159056
 0.9973678  0.98815197 0.9942008  0.99639773 0.9960962  0.99765944
 0.99769115 0.996856   0.99784005 0.9979955  0.9915742  0.9984767
 0.9961319  0.9986664  0.9986671  0.99822253 0.99786514 0.9981458
 0.99701214 0.99774534 0.99918693 0.9989943  0.9979867  0.9982132
 0.9975337  0.99642074 0.9977983  0.9964167  0.99595284 0.9972258
 0.9982286  0.9974183  0.9959222  0.98504144 0.61577225 0.89822626
 0.96105987 0.9867156  0.97953206 0.67005223 0.89271444 0.77236736
 0.6911167 ]
[0.99803656 0.99886924 0.9966762  0.99886924 0.9935023  0.9968964
 0.9881362  0.99605286 0.99728894 0.99300164 0.9964097  0.9963211
 0.99645656 0.9943165  0.9951461  0.99697435 0.98752195 0.9967722
 0.996126   0.99769235 0.99723744 0.9984433  0.9963075  0.99431944
 0.99617696 0.9899614  0.9934975  0.9952915  0.9985858  0.9987243
 0.9982905  0.99828583 0.9958468  0.99900824 0.9980568  0.9982254
 0.9947154  0.9984829  0.99856734 0.9986613  0.9954934  0.99574846
 0.99667907 0.99588215 0.9982628  0.9943362  0.9982849  0.9980134
 0.9979243  0.9987884  0.9984668  0.9941127  0.99533963 0.99799687
 0.99790764 0.9980106  0.99591064 0.9787435  0.99272186 0.89057183
 0.82008076 0.99370134 0.897822   0.9754174  0.63674086 0.9244109
 0.73619395]
[0.99703753 0.9988913  0.99773467 0.9988669  0.99758124 0.9977581
 0.9950808  0.99839944 0.99749064 0.9959501  0.9973909  0.9977824
 0.99743986 0.995843   0.9960582  0.99868685 0.996243   0.99612695
 0.99822086 0.9973254  0.99385047 0.99879897 0.9974661  0.9968863
 0.9968585  0.9951074  0.99612254 0.9972886  0.9983138  0.9981931
 0.99835336 0.9981987  0.9978198  0.99800426 0.997341   0.99744296
 0.995673   0.9973687  0.9986885  0.9979792  0.9974802  0.99676645
 0.99552494 0.9990503  0.99550915 0.9985507  0.99783653 0.9972511
 0.9972957  0.9977609  0.9986259  0.9973053  0.99844664 0.99887055
 0.998985   0.9940381  0.53516644 0.94401926 0.8759518  0.9854168
 0.97126186 0.984202   0.7482146  0.9937921  0.9227359  0.62992465]
[0.99756145 0.99850935 0.9974232  0.99766445 0.99671245 0.99879825
 0.9956418  0.9984503  0.99624914 0.995858   0.996863   0.9983923
 0.99735117 0.994968   0.99634117 0.9976649  0.9987081  0.9962042
 0.9987226  0.9984133  0.9978911  0.99735606 0.9984174  0.9922484
 0.9961434  0.99157715 0.9944458  0.99583805 0.9960062  0.99600095
 0.9983719  0.9984389  0.9974189  0.99893004 0.99663144 0.99835926
 0.994879   0.99684465 0.9982498  0.9986424  0.9981419  0.9949911
 0.9967263  0.9966053  0.99919206 0.9955369  0.99797994 0.99868876
 0.99748296 0.9987042  0.9986946  0.99720216 0.9957153  0.9988175
 0.99881303 0.9995814  0.9950617  0.988235   0.9773989  0.8869556
 0.95898354 0.98698646 0.69769853 0.6027443  0.9381632  0.9388264
 0.90657485 0.7069457 ]
[0.99695265 0.99843377 0.9919206  0.99586946 0.99680233 0.99685365
 0.99302775 0.9951291  0.9941865  0.99376935 0.99659723 0.99855226
 0.9959443  0.9952089  0.994958   0.99717426 0.9930315  0.99656314
 0.99546534 0.99523926 0.99580127 0.99552864 0.9865508  0.9884797
 0.9952814  0.99358565 0.99589527 0.9973093  0.9975085  0.9966774
 0.99803585 0.99851865 0.9957054  0.9981834  0.9980769  0.9984674
 0.99602485 0.9967643  0.9967493  0.9979236  0.99877673 0.99683976
 0.9965094  0.9952277  0.99867356 0.99529344 0.9978604  0.9963404
 0.9959331  0.9977628  0.9972916  0.99566466 0.9983864  0.9988262
 0.9968086  0.990243   0.99594814]
[0.99787486 0.99889165 0.9975356  0.9989863  0.9933477  0.99723756
 0.99549943 0.9977285  0.9944634  0.9946057  0.9968309  0.99618775
 0.9980258  0.9958246  0.98729336 0.9980476  0.9977397  0.99793684
 0.9967637  0.99561834 0.9956228  0.99758923 0.99561054 0.992276
 0.9967056  0.9922087  0.9954131  0.99717987 0.99724555 0.99642146
 0.99854666 0.99838436 0.9955088  0.99886537 0.9963373  0.99814963
 0.9956306  0.99768865 0.99906737 0.99776113 0.99909174 0.99595624
 0.9980116  0.99558324 0.999243   0.9953506  0.9982273  0.9969632
 0.99811256 0.9982717  0.9986297  0.9975625  0.9970687  0.9972383
 0.99847704 0.9934354  0.99394035 0.98218805 0.9537012  0.9705071
 0.99513537 0.98314106 0.9257241  0.68958044 0.92825305]
[0.9971999  0.9985006  0.9970669  0.99844664 0.9968362  0.99746084
 0.97936934 0.9955089  0.99854374 0.996089   0.9979966  0.99779934
 0.996705   0.992589   0.97196835 0.99710435 0.99661607 0.99675095
 0.99852645 0.9979819  0.9948715  0.99920756 0.99577564 0.9972282
 0.9919634  0.9915588  0.9987692  0.98838705 0.9980282  0.9960717
 0.99718434 0.9978807  0.9985997  0.9983644  0.99457043 0.99709976
 0.99682826 0.99799466 0.99872416 0.99824595 0.9928231  0.99708575
 0.9966197  0.99108994 0.99841404 0.99570125 0.99211884 0.9980045
 0.998949   0.9874664  0.9986395  0.99661213 0.9940521  0.9957801
 0.99762315 0.99772686 0.9934191  0.9279358  0.97037315 0.93250686
 0.98476577 0.9616213  0.56029725 0.9974158  0.7549612  0.97484595
 0.9081845  0.74935555 0.71506506]
[0.9973085  0.998762   0.9969214  0.99802303 0.99647826 0.9974439
 0.9961669  0.9978478  0.9978072  0.99757165 0.99681723 0.9973646
 0.99768686 0.9973375  0.9946709  0.99449366 0.99458236 0.9970765
 0.99726295 0.998357   0.9932914  0.99956006 0.996318   0.9973361
 0.99527353 0.9914219  0.9972005  0.9969901  0.9979279  0.99608034
 0.99807596 0.998642   0.9969907  0.9981269  0.99843615 0.99890697
 0.99742955 0.9971825  0.9990408  0.9978942  0.99797803 0.9983354
 0.9955473  0.99745446 0.99936837 0.9968406  0.99776053 0.9987317
 0.9993401  0.9974139  0.99852633 0.9970799  0.99679095 0.9972759
 0.9990295  0.99817884 0.99780077 0.98950326 0.64745986 0.9640773
 0.98871034 0.90417963 0.98186976 0.8867855  0.813592   0.8715223 ]
[0.9975803  0.99900454 0.9970561  0.99861073 0.99181527 0.99734133
 0.9963069  0.9985738  0.9956027  0.99665254 0.99787354 0.99557567
 0.9974625  0.99713635 0.99279034 0.9975701  0.9959402  0.99632156
 0.99617743 0.99880385 0.99616516 0.9987563  0.99771273 0.9971277
 0.99666387 0.9941493  0.9951255  0.9953237  0.99771225 0.9975304
 0.99827874 0.99876165 0.9966114  0.99828786 0.9977919  0.99904567
 0.99695635 0.9981371  0.998838   0.9984939  0.9975624  0.99808216
 0.9962333  0.9957436  0.99838626 0.9970868  0.99791867 0.99845815
 0.99740595 0.99782526 0.99868673 0.9926156  0.9968309  0.99828595
 0.9989392  0.9982317  0.9964515  0.92922074 0.7135542  0.92038816
 0.84400934 0.99627566 0.9747706  0.7917576  0.8015827  0.89874053
 0.74095565]
[0.9969887  0.9987489  0.9962984  0.9985424  0.994436   0.9974752
 0.99705935 0.9981602  0.99672335 0.9952905  0.9968927  0.99784994
 0.9974376  0.9958183  0.9964749  0.99419445 0.99560404 0.9964477
 0.99865144 0.996779   0.99773955 0.9971207  0.9961994  0.99790996
 0.99651897 0.996626   0.9952147  0.99754876 0.9985429  0.9974974
 0.99852294 0.9979962  0.9984384  0.9980629  0.9978077  0.99874973
 0.9958045  0.9975102  0.9987148  0.99883527 0.9984603  0.9978307
 0.9972045  0.996967   0.99904996 0.99567515 0.9986418  0.99833846
 0.9980604  0.99784935 0.9984016  0.9975546  0.9964263  0.99819237
 0.99881387 0.99740124 0.99431807 0.9775978  0.95986974 0.94597936
 0.9923706  0.98821634 0.9201429  0.975931   0.71266377]
[0.99656576 0.9979863  0.99797183 0.99918085 0.9964539  0.99806637
 0.9939505  0.99785787 0.99580944 0.99559194 0.9964915  0.99733186
 0.99681395 0.99699295 0.9929818  0.99521106 0.9950204  0.99671257
 0.99830794 0.99754995 0.99563855 0.9990004  0.99754924 0.9986659
 0.9967278  0.9859812  0.99725574 0.99604577 0.99698716 0.9944344
 0.99759066 0.9982027  0.9936532  0.9979602  0.9965013  0.9980259
 0.99498355 0.9980742  0.99835545 0.9978217  0.9965198  0.99688256
 0.9941426  0.99922407 0.9942432  0.99665534 0.99822015 0.99234676
 0.9960996  0.9981627  0.99763393 0.9947771  0.99635714 0.99757785
 0.99505925 0.99208236 0.89532876 0.9578186  0.9169945  0.9804954
 0.97930557 0.83348745 0.99776137 0.87286943 0.9531843  0.9488394
 0.8303014 ]
[0.99718994 0.9978994  0.9976527  0.99769586 0.9941531  0.9977703
 0.99638927 0.9985239  0.9949645  0.9964238  0.9961927  0.9978776
 0.9979716  0.9959229  0.99649966 0.9988092  0.9974891  0.99693656
 0.998212   0.9972332  0.9960542  0.99858    0.99804366 0.99502486
 0.9969068  0.99280846 0.9956142  0.99722505 0.9974584  0.99694294
 0.99847573 0.9975133  0.9978108  0.9991671  0.9964647  0.99892527
 0.99681693 0.9962482  0.99885964 0.9988022  0.99741685 0.99786526
 0.998409   0.9978237  0.99926573 0.99472284 0.9979221  0.9988944
 0.9978103  0.9985464  0.9983246  0.9961604  0.99704725 0.9977864
 0.99862075 0.9971802  0.9946319  0.5747761  0.75727534 0.9653885
 0.9293383  0.9955016  0.9891888  0.87778926 0.75611115]
[0.9970421  0.99874735 0.99797696 0.99780434 0.99824345 0.99825805
 0.9971776  0.99838316 0.9964072  0.996429   0.9972933  0.9984493
 0.9974602  0.9945715  0.9943393  0.9972228  0.9942492  0.99738663
 0.9974118  0.99804676 0.98449326 0.9978428  0.9971017  0.9969734
 0.9943891  0.9937524  0.9948309  0.99761057 0.99781334 0.9981865
 0.9980964  0.99848574 0.9977063  0.99878734 0.9978236  0.99776876
 0.9984339  0.9963569  0.9973176  0.9982716  0.9968935  0.9961671
 0.9967649  0.99668497 0.9989329  0.9964418  0.9980646  0.99740714
 0.9975134  0.99772495 0.99760616 0.9959299  0.9970797  0.99898607
 0.9983909  0.99571407 0.9956542  0.95558506 0.8351884  0.9406819
 0.974414   0.98272026 0.98807925 0.8987568  0.99043345 0.84345543]
[0.997514   0.9987264  0.9963869  0.99871194 0.9943599  0.99902797
 0.9958937  0.99839044 0.9945878  0.9922809  0.99603975 0.99870694
 0.9970395  0.9963858  0.99303013 0.9959046  0.99707603 0.9968252
 0.99866307 0.9980123  0.99626666 0.99841774 0.99599385 0.9970522
 0.9965611  0.9902345  0.9963825  0.9982545  0.9980673  0.99737906
 0.99752563 0.9983444  0.99776316 0.99845994 0.998697   0.9988154
 0.9968168  0.9985948  0.9977538  0.99886394 0.99880683 0.9957795
 0.9984629  0.99687386 0.9993261  0.99674207 0.9982002  0.99852425
 0.9957344  0.9974058  0.99847454 0.9949812  0.995227   0.9990213
 0.9982815  0.99577963 0.9955147  0.98796046 0.95949054 0.8679462
 0.99270153 0.98196906 0.93616754 0.74052304]
[0.99807787 0.99859697 0.9977336  0.99884975 0.9969164  0.9996991
 0.9957113  0.9992471  0.9955077  0.99567115 0.997223   0.9964735
 0.9973111  0.9949744  0.9956363  0.9976781  0.99618113 0.9975145
 0.9980154  0.99652267 0.9969356  0.99823785 0.99781454 0.9967623
 0.99634844 0.9964007  0.9966054  0.9976058  0.99826163 0.9971982
 0.99812764 0.9982424  0.996756   0.9980094  0.99755967 0.99857795
 0.9974045  0.9979791  0.9983615  0.9985576  0.9973955  0.99633247
 0.9971251  0.99708384 0.99936026 0.9962941  0.9978508  0.9989404
 0.9986785  0.9972978  0.9975757  0.99708706 0.99801373 0.99880993
 0.9957216  0.9947567  0.99907947 0.97660136 0.66989505 0.99548507
 0.98486    0.9382794  0.94827235 0.82785183 0.8112065 ]
[0.9969125  0.9991037  0.997877   0.9988231  0.9949569  0.9991824
 0.99498606 0.9962022  0.99644756 0.99783736 0.99673355 0.9980956
 0.9980405  0.99669915 0.98822904 0.9970036  0.9942967  0.9969494
 0.9992156  0.99781173 0.9934324  0.9990369  0.9955167  0.9972519
 0.99733955 0.9944284  0.99651515 0.9963503  0.9974464  0.9983334
 0.99816835 0.99874026 0.9938623  0.99848783 0.9976478  0.9984273
 0.99860483 0.997331   0.9983853  0.9974496  0.99760675 0.9979658
 0.99470735 0.9971317  0.99918383 0.99937135 0.99884343 0.99859196
 0.99594396 0.9976829  0.998292   0.99762195 0.9972345  0.99834716
 0.99827373 0.99833447 0.99701214 0.99250704 0.8932548  0.979648
 0.53797144 0.93594193 0.94359803 0.9921556  0.72017735 0.76381993
 0.9222714  0.6827978  0.9597707  0.8740364  0.9615591  0.65571266]
[0.99779165 0.9975594  0.99665403 0.9981639  0.9955707  0.99764663
 0.99653757 0.9981515  0.9971138  0.994511   0.9967667  0.9977139
 0.9975231  0.9981086  0.99737644 0.99833566 0.9940732  0.9967193
 0.99686134 0.99827015 0.9969139  0.99830294 0.9985379  0.99839705
 0.983751   0.9935615  0.9978157  0.99591714 0.99774593 0.9965984
 0.9987692  0.99757904 0.9973876  0.9986179  0.9981224  0.9990615
 0.995096   0.9977362  0.9984597  0.9984043  0.9961675  0.99795747
 0.9975267  0.99723804 0.9992393  0.99587643 0.99758077 0.9972282
 0.99567884 0.9964915  0.9974025  0.9985285  0.99594456 0.9980792
 0.99831855 0.99645257 0.9945911  0.771941   0.9523602  0.9460843
 0.991928   0.99222285 0.951153   0.5362936  0.93309534 0.9957081
 0.6935013 ]
[0.99776125 0.99898213 0.9970784  0.99849653 0.9949433  0.99848133
 0.99762565 0.9979418  0.99725324 0.99284714 0.9970113  0.9987727
 0.99816954 0.9964547  0.99722856 0.9975898  0.9978236  0.9971264
 0.99749124 0.99822074 0.994789   0.99885905 0.9989159  0.9973157
 0.99657565 0.9934396  0.9936381  0.998309   0.99674785 0.9989593
 0.99828845 0.99850875 0.9980736  0.9989874  0.9988726  0.99885404
 0.99730325 0.99593025 0.9980969  0.9988852  0.99821776 0.9965932
 0.9977564  0.9977189  0.9991001  0.994241   0.9978536  0.99894994
 0.99728847 0.9985567  0.99834466 0.9978955  0.9947907  0.99715084
 0.99826294 0.9972698  0.9976872  0.9815314  0.9606031  0.98111546
 0.9976393  0.9154601  0.88899034 0.7199327 ]
[0.99732745 0.99831885 0.9978047  0.9974631  0.99614906 0.9961223
 0.98172945 0.99852544 0.99680424 0.9958418  0.9972127  0.9978604
 0.99704945 0.9960848  0.9905827  0.99378806 0.9953826  0.99609995
 0.9973546  0.9974611  0.9939036  0.99933237 0.99779296 0.99685293
 0.9981919  0.9858645  0.9965653  0.9981166  0.99719006 0.99757594
 0.9984932  0.99795926 0.9965043  0.99826753 0.9935173  0.9988978
 0.9960359  0.99689925 0.9977883  0.9977068  0.9983015  0.9975903
 0.99653935 0.9924825  0.9993099  0.99757725 0.995548   0.9981476
 0.9978669  0.997928   0.9987445  0.99685585 0.99278486 0.9970913
 0.99833506 0.99479985 0.99661165 0.9134552  0.9389871  0.99212766
 0.87820333 0.9690137  0.9375645  0.95630825 0.9936207  0.70127416
 0.9614127  0.9407047  0.99653673]
[0.99736077 0.9985958  0.9966788  0.99812955 0.9971079  0.9987025
 0.99583626 0.9986877  0.9970701  0.99718285 0.9962685  0.9976413
 0.99822706 0.9956826  0.9935549  0.9969579  0.9974948  0.99748355
 0.998028   0.9983423  0.99388087 0.9991196  0.9966743  0.9958645
 0.99696094 0.9951792  0.99714476 0.9968706  0.99868196 0.9912509
 0.99810755 0.99742293 0.99712425 0.9985353  0.99721104 0.9988172
 0.99670756 0.99706453 0.9974679  0.99787533 0.99833834 0.9979754
 0.99684393 0.9977763  0.99922264 0.99761236 0.99827623 0.99838424
 0.99729854 0.9979849  0.9985159  0.9957211  0.9970817  0.99727637
 0.998171   0.994231   0.9963081  0.96931374 0.9749519  0.9406794
 0.99552613 0.98584193 0.9186121  0.8725588  0.7190836 ]
[0.99774206 0.99873704 0.99672914 0.9991704  0.9994154  0.9982185
 0.994899   0.99685377 0.99667287 0.99451387 0.9979672  0.99832326
 0.9972121  0.9966092  0.99653935 0.99819404 0.99852633 0.99666035
 0.999313   0.99775773 0.9940456  0.9980471  0.9973174  0.99769527
 0.9987748  0.9973278  0.99623305 0.9978682  0.9975178  0.9979625
 0.9976197  0.9976673  0.997083   0.9988219  0.99710757 0.9987998
 0.99699533 0.9972711  0.99870074 0.9981388  0.9976283  0.9982835
 0.9971903  0.9977465  0.9990452  0.99534947 0.99741864 0.99865085
 0.9979461  0.9987752  0.99814284 0.9970055  0.99442613 0.9985942
 0.99811316 0.9975598  0.9968953  0.9908409  0.9550752  0.77989495
 0.9876688  0.9364866  0.70584774 0.93965137 0.97869176 0.9975504
 0.9763565 ]
[0.9980039  0.9978194  0.9964489  0.99899524 0.9966217  0.9989157
 0.9968804  0.9988109  0.9965579  0.99741274 0.99723047 0.99756587
 0.9980757  0.99563724 0.9948672  0.99893636 0.99713993 0.99644285
 0.99710697 0.9979704  0.99647766 0.99841976 0.9963936  0.9952649
 0.99649364 0.99466443 0.99157226 0.9963086  0.9978302  0.99412704
 0.99836403 0.9973374  0.9950578  0.99795234 0.99582577 0.99878293
 0.99525464 0.9987845  0.99887675 0.9985079  0.9966589  0.99743867
 0.998212   0.9977168  0.9983413  0.9965101  0.9967182  0.9981292
 0.9974988  0.9978527  0.9976586  0.997718   0.9956927  0.99811554
 0.99738544 0.99748623 0.99312216 0.7203676  0.9546242  0.96682835
 0.99228585 0.97961694 0.8282744  0.9297662  0.8688951 ]
[0.99685293 0.9988691  0.9982779  0.9984831  0.9992803  0.9973272
 0.99739647 0.99600106 0.99643886 0.9948257  0.99647385 0.99771726
 0.99719703 0.9955421  0.99430424 0.9974406  0.99576914 0.9967109
 0.9972709  0.997988   0.99415284 0.9981692  0.9971668  0.9973304
 0.99585646 0.99407816 0.998287   0.9983523  0.998519   0.9966793
 0.998319   0.99836856 0.9979838  0.9981481  0.9977597  0.99792933
 0.9967405  0.99692446 0.9985972  0.9978903  0.9982287  0.997905
 0.99876213 0.9972023  0.9992047  0.9977865  0.99855024 0.99902046
 0.99744886 0.9972562  0.9979025  0.99738735 0.9956845  0.99867165
 0.9984149  0.9978777  0.99778277 0.92082113 0.92375416 0.99139374
 0.732924   0.9584192  0.96201473 0.9470497  0.81173795 0.85464334
 0.9406802  0.9848312  0.81911224]
[0.9967206  0.9978715  0.9963889  0.99850464 0.99654937 0.9983132
 0.99502325 0.99815744 0.99629164 0.99656016 0.99705803 0.9971644
 0.99774253 0.9961571  0.9953265  0.99877137 0.9832617  0.99646145
 0.9980915  0.9959124  0.99498945 0.998831   0.99702746 0.9966247
 0.9936708  0.99782217 0.9965544  0.99748033 0.9982198  0.99827087
 0.9984112  0.99813145 0.9968784  0.99864656 0.99839157 0.99897087
 0.9961051  0.9978569  0.99801    0.99905974 0.99761283 0.99526453
 0.99768186 0.99729675 0.9989635  0.99338657 0.9984945  0.9976355
 0.9980428  0.9983606  0.9975667  0.9979791  0.9974146  0.99728537
 0.9987618  0.99420446 0.9959733  0.58375233 0.92723155 0.96151316
 0.95458853 0.99134654 0.98487747 0.9009512  0.8393661  0.83902264]
[0.9973781  0.99736553 0.9952775  0.9973901  0.9976252  0.9971142
 0.9927827  0.9946902  0.9950118  0.99514836 0.99727935 0.99831295
 0.996236   0.99686927 0.9932554  0.9968669  0.9934929  0.99587363
 0.9957172  0.9950701  0.99570566 0.99627054 0.9912042  0.99133646
 0.99580646 0.989974   0.9951627  0.9972874  0.9951284  0.9965006
 0.99584657 0.99774987 0.9963748  0.9979518  0.9976259  0.9987643
 0.99633586 0.9946292  0.99534225 0.9982886  0.9977157  0.99617153
 0.994642   0.9957105  0.9983516  0.99598193 0.99722123 0.9969772
 0.9953076  0.9974485  0.99737966 0.98771197 0.99757844 0.99874544
 0.99621385 0.9911669  0.99700695]
[0.9979937  0.99868876 0.99572915 0.9991885  0.9928797  0.9988133
 0.9883713  0.9980743  0.99466395 0.996336   0.99661666 0.9977798
 0.9976434  0.9967518  0.9910842  0.9971124  0.98966306 0.99719477
 0.99824595 0.9983785  0.9978429  0.99808395 0.99875057 0.998914
 0.9944939  0.9935421  0.9977297  0.99723685 0.99817324 0.99838364
 0.99839276 0.9974457  0.99710363 0.9984006  0.99762076 0.998106
 0.99488705 0.9986021  0.998828   0.9980482  0.99595416 0.99695325
 0.9981293  0.99731135 0.9982305  0.99744797 0.9976452  0.99797887
 0.9965519  0.9983576  0.99875665 0.9916232  0.99602914 0.99880147
 0.99866605 0.99572587 0.9958664  0.51132137 0.88204104 0.98677945
 0.96093994 0.93084484 0.994097   0.68191636 0.6717922  0.97713757
 0.9102206  0.8492563 ]
[0.9980835  0.9985049  0.99571157 0.99830925 0.99558026 0.9974214
 0.9952146  0.9977775  0.99706215 0.9961683  0.9968374  0.9981723
 0.99742377 0.99564457 0.99301416 0.99849963 0.99542326 0.997493
 0.9965353  0.99802953 0.99460274 0.99807113 0.9972422  0.9934203
 0.9970095  0.99304926 0.99491864 0.9983741  0.99635255 0.9972819
 0.9983224  0.9980939  0.9969779  0.99801105 0.9982351  0.99691856
 0.9982004  0.9975479  0.99844825 0.9985275  0.99732745 0.99693406
 0.99760604 0.99871445 0.9976404  0.99691135 0.9981433  0.9965438
 0.99811363 0.9964965  0.9985776  0.9935927  0.9982445  0.99797136
 0.9965442  0.9962446  0.9677995  0.93399113 0.9964329  0.9913624
 0.98084384 0.9263377  0.50488776 0.8387962  0.87432396 0.9852342 ]
[0.9979918  0.99871075 0.9972554  0.99879265 0.99855703 0.99877316
 0.9915834  0.9976017  0.9976972  0.99677306 0.9979705  0.99745494
 0.99777824 0.99732    0.9965025  0.9982345  0.99852705 0.9972421
 0.9984634  0.9965857  0.9944523  0.9987394  0.99703443 0.999567
 0.99591833 0.993091   0.99728656 0.9978904  0.9983948  0.9987294
 0.99730945 0.9983241  0.99679524 0.99891675 0.99840945 0.9984848
 0.9976847  0.99745125 0.997364   0.9983443  0.99839836 0.99601907
 0.9984742  0.99683255 0.9992717  0.9952219  0.9976635  0.99793077
 0.99681985 0.9978277  0.9982999  0.9964977  0.99492973 0.99907243
 0.9990094  0.9970584  0.99473166 0.9815763  0.99116474 0.9340902
 0.9599795  0.8775061  0.9902912  0.98865885 0.9953602  0.99863416
 0.8922364 ]
[0.99382234 0.99727756 0.991245   0.9919887  0.99081707 0.990221
 0.97988975 0.9913685  0.99503374 0.99496245 0.9889742  0.9939367
 0.99388534 0.99097705 0.9883972  0.9911794  0.9945251  0.9973507
 0.98144126 0.97142404 0.99689204 0.9924576  0.9932573  0.9827675
 0.9964007  0.9924304  0.9825252  0.99175334 0.9945109  0.98720014
 0.9950262  0.9912184  0.9902451  0.9908921  0.9938319  0.9968809
 0.98924303 0.9867914  0.98413956 0.996283   0.9927287  0.9876666
 0.97727305 0.98071665 0.9961927  0.9886264  0.9878878  0.9938501
 0.99337363 0.9937203  0.99822134 0.98433316 0.9880576  0.99424696
 0.9962553  0.9891967  0.97844213 0.9051422  0.99137795 0.5007418
 0.5944476  0.6768643  0.58809257 0.8820476  0.9478126  0.86741084
 0.9314279  0.6934562  0.62768453 0.96701753 0.7278479  0.8140365
 0.6204149  0.81655043]
[0.9980901  0.99846727 0.9972594  0.9992545  0.9966114  0.9980234
 0.9969939  0.9965429  0.9937894  0.9960653  0.9967219  0.99859995
 0.99670285 0.9961681  0.99344516 0.99760324 0.9971584  0.99745065
 0.99786985 0.99799514 0.98949474 0.99856657 0.9972606  0.99562234
 0.9961713  0.9899804  0.99370486 0.99821824 0.99655247 0.996929
 0.9979978  0.9981894  0.99592066 0.99900705 0.997755   0.99892825
 0.9972247  0.9985422  0.99751735 0.9978915  0.99750346 0.99656314
 0.997311   0.997248   0.9983669  0.99529207 0.99697137 0.9983537
 0.9979327  0.99704033 0.998623   0.9924038  0.996145   0.99811804
 0.9989309  0.9973997  0.99771094 0.89081717 0.92786753 0.9485512
 0.9091895  0.8965974  0.95089465 0.98744243 0.56131274]
[0.9970356  0.9980519  0.9961583  0.99877244 0.9951826  0.99917835
 0.9970599  0.99828196 0.99654394 0.99575245 0.996543   0.99790525
 0.9980709  0.9959269  0.9925706  0.9983797  0.99726933 0.9958555
 0.99802387 0.99836785 0.9974058  0.9988387  0.99611795 0.997717
 0.99640626 0.99446565 0.99483746 0.9976162  0.9980616  0.99654263
 0.99794906 0.99793744 0.9977227  0.9979917  0.9981857  0.9982516
 0.9946036  0.9984773  0.9985942  0.99886984 0.9988457  0.9957616
 0.99689686 0.99726677 0.9988881  0.9979448  0.9970578  0.9988783
 0.9973767  0.9971909  0.9983772  0.99661714 0.9965127  0.99835205
 0.9985843  0.9989561  0.99643123 0.8400837  0.9290919  0.87007254
 0.9188808  0.9942463  0.84043634 0.95240843 0.5484161  0.92177075]
[0.99775285 0.99820423 0.9975483  0.99750644 0.9903819  0.9969471
 0.9929327  0.9966298  0.99620724 0.9964342  0.997561   0.998387
 0.99828476 0.99739635 0.9919666  0.9905032  0.98626304 0.9977704
 0.98928225 0.9988475  0.9967513  0.9984748  0.99752754 0.9974089
 0.9973455  0.9929254  0.9894852  0.9969997  0.9962483  0.9952918
 0.99869436 0.99741566 0.99437755 0.9966029  0.9945127  0.99879444
 0.99636286 0.9969561  0.9991825  0.99882704 0.993294   0.99517655
 0.9942173  0.99748045 0.99904627 0.9953734  0.99747473 0.9974833
 0.99604404 0.99821246 0.9989716  0.9974598  0.99709344 0.9946445
 0.9983588  0.9971493  0.9919486  0.9499079  0.5220326  0.9192691
 0.87178826 0.93849564 0.9951291  0.9203211  0.5455369  0.51323074
 0.7436026  0.6657953  0.78676546 0.9833165  0.71598846]
[0.9980198  0.9988167  0.99745387 0.9983911  0.9974033  0.99756753
 0.9957034  0.99663275 0.9967589  0.99571085 0.9968646  0.9976628
 0.99736243 0.99573934 0.99601233 0.99888784 0.99768066 0.99753004
 0.99668473 0.99780697 0.9949468  0.9988223  0.9969098  0.99427444
 0.99823016 0.9936069  0.99532807 0.9977921  0.99592906 0.99484175
 0.9980628  0.9984074  0.99589443 0.9990331  0.9952148  0.99827623
 0.99596643 0.9984823  0.99811804 0.9973502  0.9973239  0.99717987
 0.9978815  0.99520504 0.99901414 0.9967344  0.9963142  0.9987047
 0.99936694 0.9981591  0.99825805 0.9966366  0.9931131  0.9981311
 0.99808276 0.9987986  0.9981592  0.88081473 0.85994226 0.9871279
 0.99463516 0.9871186  0.8986746  0.9435769 ]
[0.9971644  0.99816316 0.9967584  0.9985104  0.99575543 0.99752384
 0.99569964 0.9988141  0.99617934 0.9945539  0.99712104 0.9991167
 0.99820435 0.9973968  0.995469   0.99659556 0.98519367 0.9970252
 0.99589324 0.9986834  0.9954738  0.9988715  0.99742967 0.99720985
 0.9963542  0.98899347 0.99409616 0.9974026  0.9983353  0.9983096
 0.9983652  0.9981925  0.9961128  0.99820614 0.99813014 0.99842155
 0.99636805 0.9978192  0.99846715 0.99817955 0.9972108  0.99784017
 0.9961009  0.9977963  0.99897194 0.9964252  0.99803954 0.9988524
 0.9967957  0.99399096 0.9977538  0.996061   0.99420965 0.99889046
 0.99831057 0.9976587  0.9883945  0.93824184 0.9862687  0.9976078
 0.95484835 0.9897189  0.9454486  0.89548033 0.6533756 ]
[0.9967752  0.9983205  0.9965125  0.9986029  0.9965563  0.9990325
 0.99703586 0.9989506  0.99720335 0.99577016 0.9972378  0.9978352
 0.9970311  0.99586606 0.991707   0.9981981  0.9975924  0.99746954
 0.99748826 0.9969885  0.9953513  0.99938655 0.99772435 0.9981596
 0.9980338  0.9981401  0.9937093  0.9969228  0.99719584 0.9965874
 0.9976508  0.99847656 0.9977786  0.99866295 0.9982993  0.99889827
 0.9948338  0.9976889  0.99880314 0.9984585  0.9982017  0.9981223
 0.9978231  0.99549687 0.99929655 0.99917173 0.9969875  0.9984725
 0.99664104 0.99795    0.9984382  0.99706775 0.99671954 0.99830866
 0.99894994 0.9975471  0.9965971  0.8998172  0.7087844  0.96885765
 0.58598506 0.98206455 0.95538455 0.95173657 0.97741675 0.60495704
 0.918944   0.5100563 ]
[0.9978624  0.9980452  0.9964198  0.99910575 0.9949988  0.9987643
 0.9812104  0.99762493 0.9971916  0.99565166 0.9972187  0.99741435
 0.99791604 0.996849   0.99584407 0.9974584  0.99892896 0.99645656
 0.9986927  0.9978461  0.9962638  0.9989215  0.9983968  0.9939221
 0.9956481  0.9942924  0.99812144 0.99761766 0.9980756  0.9973168
 0.9969022  0.9977723  0.99747497 0.99876034 0.99754936 0.9983735
 0.99588746 0.9978364  0.9983866  0.99827385 0.99756783 0.99674904
 0.99691963 0.99749196 0.99864084 0.9978168  0.9985671  0.9990957
 0.99519426 0.9983859  0.9982135  0.99804187 0.99512476 0.998938
 0.9992053  0.99578446 0.9969649  0.7495962  0.9920758  0.995908
 0.91956437 0.9950257  0.9007114  0.9634676  0.9049685  0.99841714]
[0.997053   0.9982503  0.9978124  0.99893445 0.9955486  0.9984162
 0.9957377  0.99708587 0.99513704 0.99621177 0.9975157  0.99843997
 0.9975122  0.9971855  0.9952532  0.996385   0.99659497 0.9977283
 0.99707484 0.99623245 0.9911555  0.9988469  0.998064   0.9938706
 0.99721485 0.97439814 0.99420315 0.99579227 0.9982085  0.99698955
 0.9976482  0.99783605 0.9980141  0.99886394 0.9968027  0.9980737
 0.9973387  0.99849546 0.9990569  0.9968893  0.9987878  0.99788755
 0.9962419  0.99478674 0.99911207 0.9956735  0.998396   0.99753726
 0.998566   0.99804676 0.99832827 0.98035896 0.99511504 0.9975138
 0.99814    0.99935776 0.99578875 0.9853784  0.9216396  0.99093527
 0.5165243  0.99383    0.60137796 0.85595524]
[0.9968886  0.9980324  0.9974275  0.99868757 0.995047   0.99877256
 0.9967495  0.99899524 0.9956589  0.99743086 0.99711263 0.99694175
 0.997855   0.9971142  0.9958306  0.99809223 0.9916713  0.997689
 0.9971175  0.99823076 0.9956043  0.99765944 0.9975783  0.9942145
 0.99780685 0.9946233  0.99761236 0.99774975 0.9982566  0.9984977
 0.9981647  0.9977483  0.996956   0.9981761  0.99788326 0.99788254
 0.99704486 0.99764234 0.9975793  0.99815065 0.9984108  0.9968779
 0.99648917 0.99850696 0.9984061  0.9952272  0.9978389  0.99806947
 0.9978357  0.9982401  0.99827147 0.9964881  0.9952742  0.9986547
 0.99892825 0.99780947 0.9947796  0.9744041  0.9252987  0.9635154
 0.9915792  0.9765178  0.6375704  0.8751589  0.9348037  0.9808961
 0.7771927 ]
[0.9976609  0.9989085  0.9977785  0.9990891  0.9970612  0.99589527
 0.9948394  0.9973679  0.9971449  0.9951255  0.9981692  0.99706584
 0.9978313  0.9964413  0.99461305 0.99719054 0.99543446 0.9977223
 0.9992016  0.9971933  0.9952533  0.9989581  0.9977673  0.9954027
 0.9978683  0.9861617  0.99129033 0.9964439  0.9984884  0.9967997
 0.99866545 0.998544   0.9941491  0.99870217 0.99831736 0.99904984
 0.9974726  0.99774784 0.9978532  0.9979594  0.99018925 0.99810314
 0.99723274 0.9967591  0.99868995 0.9995536  0.99795556 0.9988732
 0.9977623  0.9964227  0.9984647  0.99797887 0.994531   0.99837387
 0.99895465 0.9948489  0.99423134 0.8913369  0.9148363  0.9552514
 0.99483395 0.6925981  0.82315606 0.8954758  0.99598724 0.7575902
 0.518423  ]
[0.99746907 0.9986714  0.99770963 0.9980515  0.9967265  0.9982607
 0.99775547 0.99790287 0.9966763  0.9973929  0.9976362  0.99822277
 0.99709165 0.99691784 0.9993709  0.9972946  0.99743134 0.99874747
 0.99752    0.9954815  0.9980861  0.99560475 0.99402064 0.99713635
 0.9974492  0.9960162  0.99507976 0.9978655  0.9946932  0.99799
 0.9982805  0.99796873 0.9986141  0.9984378  0.9991303  0.99652255
 0.9971251  0.998072   0.99893004 0.99796104 0.99780303 0.9987306
 0.9949897  0.9993799  0.99587715 0.9984566  0.9991598  0.997174
 0.99841726 0.9979164  0.994729   0.9957419  0.9951025  0.99819154
 0.9974963  0.9955426  0.9090717  0.88688713 0.9927826  0.9736546
 0.90954095 0.8966028  0.5140894 ]
[0.99799407 0.9974815  0.9963959  0.9987078  0.99319154 0.9968002
 0.99550796 0.9984157  0.9960699  0.9949995  0.99646795 0.99805945
 0.9980913  0.99739033 0.9914711  0.99814785 0.99835736 0.99674726
 0.9984669  0.9981256  0.9966138  0.99856585 0.9987575  0.9964457
 0.9967924  0.9963379  0.9936094  0.9982439  0.9985247  0.99737644
 0.9985892  0.9979631  0.9969995  0.9989053  0.9987942  0.9989557
 0.99741346 0.99724954 0.9986639  0.9983365  0.9983815  0.9984869
 0.9981153  0.9984108  0.99890935 0.997366   0.99693716 0.9980539
 0.99759954 0.9977329  0.99907804 0.9940995  0.99651754 0.99762386
 0.9973648  0.9973103  0.99693537 0.9476563  0.99400383 0.97761756
 0.5653839  0.99797076 0.81406426 0.922316   0.9215749  0.9614319 ]
[0.99760723 0.99836105 0.9972537  0.99855584 0.9946103  0.99781173
 0.99729854 0.9965946  0.99668545 0.9981623  0.9977871  0.99841464
 0.99729013 0.9970456  0.9951971  0.9956891  0.99307245 0.99645114
 0.9963283  0.9974746  0.9948895  0.99908006 0.9956975  0.9958405
 0.9980793  0.9910278  0.9989962  0.9979248  0.99890006 0.99835277
 0.9972458  0.9984126  0.9972939  0.998828   0.9961279  0.9982463
 0.99693155 0.9983188  0.99672335 0.9974227  0.9983303  0.9968767
 0.99801517 0.9968353  0.99925965 0.9967091  0.997498   0.99796355
 0.99606735 0.99778867 0.99767655 0.9930636  0.9967159  0.997866
 0.99835855 0.9965514  0.997595   0.98442864 0.9183882  0.9411658
 0.9960265  0.7963423  0.90351224 0.9495689  0.9673478  0.9613407 ]
[0.9954516  0.9984321  0.9970234  0.9982254  0.9992316  0.99783933
 0.9902913  0.99793917 0.99616736 0.99415225 0.9961702  0.99638736
 0.99775034 0.9967123  0.99739265 0.99788874 0.99891424 0.99672335
 0.99669975 0.99670535 0.99565095 0.9969247  0.9964819  0.9937482
 0.9979255  0.9919704  0.99110925 0.99435186 0.99747133 0.9980609
 0.9950936  0.9985306  0.99650216 0.99781066 0.9950406  0.9990983
 0.9956409  0.9978617  0.9978562  0.99812466 0.9984487  0.9979366
 0.99638075 0.9947944  0.9987827  0.99384767 0.9976647  0.9972203
 0.9985526  0.99767584 0.9975541  0.99468476 0.99761707 0.9980475
 0.99709105 0.99863535 0.9965412  0.7233767  0.8101279  0.8821233
 0.6117739  0.59645104 0.82205915 0.82461125 0.91336    0.98062193
 0.9483141  0.53745854]
[0.9977762  0.9985551  0.99710506 0.99903774 0.99493474 0.9983375
 0.9936434  0.9979278  0.9956345  0.9951191  0.9973916  0.9970483
 0.9975055  0.99603647 0.99314237 0.9978504  0.9855343  0.99793637
 0.99845135 0.9972562  0.9966252  0.997993   0.9966016  0.9962172
 0.9968413  0.9941598  0.9968855  0.9973596  0.99875987 0.9949469
 0.997682   0.9981384  0.9983033  0.9988128  0.99748224 0.9979977
 0.9952799  0.99843615 0.9980094  0.99854493 0.9987626  0.9978009
 0.99793005 0.99715734 0.99834716 0.99882907 0.9980166  0.9982292
 0.992823   0.99754864 0.9984882  0.99875367 0.9945815  0.99892515
 0.9977266  0.99742186 0.99718493 0.9471756  0.93628645 0.9841595
 0.9853886  0.94564    0.92854065 0.72001076 0.9111618 ]
[0.99802196 0.997982   0.9972627  0.998519   0.9964126  0.9976497
 0.99720925 0.99678075 0.9976465  0.9962674  0.9964194  0.9988971
 0.99802774 0.99609214 0.9951917  0.9987118  0.99702126 0.9969613
 0.9961979  0.9986319  0.9951102  0.9988859  0.99757993 0.99564457
 0.9893763  0.99033386 0.9981963  0.99737144 0.9982835  0.9976623
 0.99836224 0.99797577 0.9979492  0.99839884 0.99766386 0.99835986
 0.993979   0.9979122  0.9975781  0.99809414 0.9986701  0.99705964
 0.9947555  0.9981054  0.9989311  0.99729234 0.99876475 0.99825746
 0.9987552  0.9984107  0.99816245 0.98675764 0.99599624 0.9971705
 0.9979855  0.9974674  0.9954217  0.97682244 0.92325497 0.9931717
 0.9597774  0.9944147  0.89856976 0.99328953 0.6634621 ]
[0.9969104  0.99794656 0.9969289  0.99854314 0.98413336 0.995761
 0.99668413 0.99817693 0.9971053  0.9955161  0.9974371  0.99797755
 0.9981041  0.9954963  0.99265724 0.99782974 0.99223197 0.9969097
 0.99605966 0.99694663 0.99910957 0.99801576 0.9962592  0.99774843
 0.99632555 0.99646324 0.99526656 0.99815947 0.9955928  0.9930442
 0.9982576  0.998453   0.9965928  0.9984255  0.9963217  0.9986966
 0.9932394  0.99654704 0.9975497  0.9981489  0.9985026  0.9974727
 0.99743444 0.9953909  0.99919325 0.995321   0.99717283 0.9983429
 0.9978237  0.9982845  0.99796945 0.99431854 0.9954919  0.9988984
 0.9983902  0.997242   0.9961338  0.94484556 0.9486498  0.81865966
 0.991844   0.9787973  0.7446859  0.8240205  0.8783978  0.66613907]
[0.99757975 0.9988544  0.9971163  0.9991448  0.997168   0.99810386
 0.9967458  0.9979025  0.9970264  0.9966922  0.99743974 0.9985189
 0.99720204 0.9961474  0.9960472  0.9958943  0.99299264 0.9970963
 0.9956642  0.9971641  0.99755484 0.99875903 0.9961786  0.9952857
 0.9944882  0.99658656 0.9986432  0.99651635 0.99881613 0.99664307
 0.9985079  0.99786097 0.99806803 0.9981066  0.9974273  0.99783105
 0.9966826  0.9983069  0.9973802  0.998041   0.9987399  0.9991221
 0.99721295 0.9983437  0.9988066  0.9971257  0.9982736  0.9980819
 0.99887365 0.9976845  0.9970847  0.9935812  0.9916311  0.9984517
 0.9981223  0.9977198  0.9963722  0.9728229  0.87464106 0.93838453
 0.9849866  0.9659417  0.9672076  0.95303744 0.9324594  0.8940604 ]
[0.9977192  0.9989643  0.99762875 0.9986761  0.99490416 0.9987078
 0.9959752  0.9986625  0.99521154 0.9972377  0.9974081  0.9987268
 0.99717987 0.9961882  0.9963355  0.99887925 0.99746597 0.9980375
 0.999258   0.9988398  0.9950099  0.9986085  0.996942   0.9981054
 0.9977981  0.9964096  0.99474573 0.9975817  0.99877304 0.9973773
 0.9974481  0.99840987 0.9975643  0.9984854  0.99552286 0.9983101
 0.99759454 0.99828243 0.99704295 0.99851567 0.9989693  0.996372
 0.9981401  0.99669814 0.9986084  0.9944037  0.9975043  0.9991866
 0.99801636 0.9976464  0.99841666 0.9913892  0.99694973 0.9981523
 0.99808717 0.99748236 0.9952673  0.9889953  0.95131314 0.8927306
 0.9915378  0.98349607 0.9408045 ]
[0.99735    0.998085   0.9971123  0.99891996 0.9962358  0.99776936
 0.9890261  0.99588543 0.9954111  0.9965695  0.9975973  0.9982638
 0.9974892  0.9964509  0.99199533 0.9984382  0.9892049  0.99749607
 0.9964378  0.9975873  0.99732155 0.99858487 0.99518245 0.9966943
 0.99666226 0.99495995 0.9955123  0.99731964 0.9971635  0.99855167
 0.9973103  0.99810684 0.99644154 0.99873525 0.9978148  0.9987425
 0.99733835 0.9986584  0.9970505  0.99723357 0.99894637 0.9959495
 0.9979236  0.99732924 0.99891305 0.9986106  0.99822277 0.99878067
 0.99704844 0.99618345 0.9988657  0.9989976  0.99635905 0.9973073
 0.9984236  0.99738246 0.99568826 0.9931694  0.9908708  0.8794466
 0.99559706 0.96015626 0.9387231  0.75942206 0.99042046 0.8741836
 0.9427492  0.9228018 ]
[0.9972498  0.99795073 0.9971814  0.9990029  0.997227   0.9985056
 0.9927583  0.9957783  0.9976755  0.99699163 0.9971143  0.9977186
 0.99834645 0.995736   0.9941345  0.99621767 0.9987203  0.9976967
 0.99423605 0.9968907  0.9957833  0.99659544 0.99639195 0.99887127
 0.9929368  0.9950783  0.99478275 0.99840516 0.9977431  0.99694186
 0.99854904 0.99846363 0.99704105 0.99858594 0.998417   0.9983247
 0.99663013 0.99676514 0.9987331  0.996123   0.99841726 0.9973948
 0.9970853  0.9937915  0.99924797 0.99568176 0.9979449  0.9984034
 0.9984505  0.9983632  0.99751127 0.9973117  0.99325776 0.998293
 0.99862254 0.9975414  0.9952468  0.97273624 0.96342975 0.9749179
 0.9399117  0.8839671  0.6337503  0.8371605  0.9272879  0.9608207
 0.93359303 0.94006395 0.9680473  0.50962764]
[0.99698013 0.99885106 0.99701405 0.9982645  0.9967499  0.9988543
 0.99198675 0.9990231  0.99530375 0.9985359  0.99641883 0.99878806
 0.9974847  0.9973876  0.9949168  0.9990212  0.99880767 0.99795496
 0.997412   0.99878997 0.99295205 0.99939656 0.9974946  0.9957344
 0.9980799  0.9938466  0.9938019  0.9976151  0.99747354 0.99681723
 0.9983443  0.99876    0.9984107  0.99828964 0.99836594 0.9989048
 0.9966233  0.9987463  0.99822634 0.9979328  0.9985361  0.99816567
 0.9970305  0.99833125 0.99827087 0.9968443  0.9971161  0.99818987
 0.99829096 0.9976936  0.99892247 0.9985947  0.9919614  0.9991216
 0.9980452  0.9956061  0.9961947  0.9343331  0.9898258  0.9983766
 0.9037595  0.9242212  0.69897383 0.54191643 0.5356143  0.98022264]
[0.9970099  0.99836916 0.9967474  0.9987668  0.99720037 0.9983228
 0.99704    0.9988193  0.9968196  0.9966037  0.9979285  0.9985721
 0.99772125 0.9972754  0.9935209  0.9976978  0.99644405 0.9961669
 0.9973105  0.99830186 0.99143654 0.99900216 0.9977265  0.99781203
 0.99774253 0.9954893  0.9972754  0.9982116  0.99797887 0.99775225
 0.9984699  0.997781   0.99840707 0.9989298  0.9983432  0.9983334
 0.99752754 0.99819833 0.998128   0.996372   0.99887544 0.9983658
 0.9976162  0.99804723 0.999522   0.99615806 0.9986291  0.9983997
 0.9956863  0.9977278  0.99883276 0.9963193  0.99474263 0.9982596
 0.9983286  0.99675155 0.9957983  0.9572638  0.83444095 0.91539097
 0.9343734  0.9517001  0.9938864  0.53647876 0.7399513  0.88152796
 0.9906889  0.9955368  0.9972397  0.9625173  0.7957133 ]
[0.9973937  0.9985196  0.9970505  0.99738866 0.9957891  0.99834096
 0.9958197  0.99870324 0.99737465 0.99690765 0.99754035 0.9980433
 0.99830097 0.9970722  0.9938943  0.99693906 0.98803174 0.99808145
 0.9964127  0.99689305 0.9941719  0.99826956 0.9963186  0.99741995
 0.9967842  0.9947167  0.99547416 0.99575967 0.99840003 0.9968317
 0.99821657 0.9984024  0.9978556  0.9985214  0.9980197  0.9986356
 0.9969927  0.99852765 0.9983758  0.9991086  0.9971528  0.99605894
 0.99834013 0.99773884 0.9992073  0.9968646  0.99800736 0.99898523
 0.9965609  0.99749005 0.99735993 0.99805945 0.9964384  0.9986084
 0.99869734 0.99723464 0.99555594 0.75686276 0.8531501  0.98148614
 0.56185174 0.95094484 0.9946262  0.9408369  0.9643649  0.97944736
 0.86966753 0.88821    0.7588089 ]
[0.9974099  0.99849904 0.99646676 0.9979601  0.9970402  0.99821645
 0.9981402  0.99821705 0.9958813  0.99515295 0.9962153  0.99670166
 0.9982864  0.99700075 0.9927597  0.9964887  0.9988293  0.9976209
 0.9953063  0.99692756 0.99626476 0.9977794  0.99674135 0.9957177
 0.9961159  0.9942924  0.9930207  0.9980836  0.9962011  0.99780196
 0.99862087 0.99844056 0.9967451  0.99877757 0.9973086  0.9981046
 0.996897   0.9968694  0.99818474 0.99803096 0.9988494  0.9975777
 0.99644804 0.99707174 0.99908805 0.9947589  0.99852425 0.9982576
 0.9983392  0.9974673  0.9982674  0.9982503  0.9942305  0.99867505
 0.99758637 0.9970323  0.99412715 0.97720546 0.96148956 0.9713031
 0.99359596 0.7790409  0.95729524 0.89771473 0.6544841 ]
[0.9981559  0.9989213  0.9966965  0.99874544 0.9966311  0.99826163
 0.99643433 0.9988263  0.9948689  0.99626714 0.99826294 0.9983333
 0.9979736  0.9960516  0.9953732  0.99699116 0.99099606 0.997241
 0.99725693 0.9980509  0.9971137  0.99803644 0.99777836 0.99342704
 0.9967706  0.995381   0.9952586  0.9980205  0.99781287 0.9963981
 0.9983188  0.997718   0.99727505 0.99806315 0.99866784 0.9984958
 0.99550396 0.99649787 0.9975259  0.9978521  0.99882    0.9958056
 0.99858713 0.9979615  0.9988494  0.9956493  0.9981065  0.99839574
 0.99621755 0.99828327 0.99885976 0.99774015 0.99694437 0.9987357
 0.9984669  0.99799395 0.9950068  0.98343694 0.96441686 0.9571237
 0.9486627  0.9909072  0.9101215  0.9267826  0.98195064 0.8813773 ]
[0.99661165 0.99859685 0.9968913  0.9988607  0.99594396 0.9982742
 0.9961593  0.997006   0.99490285 0.99690264 0.99735546 0.998014
 0.9980769  0.99609816 0.9957457  0.99754363 0.9944693  0.9980787
 0.9986218  0.9974138  0.99348724 0.99887234 0.9973023  0.99633896
 0.99726534 0.9927648  0.99592245 0.99743456 0.99750656 0.99473274
 0.9985007  0.9989219  0.99887174 0.99860495 0.9977198  0.99828905
 0.9961398  0.99771714 0.99707794 0.9985763  0.9989467  0.99887174
 0.9971644  0.99830866 0.9993199  0.99692756 0.9977927  0.9980585
 0.99868554 0.99719065 0.9985991  0.99615794 0.99423945 0.99860686
 0.998135   0.99864537 0.9941467  0.9843907  0.8910122  0.9955568
 0.8281352  0.56670225 0.85730493 0.9204209  0.63296396]
[0.99699557 0.99753916 0.99627304 0.9986431  0.9946185  0.9982862
 0.99720925 0.9981818  0.99654275 0.99562645 0.9971558  0.9977926
 0.9970822  0.99656844 0.9937837  0.99845254 0.9925816  0.9976562
 0.99755126 0.9975612  0.99351656 0.9994252  0.99849606 0.99352914
 0.9976471  0.99669194 0.995654   0.9973743  0.9952219  0.9977215
 0.99751127 0.9978795  0.9978048  0.9987232  0.99382365 0.9988661
 0.99734455 0.9987936  0.9981704  0.9988018  0.99862707 0.9978563
 0.9984427  0.99762005 0.9995173  0.9964091  0.99811375 0.9989868
 0.9984913  0.9978648  0.997503   0.99864453 0.99800915 0.9973489
 0.9986243  0.99863094 0.99745446 0.95085585 0.95220876 0.9510189
 0.9935034  0.98306525 0.91138625 0.8443068  0.7768745 ]
[0.9978053  0.9988997  0.99575555 0.99897575 0.99799263 0.99856025
 0.9950636  0.99813074 0.99588215 0.99746346 0.9971511  0.9980317
 0.99734807 0.9964702  0.99127674 0.9984309  0.998252   0.9969206
 0.99661094 0.9973797  0.998566   0.9977441  0.99504894 0.9946307
 0.99762887 0.9881164  0.99423814 0.9970601  0.99820375 0.99776006
 0.9986979  0.99801207 0.9968874  0.99877805 0.99764365 0.9985753
 0.9974202  0.99795914 0.9977501  0.9980415  0.9978114  0.9970583
 0.99593157 0.9986493  0.99907076 0.99394715 0.9979672  0.9983473
 0.9968374  0.99804115 0.99889743 0.99666154 0.9952236  0.9985996
 0.99820554 0.9975056  0.99453545 0.76462865 0.952296   0.77045614
 0.99062306 0.5337035  0.97912097 0.6519556  0.92244714 0.69982046
 0.8315001 ]
[0.9980051  0.9985489  0.99641764 0.99861014 0.9949699  0.99801123
 0.9963664  0.9975816  0.99600863 0.997159   0.9965301  0.9981053
 0.99747306 0.99632937 0.99499077 0.99828184 0.99889934 0.9975095
 0.9981363  0.99638015 0.9955592  0.99784815 0.9980202  0.9973742
 0.9962923  0.9941638  0.9950708  0.99751425 0.997758   0.9958639
 0.99851424 0.99816895 0.9982839  0.99893636 0.9985384  0.9989599
 0.99709356 0.9965485  0.9979658  0.99868315 0.99884003 0.9979557
 0.9971558  0.9986223  0.9987992  0.990586   0.99660337 0.99839324
 0.99834037 0.99780864 0.9981817  0.99600005 0.9971818  0.99903
 0.9980205  0.9980149  0.99606436 0.97900957 0.73131436 0.9945779
 0.99115086 0.89453876 0.890928   0.767315  ]
[0.9971468  0.9982185  0.99735296 0.9990336  0.9976042  0.9984358
 0.99425393 0.999311   0.9955095  0.99647385 0.9969999  0.9978669
 0.99758255 0.99692374 0.9958467  0.99862206 0.99815995 0.99794406
 0.99742943 0.9962296  0.9962935  0.9970561  0.9962214  0.99518377
 0.99526066 0.9939016  0.99582565 0.99751353 0.997127   0.9956125
 0.9983798  0.99806875 0.99719644 0.9978508  0.9977155  0.99800426
 0.99783796 0.9977191  0.9976151  0.99698764 0.9979206  0.997141
 0.9975762  0.9986186  0.9989913  0.996684   0.9985794  0.99727815
 0.9971118  0.9975915  0.9980538  0.99685574 0.99435014 0.9978934
 0.99782616 0.9985781  0.99594504 0.95066327 0.9313987  0.9340389
 0.991808   0.97725236 0.97947353 0.9432151  0.98351187 0.93284273
 0.5070156 ]
[0.99794275 0.9982791  0.99629706 0.99858546 0.99945694 0.99799263
 0.99607074 0.9979831  0.99594706 0.99763954 0.99618983 0.9980842
 0.99754363 0.9968753  0.9969759  0.9977704  0.9944723  0.99743915
 0.9965013  0.9983839  0.9949073  0.99896157 0.99655056 0.9973404
 0.99743503 0.99232084 0.9945155  0.9979055  0.9974686  0.99483466
 0.9973827  0.99760276 0.9977284  0.998494   0.99827886 0.9979412
 0.9968623  0.99777585 0.9979565  0.9986766  0.99788445 0.9974119
 0.9964734  0.9969061  0.9987413  0.9972933  0.99712616 0.99833435
 0.9956261  0.99734193 0.99859077 0.99732083 0.99771726 0.9989285
 0.9974336  0.9946748  0.99546105 0.6096654  0.9913628  0.8902426
 0.919105   0.9759981  0.9780546  0.91023487 0.88680625 0.96210146
 0.8558567 ]
[0.9971922  0.99906486 0.9975963  0.9971541  0.99920136 0.9987411
 0.9972567  0.9974717  0.9976547  0.99676836 0.99867696 0.9976484
 0.9974279  0.99706644 0.99363446 0.99717987 0.99490094 0.99691355
 0.9964419  0.99840814 0.9938883  0.9993273  0.9989802  0.99796295
 0.99716586 0.9959798  0.9949067  0.99779797 0.99744993 0.99861133
 0.9983021  0.9973687  0.9985266  0.99890125 0.99659073 0.9991553
 0.99730384 0.99794203 0.99860805 0.9983955  0.99775946 0.9980122
 0.9978592  0.9975956  0.9987839  0.9953275  0.99711514 0.998409
 0.99743634 0.9976332  0.9984464  0.99835545 0.9972984  0.997338
 0.99828005 0.9982778  0.9959294  0.97488314 0.9976326  0.85271555
 0.88377106 0.8998561  0.9560197  0.99725217 0.96607065]
[0.99742496 0.99827707 0.99755067 0.99896824 0.98522365 0.99851185
 0.99708873 0.99879587 0.99802387 0.9952561  0.997131   0.99748105
 0.9979062  0.9954788  0.99258184 0.9988261  0.98401225 0.9974354
 0.99888986 0.9983016  0.9908789  0.99826485 0.99592125 0.998589
 0.9965306  0.9704258  0.99896467 0.9981968  0.99807847 0.9980586
 0.9971097  0.9974903  0.9969406  0.9975338  0.99560416 0.9972601
 0.99304044 0.99758816 0.99821776 0.9981352  0.99524516 0.99795794
 0.9975114  0.9968777  0.9989772  0.99454004 0.99789894 0.9985733
 0.9987808  0.99847573 0.99754167 0.99605656 0.99619764 0.998502
 0.99835676 0.9963953  0.9973761  0.83748806 0.54752886 0.76243055
 0.85946906 0.9942152  0.9729006  0.9241288  0.83905196 0.9586192 ]
[0.99701643 0.99876    0.9962358  0.9985454  0.996488   0.9978423
 0.9987412  0.999231   0.9959115  0.9932981  0.99686486 0.9972644
 0.9974878  0.98797894 0.99334514 0.9984016  0.9916487  0.9958698
 0.99823654 0.9976484  0.9920242  0.9980209  0.99717927 0.9950859
 0.996438   0.9934541  0.9932231  0.99508154 0.997903   0.99782735
 0.99792826 0.99767154 0.9940156  0.9988483  0.9971861  0.99796367
 0.9972217  0.9979857  0.9982622  0.9980958  0.9978181  0.99746215
 0.99809855 0.9953393  0.999092   0.99647516 0.9954034  0.9983997
 0.99766517 0.9975924  0.9986155  0.9945868  0.992722   0.9989071
 0.99787855 0.99827135 0.9947054  0.9605982  0.60315794 0.9330408
 0.930652   0.99199015 0.98052925 0.51697814 0.55416954 0.8557261
 0.99155504 0.8031333 ]
[0.99785644 0.99854565 0.9967765  0.9988067  0.99369365 0.9984023
 0.99427915 0.9979386  0.996644   0.9971367  0.9977696  0.9985638
 0.99802834 0.99626476 0.99184    0.99821043 0.9986045  0.9978967
 0.99764913 0.9980969  0.9987649  0.9988158  0.99725705 0.9979018
 0.9979225  0.9922311  0.9929045  0.99831426 0.9971308  0.99749076
 0.9977191  0.99868757 0.9973151  0.99911994 0.99805707 0.99810696
 0.99623245 0.99781287 0.9987703  0.99769163 0.9985935  0.997419
 0.996236   0.9979202  0.9986123  0.99593276 0.9975827  0.99851257
 0.9970945  0.997979   0.99781656 0.9973169  0.9974947  0.9982432
 0.99822134 0.9982558  0.99653566 0.81280434 0.95889014 0.9304688
 0.99390393 0.7188178  0.98598    0.89093536 0.8115775 ]
[0.99714005 0.99806994 0.9973935  0.9978259  0.9935229  0.997658
 0.99745804 0.998855   0.99682957 0.9962612  0.9968645  0.99792236
 0.9967339  0.9965939  0.9941888  0.9985606  0.99768555 0.99658895
 0.99780685 0.99597377 0.9933745  0.9989957  0.9968502  0.99541914
 0.9962658  0.99061006 0.99802184 0.9967706  0.9982331  0.99748516
 0.99841213 0.99758863 0.9962346  0.9988803  0.9984889  0.9985858
 0.9971137  0.99596965 0.9984232  0.9987431  0.9969562  0.9972818
 0.99676204 0.9978764  0.99902    0.99540883 0.9960556  0.9985215
 0.99533725 0.9984487  0.9970631  0.99723095 0.9940229  0.9982998
 0.9981184  0.9957681  0.99515057 0.94802994 0.96643585 0.96057254
 0.9922138  0.97980773 0.86329377 0.8000817  0.8872985  0.5690734 ]
[0.99643075 0.99750286 0.99692947 0.996852   0.99706453 0.9979457
 0.99435365 0.9955954  0.99654883 0.9969434  0.9970114  0.9980824
 0.9972046  0.9964981  0.99375325 0.9975198  0.99573046 0.99507457
 0.99609345 0.9960252  0.99599314 0.9947408  0.9885233  0.991366
 0.99604046 0.9924591  0.99604094 0.9983236  0.99593204 0.99623567
 0.9982498  0.99795216 0.9971276  0.99848324 0.9976273  0.9987649
 0.9960278  0.9956468  0.99620277 0.99853325 0.9976591  0.9943059
 0.99576664 0.99694973 0.99794084 0.9950369  0.998135   0.9967334
 0.9971084  0.9971234  0.99762326 0.9939036  0.997721   0.9986364
 0.9951939  0.9905042  0.99702746]
[0.9966174  0.99827874 0.9971825  0.99849427 0.99713385 0.9986507
 0.99411446 0.9965983  0.99532014 0.996031   0.9964311  0.99818414
 0.9981516  0.99726343 0.99515057 0.99737096 0.9980652  0.9974625
 0.9980787  0.9976174  0.9947982  0.997693   0.9968522  0.99536824
 0.9967301  0.99489945 0.9986526  0.9960294  0.9975116  0.99842584
 0.9986994  0.9975284  0.99795794 0.9985386  0.99816823 0.99883276
 0.99830973 0.99838054 0.9987675  0.99822897 0.994356   0.99737453
 0.9965513  0.99748385 0.9987392  0.99293053 0.9981767  0.99820685
 0.9963321  0.99817026 0.9982817  0.9969117  0.9963181  0.9974228
 0.9984907  0.99884605 0.9964734  0.97753656 0.9881819  0.9589268
 0.89202845 0.9920135  0.97116536 0.9690179  0.9598936  0.90674686
 0.9240088  0.9694979  0.65261686]
[0.99720144 0.99780446 0.9959413  0.99787164 0.9954863  0.9975516
 0.9946004  0.99939346 0.9942678  0.99549794 0.9971425  0.9985018
 0.9984164  0.9973055  0.9948087  0.9943105  0.99854857 0.99639374
 0.9974253  0.99665064 0.9957782  0.99875426 0.99797934 0.9949927
 0.99691594 0.9956964  0.99463296 0.9968798  0.99720144 0.994399
 0.9977204  0.9983546  0.99722916 0.9983487  0.99833256 0.9989141
 0.99680007 0.9984157  0.99853194 0.998154   0.99719775 0.99787974
 0.99771655 0.9974068  0.9985434  0.9962728  0.99757594 0.99646324
 0.9983392  0.9978809  0.9977714  0.9955947  0.99750334 0.9984642
 0.99869686 0.99820614 0.99580884 0.98298454 0.93252635 0.9904473
 0.9949568  0.92917275 0.97178936 0.99474794]
[0.99749243 0.9982768  0.9963536  0.9992943  0.99642473 0.9984565
 0.996546   0.9975823  0.99635786 0.99520373 0.996434   0.997832
 0.99685526 0.997036   0.9935782  0.99856734 0.99504024 0.9971413
 0.9992224  0.99807405 0.99634343 0.9971631  0.9978071  0.996539
 0.99756205 0.9900193  0.99422497 0.9974807  0.9966254  0.9974366
 0.9977422  0.9978569  0.9963074  0.99824727 0.99765515 0.9983865
 0.9961099  0.99724305 0.99864763 0.99785006 0.99826604 0.99654204
 0.99819344 0.9974477  0.99908626 0.9977633  0.99787533 0.99861753
 0.9971439  0.9966653  0.9987565  0.99481505 0.99743074 0.9961028
 0.9987722  0.9972734  0.9975803  0.6483509  0.9887044  0.9523502
 0.94118947 0.9817488  0.89041626]
[0.99756926 0.99751043 0.9979043  0.99767166 0.99477035 0.9990445
 0.9877508  0.9988927  0.99500704 0.9968202  0.99644214 0.99806744
 0.9978556  0.99741566 0.9960032  0.9992975  0.99637514 0.99708897
 0.99801385 0.99836296 0.9952449  0.99673575 0.9983675  0.99897254
 0.99692756 0.9975102  0.99576277 0.99823964 0.998108   0.9990584
 0.99868196 0.9986035  0.9971782  0.99847096 0.9963731  0.99869776
 0.99811137 0.99842274 0.99693596 0.9978174  0.9981517  0.9953048
 0.9970595  0.99855274 0.99826115 0.99767786 0.99748456 0.9986619
 0.9973273  0.9978321  0.997191   0.994337   0.99562293 0.9985227
 0.9982222  0.9964238  0.99723226 0.7382587  0.5390677  0.6374739
 0.9494254  0.9958776  0.9156126  0.9049681  0.98456293 0.9965926
 0.83891106 0.9649445  0.9794883 ]
[0.99711394 0.9983381  0.99727064 0.9983156  0.9934889  0.9984446
 0.9949449  0.99781895 0.9971111  0.9951061  0.9967449  0.99620855
 0.9979359  0.99575716 0.9917143  0.9979752  0.9957535  0.99658597
 0.9979086  0.9968454  0.98691756 0.99921644 0.9971295  0.9932673
 0.9985447  0.99089545 0.99281055 0.9953471  0.9967878  0.9955621
 0.99849343 0.99767894 0.9964103  0.99837023 0.99603504 0.9985024
 0.99543697 0.99848    0.996376   0.99461174 0.9934424  0.9961228
 0.99798214 0.9957612  0.9989298  0.9978084  0.9984713  0.9979665
 0.99215525 0.99688596 0.9971981  0.9954131  0.99455184 0.9938473
 0.9986455  0.9986712  0.9955244  0.876773   0.9123557  0.9927549
 0.59422255 0.87404805 0.61899036 0.9130569  0.8736644 ]
[0.99783355 0.9989655  0.9977691  0.99902    0.9971739  0.99737465
 0.9952134  0.99816257 0.9966018  0.9968022  0.9975662  0.9982268
 0.9981242  0.9957474  0.9921976  0.9980465  0.99578154 0.9966037
 0.9972361  0.9980692  0.9978562  0.9986111  0.99675673 0.99780554
 0.9943151  0.98652285 0.9951401  0.9977729  0.99823284 0.99716896
 0.9986002  0.9975822  0.99493825 0.99850416 0.997696   0.9989753
 0.9970516  0.99739397 0.99692875 0.9977133  0.9977101  0.9966869
 0.99790585 0.99693334 0.9988174  0.9938929  0.9976981  0.9988292
 0.99741095 0.9983896  0.9985843  0.99674726 0.9951579  0.9951923
 0.9973061  0.99603015 0.9943145  0.97812176 0.94882035 0.8890299
 0.9351713  0.98651856 0.94995725 0.58224213 0.54919076]
[0.99779594 0.99877363 0.99680173 0.99938715 0.99557847 0.9989285
 0.9953904  0.9985802  0.99681026 0.9963768  0.99638003 0.99952865
 0.99810046 0.99603575 0.991738   0.9987184  0.994749   0.9976374
 0.9983688  0.9963865  0.99604744 0.99866533 0.9979512  0.9968087
 0.9949214  0.9921239  0.9956429  0.9973224  0.9964514  0.9981219
 0.9980344  0.9979081  0.9978041  0.99827445 0.99748045 0.99841154
 0.9966664  0.9951062  0.9983607  0.99823844 0.9984682  0.9969626
 0.9969227  0.9980673  0.9987317  0.9947484  0.9973525  0.9981179
 0.9970681  0.99821377 0.9981653  0.9951008  0.9842939  0.9964748
 0.9987704  0.99319756 0.99482673 0.92779744 0.99852693 0.9264412
 0.9395696  0.9938333  0.93898755 0.9196956 ]
[0.9970988  0.99817824 0.9976012  0.9977016  0.9965994  0.9986285
 0.99612576 0.9988563  0.9971282  0.9964245  0.99747854 0.99822515
 0.997042   0.99717474 0.9959097  0.9976928  0.993715   0.997006
 0.9983328  0.99897194 0.99727756 0.9988104  0.99666226 0.995344
 0.9983398  0.9930374  0.99591607 0.9975847  0.99695826 0.99881613
 0.9977695  0.9976935  0.99622154 0.9982717  0.99837947 0.9989988
 0.9954997  0.9982498  0.99848807 0.99806184 0.9986683  0.99724376
 0.997769   0.998456   0.99920887 0.994669   0.99727976 0.997738
 0.9980153  0.9979826  0.9986058  0.9964759  0.99134856 0.9974222
 0.9988372  0.994007   0.9968919  0.60430616 0.80908823 0.7995383
 0.9940554  0.84709525 0.9213001  0.9184804  0.95602673 0.99226063
 0.9925479 ]
[0.9970716  0.9976804  0.9960867  0.99888605 0.9958519  0.9991999
 0.99546474 0.99478036 0.9956981  0.99343455 0.99730456 0.9976992
 0.99779487 0.9960264  0.99297994 0.99708956 0.9963889  0.9976065
 0.99542975 0.9978064  0.9959502  0.998166   0.9972916  0.99605536
 0.9968368  0.9927878  0.9906391  0.99758565 0.99394786 0.9979388
 0.99792874 0.99795556 0.9868522  0.9990941  0.9984138  0.9988201
 0.9960491  0.9920959  0.99889153 0.9989479  0.9985561  0.99705887
 0.9934999  0.997171   0.9990995  0.99401724 0.99759525 0.99784136
 0.99840385 0.9959186  0.99726677 0.9974808  0.9952879  0.9958437
 0.99840146 0.9930188  0.9969292  0.8700077  0.8058298  0.94459116
 0.9931717  0.8254049  0.58366823 0.9033639  0.70492506]
[0.99802786 0.99881685 0.99687696 0.9983183  0.9979772  0.99822575
 0.9974058  0.9977629  0.9952388  0.99656844 0.9965731  0.99841475
 0.9974437  0.99727577 0.9968477  0.9991412  0.9979938  0.9978263
 0.9984225  0.99825066 0.99928087 0.99844956 0.99840385 0.9970299
 0.99576783 0.9944771  0.99542904 0.99728215 0.9985037  0.9957457
 0.9974191  0.99751365 0.99626404 0.99834144 0.9978187  0.9985215
 0.99748707 0.9980952  0.9979225  0.9972332  0.9977702  0.99840766
 0.9983821  0.9975331  0.99885523 0.99756575 0.9981154  0.9978531
 0.9978644  0.99738544 0.99822885 0.99838376 0.9969073  0.99826884
 0.99824655 0.99643886 0.99500644 0.7438807  0.8879302  0.98769915
 0.9928256  0.97509027 0.9615996  0.9961849  0.95868623 0.90828484
 0.82837826]
[0.99763846 0.99841535 0.996357   0.9989625  0.9960748  0.99776137
 0.9954334  0.9980228  0.9965461  0.99729544 0.9964169  0.9986407
 0.99797183 0.997417   0.9845813  0.99666685 0.9919751  0.9969091
 0.99839586 0.9971418  0.9951846  0.998075   0.997036   0.99812955
 0.9964858  0.9890977  0.9977718  0.997334   0.9960587  0.9975654
 0.99792886 0.99796045 0.9957295  0.99825495 0.99297017 0.9983708
 0.9962703  0.9979494  0.9979526  0.998885   0.9981773  0.996434
 0.9968508  0.9983199  0.99938524 0.9973672  0.99790716 0.99858403
 0.99716055 0.9981211  0.997832   0.99774325 0.99664575 0.99810576
 0.99811953 0.9979723  0.99388844 0.9718826  0.96416473 0.9332673
 0.9961319  0.53046864 0.9897065  0.8565069  0.5090171 ]
[0.99267274 0.99469274 0.99367404 0.9944311  0.98762274 0.9943745
 0.9923745  0.991795   0.99431854 0.99217355 0.9948626  0.99549484
 0.99657273 0.98783547 0.98920244 0.9947501  0.98831207 0.9923034
 0.9961357  0.98719066 0.9679966  0.99121946 0.9845366  0.9926726
 0.9925575  0.98053795 0.99451256 0.99389195 0.995001   0.989888
 0.9914268  0.99839276 0.9832997  0.99331176 0.99360305 0.9974049
 0.993097   0.9965125  0.99306893 0.99344504 0.991597   0.9849948
 0.98654306 0.9885638  0.9963282  0.9936121  0.9934361  0.9925351
 0.9963871  0.98824793 0.99787927 0.9853436  0.9940878  0.99331385
 0.9921138  0.9888483  0.97867864 0.9290172  0.8835776  0.8191574
 0.983334   0.965734   0.7496754  0.80775696 0.83606917 0.52927387]
[0.99736893 0.9972777  0.9960706  0.99836355 0.9981499  0.9992472
 0.99286216 0.9984615  0.9814649  0.9960299  0.997035   0.9977932
 0.99642915 0.99690694 0.9923264  0.99775714 0.9943558  0.99708986
 0.9964025  0.9985487  0.9953833  0.9992281  0.9948813  0.9931075
 0.99766433 0.98704195 0.993648   0.99447566 0.99794    0.99702734
 0.9974821  0.9973496  0.9980907  0.99780864 0.99622273 0.9989166
 0.99721515 0.99871373 0.998326   0.9983041  0.99903405 0.9976037
 0.99691534 0.99686617 0.9989888  0.9991573  0.99834156 0.99897397
 0.9983367  0.9988444  0.99859434 0.997866   0.99598336 0.9990119
 0.9989925  0.9979894  0.9944174  0.9744648  0.9293125  0.96569633
 0.98976666 0.9547275  0.9347478  0.7646852  0.88203675]
[0.99674857 0.9981463  0.9968731  0.998401   0.99806446 0.998594
 0.99601763 0.9978453  0.99728835 0.9969228  0.9977964  0.99695945
 0.9982139  0.99604493 0.99509    0.9962717  0.99772984 0.9963654
 0.9980744  0.9970606  0.99148506 0.9980433  0.9961731  0.99539965
 0.99593484 0.9886558  0.9968913  0.9963225  0.9973917  0.9968907
 0.9986242  0.99856406 0.99640614 0.99857056 0.9976084  0.9984285
 0.9970897  0.9988104  0.9986922  0.99850357 0.99766314 0.99664825
 0.9973322  0.998279   0.9993094  0.99895537 0.9983413  0.99927276
 0.9977361  0.99840975 0.99814415 0.9972525  0.9972076  0.99814665
 0.998095   0.99884284 0.99444276 0.9834794  0.9659661  0.9570106
 0.9933782  0.96824753 0.5328616  0.9412035  0.8617571 ]
[0.99712974 0.9989285  0.99678457 0.9980013  0.9948496  0.9984017
 0.99740136 0.9983297  0.9974124  0.9969687  0.99748373 0.9979954
 0.99828327 0.99616396 0.99181706 0.99554414 0.99765426 0.9966577
 0.99785906 0.99823415 0.9903717  0.9982912  0.99626213 0.9983346
 0.9977477  0.99675304 0.99402267 0.99718875 0.9978307  0.99759895
 0.99878114 0.99868447 0.9962386  0.9987386  0.9982236  0.9982913
 0.99665964 0.9972772  0.99829906 0.9985159  0.9979553  0.99752516
 0.9973695  0.99573344 0.999456   0.9984363  0.99781954 0.997938
 0.99859446 0.9988702  0.99814034 0.9924614  0.99517906 0.99841595
 0.9982408  0.99655473 0.998346   0.9805855  0.6832899  0.98739666
 0.9390437  0.9139523  0.98681694 0.6436614  0.89805347 0.9191181
 0.9182475  0.64563805 0.9719499  0.7141861 ]
[0.997159   0.99851185 0.9962134  0.9992274  0.99292    0.9983078
 0.99770665 0.9983308  0.9970758  0.9972766  0.99767345 0.99678314
 0.9978211  0.9959229  0.9955408  0.995167   0.998273   0.99711394
 0.9985209  0.9987839  0.99786806 0.9990094  0.998052   0.9934077
 0.9974941  0.9867361  0.9927497  0.9971734  0.99801433 0.9980154
 0.9982463  0.9984664  0.9974573  0.9989506  0.99727446 0.9978231
 0.9973291  0.99805    0.99743336 0.99773693 0.99880207 0.9970638
 0.9964902  0.99754816 0.9988067  0.9949823  0.9974827  0.9962913
 0.998106   0.99706465 0.9972185  0.99331313 0.9948532  0.99852234
 0.9987866  0.9983229  0.9955746  0.99493545 0.91411287 0.810941
 0.9911885  0.91934305 0.8990663  0.9399364 ]
[0.9972761  0.99892837 0.99663275 0.998713   0.99497557 0.9990256
 0.9939038  0.9980751  0.9970055  0.99568605 0.997326   0.9944898
 0.99746776 0.9969363  0.9918079  0.99933547 0.9772709  0.9974963
 0.99829096 0.9980476  0.9974125  0.9981675  0.9985361  0.9932854
 0.99489623 0.9824686  0.99734503 0.99496514 0.9902092  0.9959009
 0.99770504 0.9974268  0.9955005  0.99841356 0.9956862  0.99782264
 0.99898523 0.99815685 0.9984566  0.9981325  0.9952892  0.9981153
 0.9971474  0.9970138  0.9991485  0.9976896  0.9963336  0.99627554
 0.99653256 0.9976992  0.9988192  0.99636996 0.99643886 0.9962752
 0.9974299  0.990952   0.9919972  0.6083211  0.9917303  0.95158714
 0.98397887 0.9920632  0.99909425 0.8196064  0.9947943  0.9061485
 0.916063   0.544599  ]
[0.99777323 0.999059   0.996784   0.9980678  0.9964849  0.9988832
 0.99673426 0.9985304  0.9986719  0.9972609  0.9970169  0.9981686
 0.99820626 0.9974687  0.99506134 0.9989374  0.99645776 0.9970747
 0.99791545 0.9977139  0.9961061  0.998319   0.9975682  0.99449724
 0.99331117 0.9926521  0.99575174 0.9969759  0.99858606 0.9981294
 0.99878055 0.9986632  0.99825054 0.99812514 0.9977151  0.99871564
 0.9972293  0.99882394 0.9983701  0.9992429  0.9981724  0.9977087
 0.99709487 0.9982299  0.99796414 0.9965655  0.9983216  0.99865305
 0.9978454  0.99779415 0.99824405 0.9944629  0.9974497  0.99782264
 0.9981115  0.99854726 0.99619824 0.76358527 0.9541287  0.91682506
 0.99573296 0.99269694 0.95268244 0.83100086 0.94535846 0.7597593
 0.9326095 ]
[0.99737716 0.998923   0.9975567  0.9985233  0.99710447 0.99814975
 0.995434   0.99859625 0.9965947  0.99806136 0.99745876 0.99792296
 0.9968706  0.99758446 0.9880568  0.99847275 0.9955089  0.99773836
 0.9978404  0.99717927 0.9913317  0.9987897  0.99753654 0.9972722
 0.9923177  0.9959402  0.9986259  0.997396   0.9977648  0.9974353
 0.99823344 0.99883753 0.99663216 0.9990139  0.9982894  0.9988795
 0.99660313 0.99823904 0.99730825 0.99806124 0.99854976 0.99705744
 0.99024767 0.99543047 0.99879646 0.9940805  0.9973779  0.9988662
 0.9985221  0.99395484 0.9982432  0.99298817 0.99627966 0.9978725
 0.9979399  0.99398476 0.98938996 0.79089755 0.6959432  0.88716245
 0.83787376 0.992458   0.9895544  0.98286057 0.9909718  0.8902109
 0.8489371  0.63389933]
[0.99764866 0.99848676 0.9977203  0.9983047  0.9980393  0.99914837
 0.99268687 0.9975553  0.99702173 0.9955928  0.998094   0.99749964
 0.99716043 0.99594814 0.9950181  0.9985127  0.9965328  0.9973699
 0.99811196 0.9986168  0.99709785 0.9981811  0.99769956 0.9979804
 0.99781644 0.9918161  0.99560946 0.998338   0.995181   0.99786735
 0.9977233  0.9969597  0.9984855  0.996503   0.9991027  0.9960983
 0.9979552  0.99793017 0.99893314 0.99845207 0.9961493  0.99767846
 0.9980888  0.9990128  0.9953578  0.9980475  0.9985821  0.9957183
 0.99775463 0.997964   0.9968733  0.99698335 0.9985599  0.9988943
 0.9982413  0.9975278  0.8883001  0.9901264  0.9371599  0.9382877
 0.7620823  0.94829583 0.9372869  0.64814985 0.68202585]
[0.99685425 0.99769634 0.9949529  0.9977018  0.99770147 0.9968624
 0.99575704 0.99345726 0.9955179  0.9945334  0.9971635  0.9983852
 0.99708515 0.9958364  0.99324554 0.9972379  0.9970092  0.9968479
 0.9972933  0.99502724 0.9963899  0.9972349  0.9885465  0.9921306
 0.993111   0.9904322  0.99346524 0.9971666  0.9958972  0.99738044
 0.99820435 0.9977099  0.9976096  0.9987533  0.9976096  0.9979538
 0.995606   0.9972777  0.9955096  0.99711597 0.99808    0.9956831
 0.9935868  0.9962657  0.9982693  0.9931155  0.9984743  0.9962471
 0.99600023 0.9971666  0.99728155 0.9888892  0.99868184 0.99775475
 0.9912691  0.9899095  0.9952152 ]
[0.9967975  0.9983022  0.99618727 0.9966468  0.9957449  0.9982828
 0.99401385 0.9991472  0.9959487  0.9952813  0.9976788  0.9952325
 0.9972479  0.9939522  0.9962792  0.9984439  0.9938228  0.9970921
 0.99840266 0.99816567 0.9986523  0.998803   0.99559695 0.9981812
 0.99673945 0.9913579  0.9885948  0.99633443 0.99711835 0.997589
 0.9982274  0.99793255 0.99601424 0.99802554 0.9971125  0.99852705
 0.9966754  0.99709177 0.99898535 0.99797565 0.99691904 0.9959429
 0.99807346 0.9958404  0.99839884 0.99467224 0.9973671  0.99772173
 0.9978703  0.9967378  0.9964353  0.99826056 0.9941322  0.998572
 0.99754494 0.99395955 0.9951373  0.88768196 0.9519692  0.9454615
 0.5258794  0.9855825  0.8604752  0.9136245  0.5817732  0.952421
 0.9469023 ]
[0.99750334 0.9985493  0.99766445 0.99832493 0.9947488  0.99832696
 0.99646014 0.9980685  0.9966798  0.9961893  0.996917   0.99874663
 0.9971329  0.9955355  0.99313545 0.9994128  0.9854693  0.9973949
 0.99703467 0.99743253 0.99298006 0.9981027  0.9960247  0.99603075
 0.9972582  0.9939324  0.996132   0.997552   0.99800175 0.9960975
 0.99822754 0.9987305  0.9960526  0.99885464 0.99786806 0.9982016
 0.99123913 0.996986   0.9969477  0.9980793  0.9982134  0.99726945
 0.9964529  0.9984529  0.998835   0.99739933 0.9967018  0.999183
 0.9984347  0.99793774 0.9977549  0.99714714 0.99669266 0.9972299
 0.9983454  0.9969085  0.99398637 0.9759581  0.58315223 0.9945662
 0.81707114 0.5558123  0.8868995  0.90285957 0.62552786 0.97459126]
[0.99805707 0.9977946  0.9968912  0.9986345  0.994239   0.9983215
 0.99603385 0.9993618  0.9957924  0.9968976  0.99658245 0.99731916
 0.9975018  0.99669254 0.9958027  0.9963385  0.99882585 0.99722016
 0.9972257  0.9970366  0.9979091  0.998256   0.99778736 0.994662
 0.9951692  0.99242014 0.9949883  0.9974367  0.9981018  0.9980731
 0.9986865  0.99745065 0.99662256 0.9986016  0.9976864  0.998838
 0.99692374 0.99880815 0.99917454 0.998713   0.997934   0.9961463
 0.99704653 0.99715793 0.99850863 0.99647    0.9985227  0.9985468
 0.9950683  0.99789494 0.998248   0.9980268  0.9970432  0.9992792
 0.99843127 0.9977678  0.9964311  0.9768851  0.9142602  0.9669213
 0.9922018  0.9863544  0.88246286]
[0.9974849  0.99801    0.99717355 0.99883133 0.9969567  0.9978562
 0.99472636 0.99915373 0.996716   0.99035394 0.99728537 0.99688476
 0.99836224 0.9968086  0.99368346 0.9977615  0.99641067 0.9972025
 0.9964594  0.9975466  0.99856156 0.99748814 0.99715304 0.994826
 0.9938048  0.99217904 0.99812704 0.9981729  0.99531174 0.9988668
 0.9977863  0.9977149  0.9979042  0.99743336 0.99764    0.9987846
 0.9967512  0.99854565 0.9981311  0.99457425 0.9968195  0.9986609
 0.9959716  0.9981748  0.99899787 0.9974605  0.998184   0.9984737
 0.9985838  0.9981926  0.99853337 0.9947812  0.9956814  0.9982077
 0.9987142  0.9973687  0.99364674 0.92019296 0.84540576 0.99743503
 0.9349582  0.9817375  0.9652452  0.57421064 0.6343319  0.8980133
 0.9667459  0.8775954  0.7974326  0.86974806]
