Mprobs for dataset sim1 (5)

[0.9976373  0.9976695  0.99989617 0.999913   0.9999206  0.99969745
 0.9999387  0.9234546  0.98404294 0.9969829  0.97797114 0.99989736
 0.9998964  0.99978095 0.9998834  0.99989235]
[0.9959026  0.9958823  0.9998925  0.9999324  0.9999459  0.9996
 0.99995685 0.8890513  0.9853323  0.99898297 0.9760943  0.9999423
 0.99994004 0.99982554 0.99988484 0.99992394]
[0.99759835 0.99677163 0.99987817 0.99990094 0.9999423  0.99975246
 0.9999585  0.8843654  0.98675007 0.998585   0.9679125  0.99987864
 0.9999536  0.9998504  0.9998685  0.9999385 ]
[0.9938222  0.9977781  0.99991953 0.99994826 0.99993    0.9997366
 0.99989414 0.8822528  0.9878149  0.99611807 0.9594112  0.9999378
 0.9999399  0.99989545 0.99985135 0.9999323 ]
[0.9936585  0.9959986  0.99988747 0.99993825 0.99989414 0.99954164
 0.9998982  0.9263914  0.9866019  0.9973308  0.9716197  0.9998933
 0.9999324  0.99988985 0.9998623  0.99989605]
[0.9929912  0.9843418  0.99990785 0.99992657 0.99993837 0.9996973
 0.99990153 0.9087623  0.9841818  0.9978187  0.9696078  0.99990284
 0.9999256  0.9998357  0.99983954 0.9999058 ]
[0.9904294  0.9814363  0.999905   0.9999337  0.99989796 0.9996836
 0.99993014 0.94912    0.9880266  0.9984413  0.90674293 0.99992514
 0.99990594 0.99987745 0.9999249  0.9999105 ]
[0.99753594 0.9924189  0.99993587 0.9999502  0.9999106  0.9997192
 0.99995184 0.6299803  0.98872465 0.9975273  0.93954086 0.9998919
 0.9999167  0.9998416  0.9999174  0.99989104]
[0.99675983 0.9963595  0.9998814  0.99993134 0.9999236  0.9996911
 0.9999485  0.8251425  0.9885018  0.9981053  0.9813783  0.99993765
 0.99993217 0.9999095  0.999915   0.9998889 ]
[0.9930118  0.997905   0.999859   0.9999484  0.99994504 0.99956244
 0.9998889  0.76654536 0.9834477  0.9973642  0.9510131  0.9999219
 0.9998872  0.99974316 0.99983835 0.9999105 ]
[0.9959098  0.9967891  0.999879   0.9999547  0.9999008  0.99958426
 0.9999496  0.92669153 0.983826   0.9977689  0.9822031  0.999918
 0.999913   0.99989045 0.9998739  0.9999306 ]
[0.99470115 0.9913052  0.9998764  0.99995816 0.99990106 0.9997081
 0.99994624 0.87269735 0.98029274 0.9972384  0.9635463  0.99991095
 0.9998802  0.99985695 0.9999138  0.99988735]
[0.9968545  0.99796873 0.99992967 0.9999486  0.9999522  0.99952817
 0.99990916 0.88336575 0.98011106 0.9971487  0.9772448  0.9998853
 0.9999435  0.99979514 0.9999397  0.9999398 ]
[0.9958009  0.98743653 0.9998847  0.9999411  0.9999062  0.99968874
 0.9999492  0.8233843  0.9894434  0.9968803  0.9746416  0.99992454
 0.99992704 0.9998443  0.9998271  0.9999411 ]
[0.99623436 0.9971916  0.9998599  0.99994254 0.9999151  0.99976355
 0.99991345 0.88875836 0.9538027  0.9973047  0.9830556  0.99993575
 0.99993455 0.9998709  0.9999075  0.9998908 ]
[0.99426043 0.9898638  0.9999223  0.99993527 0.99990356 0.99963045
 0.99995863 0.86805326 0.9815068  0.9976655  0.94830656 0.9999387
 0.9999416  0.9997956  0.99988806 0.99988484]
[0.9946314  0.997267   0.9999366  0.99995375 0.9999201  0.99957114
 0.99989736 0.8769029  0.9906465  0.9975897  0.97107893 0.9998814
 0.99989855 0.99987435 0.9998455  0.99992037]
[0.99599445 0.9979417  0.9999249  0.9999535  0.9998932  0.9996282
 0.9999554  0.88069856 0.9920831  0.99842143 0.94900066 0.9999279
 0.99994624 0.9998565  0.999882   0.99991155]
[0.997416   0.9978071  0.999902   0.9999329  0.9998888  0.9996743
 0.9999404  0.9086064  0.9859272  0.99794704 0.9790562  0.99993384
 0.99994445 0.9999157  0.9999051  0.9998976 ]
[0.99439937 0.9975255  0.9999316  0.9999225  0.99993575 0.9996402
 0.9999175  0.92643994 0.9837667  0.99592435 0.97844625 0.9999057
 0.99992347 0.99985886 0.9998586  0.99990153]
[0.9903846  0.990379   0.99917006 0.99993086 0.99992883 0.99960846
 0.9999285  0.88843596 0.9817877  0.9972441  0.9718668  0.9998654
 0.99989724 0.999796   0.9998412  0.9998938 ]
[0.97721446 0.98721594 0.9999201  0.99992466 0.9999472  0.9994326
 0.99990237 0.9114963  0.9805809  0.99720037 0.9803206  0.99991655
 0.9999212  0.9997365  0.9998952  0.9998746 ]
[0.9928716  0.9974233  0.9998666  0.99992764 0.99993694 0.9995433
 0.9999502  0.8295758  0.98078775 0.99790466 0.96249557 0.9999236
 0.9999255  0.99987113 0.9998907  0.99993825]
[0.9947842  0.99698764 0.99987864 0.9999609  0.99992657 0.9996468
 0.999918   0.9130706  0.98979706 0.99668473 0.9723436  0.99991477
 0.999894   0.9998845  0.99991727 0.999908  ]
[0.99678636 0.94044    0.9998988  0.99991596 0.99993205 0.9996394
 0.9999261  0.8929339  0.9472013  0.9965926  0.9252408  0.9999405
 0.99992704 0.99989974 0.99990857 0.9999273 ]
[0.9946003  0.99549663 0.9999294  0.99992955 0.99994683 0.9995552
 0.999912   0.90646905 0.9878511  0.9965407  0.9568765  0.9999026
 0.99991775 0.9998449  0.99988663 0.99988544]
[0.99244666 0.99681914 0.9999187  0.99991596 0.9999324  0.9996784
 0.99994326 0.82267946 0.9862699  0.9985777  0.97772413 0.9998764
 0.9999069  0.9998104  0.9998795  0.9998809 ]
[0.99632543 0.99372005 0.9998685  0.99993885 0.9999436  0.9997135
 0.99989855 0.87261266 0.9830755  0.9976495  0.9293034  0.9999274
 0.9999218  0.9997782  0.9998821  0.99992585]
[0.99577147 0.99787295 0.9999229  0.9999565  0.9998926  0.99968123
 0.99994516 0.90074396 0.9852964  0.99821043 0.9808657  0.99989307
 0.99992275 0.9997813  0.99982065 0.9999337 ]
[0.99327433 0.9978211  0.9999132  0.9999391  0.9999137  0.99958867
 0.9999472  0.9053688  0.9913352  0.9967501  0.9649634  0.99991584
 0.9998772  0.99976593 0.99983823 0.99991524]
[0.9905329  0.9902152  0.99992895 0.99995375 0.9999306  0.99903214
 0.9999198  0.77643585 0.94785833 0.9897713  0.8968982  0.9999404
 0.9999052  0.99972445 0.99987173 0.9998902 ]
[0.995503   0.9978872  0.99988914 0.999951   0.99994373 0.9995511
 0.9999336  0.94799805 0.988472   0.99784184 0.96655434 0.99988294
 0.99990153 0.99988866 0.99990964 0.9999291 ]
[0.99369353 0.992214   0.99989486 0.99991345 0.9998882  0.99967885
 0.999943   0.89083856 0.98647404 0.99837613 0.93573785 0.99994564
 0.9999137  0.9999033  0.9998983  0.9999347 ]
[0.9927834  0.9958972  0.9999242  0.9999442  0.9998821  0.999458
 0.99989235 0.85663915 0.9904879  0.99678814 0.97587436 0.9999244
 0.999915   0.9997609  0.999876   0.9999206 ]
[0.994364   0.99709463 0.9998827  0.99994564 0.99993026 0.99936146
 0.9999318  0.8918994  0.9837536  0.9970374  0.98167014 0.99993753
 0.99994767 0.9998167  0.99986076 0.99992204]
[0.9900337  0.993551   0.999912   0.9999516  0.99987566 0.9996061
 0.999897   0.87369883 0.9589476  0.9977253  0.98288673 0.9999193
 0.9999298  0.9998876  0.99992573 0.9999471 ]
[0.9944653  0.99852544 0.9999287  0.9999155  0.99993205 0.9997402
 0.9999126  0.8419357  0.99040145 0.996849   0.94987494 0.9999342
 0.9999485  0.9998603  0.99988556 0.99988914]
[0.99625176 0.9983456  0.9998727  0.9999012  0.9998889  0.99967873
 0.99991    0.8993762  0.9764816  0.9980028  0.97698134 0.9999318
 0.9999261  0.99984145 0.9999155  0.9999485 ]
[0.99582493 0.99574065 0.9998683  0.99994516 0.9998926  0.9995721
 0.9999033  0.9048378  0.9761362  0.9968209  0.9664496  0.9999229
 0.9999335  0.9998178  0.999902   0.9998932 ]
[0.99486923 0.9965096  0.999884   0.9999254  0.99991095 0.9996619
 0.9999584  0.91385067 0.981184   0.9988331  0.92741627 0.99994314
 0.99989533 0.99982566 0.9998832  0.99992585]
[0.9948084  0.9961294  0.99990785 0.999956   0.99993896 0.99978846
 0.9998734  0.91150147 0.9686175  0.9958468  0.96773595 0.99991465
 0.99989176 0.9998839  0.99988544 0.999918  ]
[0.9966119  0.99705374 0.9999368  0.9999523  0.9999089  0.9997384
 0.9999362  0.90353465 0.9806183  0.996414   0.95210546 0.9998944
 0.9999192  0.9998111  0.99991107 0.999943  ]
[0.99561346 0.9954781  0.9999027  0.9999503  0.999951   0.9996326
 0.9999466  0.9278141  0.98846954 0.998415   0.9664882  0.99990344
 0.9999505  0.99988544 0.9999138  0.9999405 ]
[0.99607486 0.99797446 0.9998952  0.9999229  0.9999312  0.9996284
 0.9998845  0.91120875 0.99103856 0.99705076 0.9819963  0.9998777
 0.99994516 0.99982953 0.99984574 0.99994135]
[0.99389946 0.998133   0.9999372  0.99995553 0.99992585 0.9997156
 0.99994767 0.9068141  0.9901308  0.9979436  0.98692524 0.9999131
 0.999928   0.99987245 0.9999057  0.9999126 ]
[0.9929067  0.9823704  0.99992645 0.9999291  0.9999149  0.9996804
 0.9999403  0.73717785 0.98534167 0.99796224 0.9850544  0.9998963
 0.9999298  0.99988294 0.99990714 0.999928  ]
[0.9970319  0.9947353  0.9999082  0.99993706 0.99990153 0.9997328
 0.9999275  0.92382854 0.98143893 0.9975763  0.98086435 0.99994206
 0.9999354  0.9998115  0.99991226 0.99993265]
[0.9972186  0.997447   0.99987113 0.9999006  0.9999223  0.9996886
 0.99992    0.8917127  0.9878969  0.99782467 0.94258016 0.999899
 0.9999515  0.9998547  0.99984586 0.9999465 ]
[0.9945551  0.994379   0.999894   0.9999374  0.99990916 0.9993771
 0.9998568  0.9157551  0.9873948  0.9982426  0.98054194 0.9999355
 0.999923   0.9998362  0.9999161  0.99992657]
[0.9970644  0.9976131  0.9998828  0.9999001  0.9999082  0.99972135
 0.99991953 0.9038876  0.97332835 0.9977023  0.9655402  0.99992585
 0.99991906 0.9998685  0.9998666  0.9999198 ]
[0.99290293 0.998054   0.9999044  0.9999409  0.9999136  0.99965703
 0.99989927 0.9309471  0.9865964  0.99795353 0.9794622  0.9999125
 0.9999002  0.99990094 0.99987376 0.9999498 ]
[0.99509    0.9946984  0.99988353 0.99991417 0.99994886 0.9996086
 0.999941   0.9075395  0.9892113  0.99782395 0.97677726 0.9999318
 0.9999262  0.9998118  0.9998634  0.99995327]
[0.9839887  0.9884     0.9998504  0.99991536 0.9999194  0.9993956
 0.9998622  0.9052182  0.9690127  0.99374866 0.93596375 0.9998722
 0.99989045 0.99986434 0.9996977  0.99989617]
[0.994429   0.9932034  0.99987257 0.99994564 0.9999132  0.9996731
 0.9999143  0.8636536  0.98630595 0.99774903 0.9692313  0.9999138
 0.9999225  0.9997893  0.9998946  0.99990284]
[0.9929892  0.99767584 0.99992573 0.99992645 0.9999274  0.9994742
 0.9999018  0.8209834  0.9827827  0.99727184 0.95999247 0.9999161
 0.9999043  0.9997836  0.9998832  0.9999176 ]
[0.99473274 0.9963361  0.9998691  0.9999089  0.9998884  0.9995372
 0.99995697 0.8867844  0.9715778  0.99683845 0.9547495  0.9999007
 0.9998877  0.99989426 0.99992466 0.99991965]
[0.9966331  0.9965731  0.9998777  0.9999347  0.99991345 0.9994784
 0.9999387  0.87688637 0.9914432  0.9977087  0.96714437 0.99994123
 0.9998797  0.9998907  0.9998522  0.99990356]
[0.994333   0.9961433  0.9998963  0.9999206  0.99990356 0.9996178
 0.99994373 0.9015139  0.98924494 0.996856   0.9653058  0.999923
 0.9999387  0.99982125 0.99992406 0.9999018 ]
[0.9927031  0.99599105 0.9998982  0.9999105  0.99989057 0.9997501
 0.9999231  0.8654921  0.983563   0.9976484  0.9669512  0.99992096
 0.9999255  0.9997495  0.999931   0.99993956]
[0.9906096  0.99495244 0.9998349  0.9999156  0.99993014 0.9997501
 0.9999293  0.8852458  0.98384666 0.9967333  0.9679625  0.99989724
 0.9999341  0.9998783  0.9998622  0.99988496]
[0.9946932  0.9981511  0.9999187  0.99991333 0.99987924 0.999521
 0.9999516  0.872145   0.9838102  0.9953217  0.9622448  0.99989235
 0.99988794 0.9998336  0.99986136 0.99988973]
[0.9938877  0.98912024 0.99992883 0.99993145 0.9999218  0.9996258
 0.99994195 0.9358511  0.99053407 0.99781346 0.9648698  0.9999064
 0.9998902  0.999863   0.99986315 0.9999249 ]
[0.9960193  0.97009325 0.99987245 0.9999491  0.9999478  0.9997454
 0.99994826 0.8538186  0.9901563  0.99739814 0.96955764 0.9999249
 0.999949   0.99980694 0.99988604 0.9999014 ]
[0.99633056 0.9973627  0.99993825 0.99992573 0.999944   0.99961156
 0.9999527  0.91711724 0.99234915 0.9984043  0.9799422  0.9999523
 0.9999286  0.9998418  0.9999231  0.99990296]
[0.99580765 0.99688643 0.9999379  0.999954   0.9999107  0.9996475
 0.99996233 0.8461322  0.9872199  0.99808466 0.981087   0.99993813
 0.999951   0.9998932  0.9998791  0.99987817]
[0.99679786 0.988525   0.99992824 0.9999038  0.9998915  0.99974614
 0.99994814 0.9257061  0.9909861  0.9964122  0.93263245 0.99988985
 0.99991214 0.99977547 0.9998965  0.9999299 ]
[0.99704677 0.99042237 0.9998714  0.9999026  0.9999299  0.9997161
 0.9999225  0.88180226 0.98354894 0.99734026 0.9713524  0.99990714
 0.9998908  0.99978334 0.9998963  0.99990857]
[0.9958662  0.99806017 0.9999163  0.99992085 0.9999014  0.99968743
 0.99994767 0.8275101  0.98859465 0.99841475 0.96783453 0.99992585
 0.9998963  0.99981505 0.99987257 0.9999052 ]
[0.9922246  0.9919045  0.9999337  0.9999138  0.9999038  0.999554
 0.99995255 0.850879   0.9807608  0.9982868  0.98406756 0.9999182
 0.999949   0.99979573 0.99990106 0.9998807 ]
[0.9947968  0.994816   0.99986863 0.9999523  0.9999068  0.9995777
 0.99992394 0.9028363  0.99239045 0.9970668  0.9519568  0.99988997
 0.9999012  0.999853   0.9999052  0.9999329 ]
[0.9963199  0.9870947  0.9999472  0.9999238  0.9999424  0.9996741
 0.99990416 0.93355876 0.99143654 0.99804723 0.9235963  0.9998956
 0.999938   0.9998946  0.9999162  0.99989295]
[0.9908031  0.9984268  0.99991894 0.99994385 0.99994683 0.99975544
 0.99991846 0.80020297 0.9855237  0.9984256  0.9768515  0.999938
 0.99989784 0.9998356  0.9998543  0.9999167 ]
[0.99295855 0.9973948  0.99993026 0.9999455  0.9999219  0.99967813
 0.99989283 0.92362905 0.97869736 0.9963032  0.9731722  0.99989367
 0.9999099  0.99987495 0.9998579  0.9999323 ]
[0.9952425  0.9855688  0.99991107 0.99989617 0.99991655 0.9994617
 0.99994624 0.9426057  0.9778291  0.9967043  0.97809714 0.99992657
 0.999949   0.9997851  0.9998976  0.9999168 ]
[0.9970632  0.99647945 0.99990153 0.99990475 0.9998871  0.99972683
 0.9999453  0.88653105 0.969551   0.99756527 0.97191995 0.99992156
 0.9999323  0.9998271  0.999907   0.99992526]
[0.9929656  0.9742944  0.9998994  0.9999335  0.9999536  0.9997826
 0.9999291  0.81203187 0.9881494  0.99776864 0.8833744  0.999928
 0.999915   0.9998267  0.99988043 0.99994576]
[0.9945299  0.991442   0.999905   0.9999354  0.9999211  0.9996804
 0.9998909  0.9262538  0.9912059  0.99738854 0.9725744  0.9999262
 0.9998946  0.9998858  0.99990594 0.9999428 ]
[0.9963003  0.9972154  0.9999167  0.9999503  0.9999405  0.9994837
 0.99995625 0.9276509  0.96937716 0.9980415  0.94023275 0.9999106
 0.9999403  0.99975485 0.9998729  0.99993944]
[0.9953852  0.99729806 0.99992895 0.99994576 0.99989605 0.99959165
 0.99991107 0.91906494 0.98680997 0.997875   0.97747487 0.9999198
 0.99993587 0.9998629  0.99985754 0.9998914 ]
[0.99486804 0.9939427  0.99993    0.99991524 0.99991    0.99969494
 0.999905   0.8765269  0.9866305  0.9966683  0.9789201  0.9999013
 0.99992466 0.999824   0.99990106 0.9998846 ]
[0.9932499  0.99757856 0.9999105  0.99995446 0.99994075 0.99977225
 0.99993956 0.890307   0.98092747 0.99764746 0.9764787  0.9999169
 0.9999391  0.99978477 0.99984205 0.9999417 ]
[0.9888232  0.9973327  0.9998896  0.99992335 0.99991167 0.99953127
 0.99992156 0.8959288  0.9878027  0.99784863 0.9735841  0.99993765
 0.9998925  0.99983704 0.9999187  0.99994636]
[0.99723476 0.9964812  0.9998958  0.99991214 0.99994683 0.99968565
 0.99995065 0.93469673 0.98752266 0.99667263 0.9383285  0.9999174
 0.9999379  0.99974924 0.99992514 0.99992967]
[0.99379915 0.9899483  0.99993527 0.9999485  0.9999368  0.9995957
 0.9999374  0.818429   0.99075574 0.99731547 0.9609655  0.9999206
 0.99994195 0.99986506 0.99985397 0.9998882 ]
[0.9941062  0.9909696  0.99992216 0.9999112  0.99992406 0.9997522
 0.9999248  0.87981033 0.9868117  0.9978269  0.9776133  0.9999281
 0.9999014  0.999838   0.99982953 0.9999243 ]
[0.99562496 0.99809223 0.99990153 0.99991894 0.99993694 0.99966705
 0.9999275  0.91965324 0.9901203  0.99659157 0.9801165  0.9999263
 0.99992526 0.99975175 0.9998852  0.9999033 ]
[0.99292505 0.99350727 0.99991393 0.99995756 0.9999083  0.9996842
 0.99990463 0.8069783  0.98868865 0.9961118  0.98133755 0.9999263
 0.99993753 0.9998288  0.9999114  0.99989486]
[0.9967244  0.99709535 0.9999218  0.99995637 0.9999181  0.99974805
 0.9999168  0.9256866  0.9887433  0.99809736 0.9820926  0.99993885
 0.99995124 0.9998629  0.9998772  0.9999393 ]
[0.9945945  0.9952684  0.9999163  0.9999199  0.9999305  0.9996519
 0.99993825 0.87350106 0.9862884  0.99629045 0.98185915 0.99991345
 0.99991953 0.99985325 0.9998504  0.9998808 ]
[0.99316025 0.99674726 0.9999105  0.999931   0.9999175  0.999694
 0.9998776  0.90728164 0.9860233  0.998181   0.97820026 0.99989986
 0.999874   0.9998159  0.99989057 0.9999343 ]
[0.99555355 0.99399334 0.99984217 0.99994457 0.99988234 0.9997501
 0.99994993 0.9156585  0.9816397  0.9973321  0.97079426 0.99993753
 0.9999201  0.99987996 0.9998808  0.9998784 ]
[0.9963821  0.9935915  0.9998754  0.9999125  0.99989295 0.9997429
 0.9999261  0.84652156 0.9880404  0.99720865 0.9496833  0.9999274
 0.99993575 0.9997646  0.99987507 0.99989974]
[0.99126667 0.9961622  0.9999181  0.9999558  0.99988866 0.9995276
 0.9999058  0.89018965 0.95444894 0.9968072  0.96381474 0.999915
 0.9999399  0.99981683 0.999923   0.9999418 ]
[0.9930091  0.99517053 0.9999262  0.9999517  0.99988973 0.99973625
 0.99993336 0.8683914  0.9870395  0.9981495  0.9713766  0.9999231
 0.99989474 0.99978536 0.99990034 0.9999291 ]
[0.99442744 0.99526536 0.9999099  0.9999528  0.9998901  0.9996395
 0.9999447  0.87638664 0.98576885 0.99674714 0.9586722  0.99993145
 0.999938   0.99982846 0.9999075  0.99992514]
[0.99547005 0.99448967 0.9998733  0.9999137  0.9998987  0.99935
 0.9999435  0.8676605  0.9851504  0.99753296 0.9633292  0.9999298
 0.99991846 0.99980074 0.9998977  0.9999417 ]
[0.99564147 0.9865096  0.99991655 0.9999143  0.99994326 0.99957794
 0.99991035 0.86993444 0.9884743  0.9966667  0.9586989  0.9999378
 0.9998976  0.9998853  0.9999206  0.9999349 ]
[0.9957539  0.99667776 0.9999409  0.9999567  0.9999131  0.99973017
 0.99991405 0.8753958  0.9834657  0.998365   0.97454786 0.9998648
 0.9999049  0.99987257 0.99982893 0.99989855]
[0.996398   0.9863024  0.9999068  0.9999478  0.99994063 0.99981433
 0.99995697 0.91677254 0.96787304 0.99839526 0.9558514  0.9998913
 0.99990237 0.9997919  0.99982303 0.9999218 ]
[0.9954847  0.9962735  0.99987674 0.9999577  0.9999112  0.9998118
 0.9999219  0.89248914 0.9683446  0.99781954 0.9114485  0.9999249
 0.9998956  0.99989676 0.99991274 0.9999324 ]
