Mprobs for dataset sim1 (100)

[0.9831724  0.99755543 0.99693847 0.9228198  0.99936324 0.998747
 0.9950631  0.999278   0.9874429  0.9936579  0.98859906 0.997364
 0.9871629  0.9974148  0.7671494  0.9447718  0.9977991  0.99862266]
[0.9629139  0.9975249  0.99649006 0.9146627  0.9991314  0.9987758
 0.98908514 0.99633825 0.9914723  0.99706286 0.9839499  0.9952838
 0.992687   0.9957438  0.7405301  0.92961556 0.9958968  0.99869126]
[0.94623023 0.9980444  0.9980855  0.998728   0.99777395 0.99347585
 0.9991103  0.98981535 0.9892091  0.9814695  0.99840873 0.9964843
 0.9983368  0.7578054  0.95763963 0.9969608  0.9988961 ]
[0.955475   0.99593747 0.9955232  0.9993814  0.99871266 0.9920249
 0.99875426 0.9948667  0.9957367  0.97723377 0.9964521  0.9923913
 0.99704105 0.95325047 0.92791176 0.9972378  0.99891746]
[0.98123485 0.99649245 0.99759704 0.9182499  0.99827385 0.9978649
 0.99689436 0.9979025  0.9928813  0.9949405  0.97087485 0.99710613
 0.9910924  0.9967548  0.9624299  0.94347227 0.9980058  0.998931  ]
[0.9740156  0.9972018  0.9976457  0.7671407  0.99890447 0.9987398
 0.9965237  0.99912125 0.9915651  0.9904757  0.99228936 0.99705565
 0.9919797  0.9985147  0.71836525 0.86722064 0.99804366 0.999132  ]
[0.9893114  0.9992205  0.9967835  0.7583652  0.9991351  0.9987155
 0.98950034 0.99846053 0.9874342  0.99859685 0.9856037  0.9986803
 0.9929548  0.9980009  0.96222705 0.9981704  0.9992231 ]
[0.96386766 0.99796164 0.99690276 0.99871016 0.9986753  0.9958534
 0.99868244 0.9906125  0.990624   0.9761573  0.9976736  0.99522865
 0.9983815  0.94316167 0.9505007  0.9986889  0.9992624 ]
[0.97594005 0.9980786  0.9980945  0.9992526  0.99808794 0.99179673
 0.99803454 0.99304706 0.997834   0.9697167  0.9982784  0.99024755
 0.99797887 0.84761786 0.9536742  0.9983967  0.9989937 ]
[0.9825799  0.9983315  0.9981602  0.99948585 0.9988446  0.9967039
 0.9994599  0.9896259  0.99680823 0.9868238  0.9984781  0.99515116
 0.99846625 0.7280248  0.96333706 0.9987483  0.9993881 ]
[0.9785453  0.9973552  0.9985337  0.9994918  0.9987147  0.9954892
 0.9982217  0.9925362  0.9972378  0.989134   0.9977265  0.99211043
 0.99885046 0.94739664 0.9319506  0.99726945 0.9987656 ]
[0.98741525 0.99711907 0.99816835 0.86820376 0.99871325 0.99812156
 0.9906316  0.9967805  0.991691   0.99648017 0.9833506  0.997424
 0.9936353  0.99802005 0.9729907  0.9966543  0.99871457]
[0.985195   0.99814725 0.9971871  0.5991821  0.8602587  0.99903405
 0.99840564 0.9920346  0.9987663  0.98196465 0.99548787 0.98874146
 0.9967056  0.989934   0.9965744  0.5359174  0.99515027 0.998552  ]
[0.9621048  0.99848783 0.997996   0.99894637 0.998777   0.995255
 0.9989693  0.99360836 0.9947614  0.9915916  0.99789184 0.9965749
 0.99805176 0.5775573  0.91938084 0.99811745 0.9993393 ]
[0.970974   0.994925   0.9982266  0.66566974 0.9985391  0.99808913
 0.9971204  0.99897504 0.989833   0.99453026 0.95908606 0.996846
 0.9958473  0.9979886  0.9695282  0.9414979  0.9985494  0.998432  ]
[0.9715835  0.99730396 0.99507034 0.88188136 0.9982198  0.9969362
 0.9909292  0.9985669  0.99137586 0.9880378  0.9479896  0.9984322
 0.99309397 0.99787927 0.8145422  0.81410545 0.9980325  0.9989446 ]
[0.9785991  0.9976497  0.9961618  0.99892753 0.99852884 0.9915741
 0.9984938  0.9904474  0.99427575 0.8063696  0.9964959  0.99013233
 0.99732614 0.9309474  0.6514001  0.99804986 0.9988531 ]
[0.9783465  0.99520123 0.99708503 0.90994024 0.99870586 0.9986077
 0.99600166 0.9983094  0.9746131  0.99419844 0.98868585 0.99789965
 0.98812056 0.9984748  0.930337   0.94276196 0.99780124 0.99900097]
[0.9779925  0.99823976 0.9978715  0.9085526  0.99928004 0.99816895
 0.9945141  0.9991677  0.9931832  0.99408615 0.98963237 0.99757487
 0.9943184  0.9979838  0.8949888  0.7646974  0.99769384 0.9991565 ]
[0.9557254  0.99757856 0.9959273  0.9988133  0.99779403 0.989999
 0.99657047 0.99289376 0.9940779  0.99018973 0.9976738  0.9950138
 0.9953999  0.55288    0.9947766  0.9993094 ]
[0.98144585 0.9955065  0.9969087  0.9993186  0.997874   0.9897175
 0.99842656 0.9902311  0.99549365 0.9858402  0.99770653 0.99453163
 0.9972862  0.72009826 0.94544923 0.9987155  0.99914646]
[0.94544196 0.99869126 0.9967445  0.92324746 0.9988071  0.99887305
 0.9846912  0.9981523  0.9898177  0.9931884  0.97268885 0.9977137
 0.99759465 0.9976283  0.9416336  0.806856   0.9985446  0.99861693]
[0.98380613 0.9981704  0.9972036  0.99915946 0.9977356  0.9937038
 0.99878055 0.98657215 0.9954341  0.961397   0.99784195 0.99491584
 0.9983205  0.7505258  0.96487534 0.9979905  0.99929345]
[0.9411638  0.998243   0.9976172  0.6836027  0.99901974 0.9987123
 0.99270415 0.99844295 0.9824175  0.9919059  0.9933295  0.9984126
 0.9973768  0.9976687  0.74301445 0.9981305  0.9991541 ]
[0.9887672  0.9975495  0.998345   0.9993291  0.9985239  0.9936972
 0.99829346 0.99309593 0.99834716 0.98496777 0.99777776 0.9951798
 0.9985232  0.7413058  0.91108537 0.99861836 0.9988003 ]
[0.9680084  0.99712545 0.9960569  0.90514725 0.99944514 0.9988858
 0.9955571  0.9985649  0.98754495 0.9944001  0.9545179  0.99829894
 0.99068165 0.99842864 0.92438287 0.9451993  0.997029   0.99870324]
[0.97780186 0.9975383  0.9959337  0.8142856  0.9991812  0.99833786
 0.9917081  0.9991603  0.9938836  0.9941309  0.9691036  0.997373
 0.98903847 0.9963295  0.9392485  0.96579003 0.997988   0.99913377]
[0.97151744 0.99791795 0.9967348  0.94357115 0.99858403 0.9987436
 0.9969553  0.99791247 0.9890892  0.9971085  0.9725035  0.99712354
 0.99267685 0.9979305  0.94868976 0.9310808  0.99716264 0.9987459 ]
[0.97901595 0.998346   0.9982243  0.9213177  0.9991418  0.9982254
 0.990036   0.9981261  0.9897758  0.99757415 0.9795292  0.9982633
 0.9957659  0.9962909  0.8543674  0.9664856  0.99853265 0.9988242 ]
[0.9338401  0.99699557 0.997456   0.9989862  0.99834883 0.9932592
 0.9989656  0.9960996  0.9956428  0.993457   0.9981567  0.9983286
 0.99832875 0.93775105 0.94433945 0.9974413  0.99898404]
[0.9810191  0.9970784  0.99894184 0.92316353 0.9988426  0.9989452
 0.9931583  0.9990514  0.9939919  0.99764425 0.9895499  0.99498546
 0.99258065 0.99663985 0.932936   0.95072114 0.99672526 0.9987159 ]
[0.9729172  0.9984012  0.9995326  0.82771325 0.9989949  0.99866927
 0.99523646 0.9988469  0.99422294 0.9897558  0.9872203  0.99748033
 0.9984408  0.9976011  0.9351574  0.95132685 0.9970662  0.99864393]
[0.93863076 0.9964759  0.99631643 0.99915516 0.9990165  0.9896431
 0.99873906 0.99281657 0.99785334 0.9844359  0.99849427 0.98842806
 0.9975829  0.96521175 0.99843293 0.9989371 ]
[0.97020423 0.9964281  0.99649507 0.9992298  0.9990859  0.9946403
 0.9986897  0.9934335  0.9930434  0.98816574 0.99765235 0.9977016
 0.99854714 0.95697504 0.8816853  0.99596953 0.9986603 ]
[0.9797758  0.99764377 0.99875283 0.92155033 0.99934167 0.998684
 0.99691856 0.998743   0.9943756  0.99497604 0.9921089  0.9979721
 0.9950604  0.99797124 0.9354031  0.5191297  0.99727935 0.99834466]
[0.98334277 0.9980684  0.99677545 0.99892247 0.9982413  0.9904214
 0.9987191  0.99176073 0.9987073  0.9197647  0.9982486  0.9944517
 0.99797136 0.8617068  0.9960891  0.9989806 ]
[0.979478   0.9978808  0.99759704 0.8589992  0.99853015 0.9982266
 0.9946143  0.9976157  0.99037117 0.99599826 0.9802187  0.9972264
 0.99853814 0.99701834 0.96346706 0.99849784 0.99872005]
[0.967698   0.9974189  0.99570316 0.8828101  0.99919504 0.9979522
 0.99329233 0.998384   0.9865166  0.9906012  0.9870314  0.99651307
 0.99266666 0.99790907 0.9518579  0.9397298  0.9966036  0.9986297 ]
[0.93615866 0.9986651  0.9993222  0.8921392  0.9985619  0.9975268
 0.973041   0.9985045  0.9930912  0.9961379  0.9890617  0.9979265
 0.99402857 0.99733126 0.66558814 0.9465297  0.9977023  0.99892044]
[0.98382944 0.9971892  0.99514645 0.9985258  0.9987081  0.9948769
 0.9975177  0.9828294  0.9971015  0.977535   0.9971438  0.99236685
 0.9975662  0.94028217 0.9702966  0.9979627  0.9991067 ]
[0.98697263 0.99332726 0.99779785 0.77458745 0.99899    0.99865544
 0.9958775  0.9975551  0.9913675  0.9948225  0.9899418  0.99848664
 0.9985159  0.9976089  0.76563174 0.8849604  0.99827325 0.9991105 ]
[0.97427285 0.9967006  0.9976816  0.9545628  0.9986802  0.9987172
 0.99261636 0.99871683 0.989035   0.9945116  0.90654624 0.9973592
 0.98898697 0.9982292  0.8376617  0.9452766  0.99742645 0.9989925 ]
[0.95942414 0.99872667 0.99721575 0.9172179  0.99916923 0.99861217
 0.99256027 0.99879396 0.9928976  0.99701643 0.9852409  0.9980242
 0.9919944  0.9982162  0.9104676  0.8653848  0.9982304  0.9989837 ]
[0.9787174  0.99779785 0.9982572  0.906381   0.9991241  0.9984895
 0.9968802  0.9987262  0.9782754  0.9935527  0.988567   0.99734
 0.9977581  0.9970933  0.5440374  0.8685523  0.9985032  0.99931955]
[0.97497183 0.99874204 0.9991683  0.7638734  0.9990701  0.99858534
 0.99119407 0.9987532  0.99411494 0.99539584 0.98978454 0.9984445
 0.99588096 0.99834144 0.958496   0.9747755  0.9976023  0.99890006]
[0.9816497  0.99786276 0.99839133 0.99895287 0.99909985 0.9901321
 0.99919516 0.9932081  0.9964976  0.98949605 0.9984792  0.9943926
 0.99805367 0.50248814 0.9360509  0.9988232  0.9990195 ]
[0.976061   0.99663454 0.99533844 0.99876153 0.99833626 0.9861217
 0.9970469  0.9896945  0.99706775 0.9825125  0.99604034 0.9912076
 0.9982309  0.8117357  0.943667   0.99761665 0.9992587 ]
[0.9614801  0.9969881  0.99816847 0.9992756  0.9991092  0.9925977
 0.99822646 0.9929763  0.9968227  0.98681355 0.9979152  0.99032634
 0.9978173  0.6697058  0.57064444 0.999617   0.9994197 ]
[0.9788711  0.99753773 0.9967908  0.89125377 0.99917245 0.9989126
 0.9942473  0.9984559  0.9936674  0.99845946 0.9906063  0.9967781
 0.99561864 0.9967822  0.97967875 0.91682786 0.99668354 0.998787  ]
[0.977994   0.9973695  0.99718803 0.7898826  0.99951434 0.99868554
 0.9886129  0.9989367  0.9964175  0.99416345 0.95723647 0.9964599
 0.9976094  0.9987663  0.9730147  0.9985851  0.99936014]
[0.96841484 0.9964359  0.99742943 0.9568554  0.99873894 0.9987525
 0.99330056 0.9976527  0.9869168  0.99669564 0.9708136  0.9971553
 0.99312943 0.99621385 0.9042632  0.94497305 0.9978309  0.9991392 ]
[0.872555   0.99776757 0.99653304 0.9027955  0.9988392  0.99890065
 0.9948043  0.99618834 0.98328596 0.9979132  0.98966575 0.997889
 0.99288964 0.99792576 0.9317878  0.9972222  0.9990115 ]
[0.97445506 0.9988593  0.99513716 0.50907385 0.99875045 0.9985032
 0.99519604 0.9990808  0.9932174  0.9958014  0.98916465 0.9980404
 0.9961428  0.99762756 0.90638095 0.928767   0.99770194 0.99894446]
[0.9753243  0.99366224 0.9982633  0.5334983  0.876465   0.99912375
 0.9981641  0.995076   0.9985055  0.9949244  0.9884774  0.98713243
 0.9986657  0.9934336  0.99808013 0.9441865  0.9983181  0.99810517]
[0.98575693 0.99764663 0.99493694 0.80238837 0.9983411  0.9983108
 0.9930609  0.99818903 0.9856172  0.9921119  0.9835449  0.996163
 0.99690455 0.99745697 0.93399614 0.9452755  0.99726224 0.99899286]
[0.9635091  0.99830794 0.9985556  0.99933165 0.9989429  0.9942046
 0.9989196  0.9928998  0.99572206 0.9922552  0.99820554 0.9958768
 0.99875677 0.9741233  0.9594532  0.99827635 0.9995629 ]
[0.97167206 0.9971699  0.9972379  0.77362186 0.9984498  0.9972349
 0.9946354  0.9976337  0.98832905 0.99804795 0.9831155  0.99708694
 0.99767524 0.997595   0.72823995 0.9972705  0.9986313 ]
[0.90443766 0.9981206  0.9978415  0.57042426 0.99924266 0.99860185
 0.99509025 0.9988065  0.99598277 0.99684674 0.9829662  0.9975164
 0.9915019  0.9977817  0.9718607  0.81032324 0.9971464  0.9985222 ]
[0.9626373  0.99806434 0.9959189  0.99928266 0.9990369  0.99371946
 0.99927026 0.9952407  0.99142027 0.9878855  0.9976935  0.993838
 0.9977355  0.9729182  0.96761817 0.9985784  0.999335  ]
[0.9726553  0.9963321  0.9966186  0.87257683 0.99898416 0.9987846
 0.9852154  0.9983833  0.993288   0.9979752  0.9415869  0.99651873
 0.99283594 0.99844944 0.96843094 0.9563134  0.9977336  0.9993154 ]
[0.9976833  0.9981882  0.9989047  0.998798   0.9971949  0.9989919
 0.9936144  0.9971117  0.9889727  0.99733055 0.99438524 0.99812466
 0.9117105  0.92860776 0.99864167 0.999044  ]
[0.9625763  0.99784625 0.9929436  0.8442022  0.999017   0.9980557
 0.99609816 0.99786925 0.9869543  0.99743783 0.9874796  0.9979054
 0.991339   0.9965321  0.92648345 0.96903116 0.99838555 0.99897635]
[0.9769727  0.99537694 0.99652267 0.9010058  0.9990245  0.99854654
 0.991994   0.9987632  0.9885776  0.9959609  0.9856501  0.9961809
 0.99135053 0.99774617 0.96766204 0.86549    0.99684685 0.9986199 ]
[0.97168475 0.99802834 0.99726546 0.900911   0.9991916  0.9990814
 0.9961218  0.9987728  0.99102694 0.9962997  0.9916107  0.99694186
 0.9982132  0.9988047  0.7262587  0.9683017  0.9988527  0.9993981 ]
[0.9781139  0.9977423  0.99798346 0.9181854  0.99922156 0.99859875
 0.9860204  0.99882764 0.99296147 0.9966534  0.98559743 0.9987204
 0.99237    0.99898356 0.88370496 0.9957658  0.99917823]
[0.9846506  0.99844885 0.9990709  0.9993216  0.9983987  0.9934638
 0.99889684 0.9932065  0.9935634  0.9831982  0.9989291  0.99720323
 0.9987686  0.71678793 0.8953548  0.9986077  0.9989624 ]
[0.97884244 0.9951349  0.99673235 0.9988944  0.99877566 0.9893606
 0.9985538  0.9940368  0.99807966 0.978384   0.9956939  0.99135935
 0.9970849  0.94867903 0.9978593  0.9989955 ]
[0.97896886 0.9978816  0.9974999  0.9012381  0.9993051  0.99781907
 0.9938625  0.9979625  0.9874528  0.99526334 0.9799008  0.9970139
 0.9957832  0.99700624 0.8131512  0.99795294 0.99841154]
[0.9510476  0.9980933  0.9974407  0.9544251  0.9991906  0.99891484
 0.9951898  0.9971192  0.98396665 0.9955051  0.9875536  0.99852645
 0.9983374  0.99741554 0.6935422  0.95475084 0.9964824  0.99907696]
[0.96756613 0.99732095 0.99686015 0.9988851  0.99817085 0.98511106
 0.9965988  0.98881394 0.98807526 0.9861444  0.9981919  0.9910731
 0.9955179  0.9192878  0.99909496 0.99919766]
[0.9821707  0.9968066  0.9979602  0.9990951  0.9990594  0.99490273
 0.9981159  0.9850957  0.992144   0.9937389  0.99852115 0.99366176
 0.9986714  0.84565187 0.93654275 0.9970319  0.9992435 ]
[0.9801737  0.9969119  0.9974076  0.9991726  0.9990213  0.9933431
 0.9984106  0.9927806  0.9943558  0.97860765 0.99892384 0.99434954
 0.9981509  0.957241   0.99885356 0.9992372 ]
[0.9737801  0.996723   0.9982285  0.9983005  0.9981876  0.99568343
 0.9980685  0.98516405 0.99828833 0.89681417 0.9976374  0.98849595
 0.9963685  0.6875612  0.96438664 0.99881625 0.99901223]
[0.97861326 0.9952436  0.99840933 0.9991387  0.9978908  0.99095696
 0.99874663 0.99087006 0.9914806  0.9447804  0.9963329  0.99612457
 0.99550396 0.82318014 0.925771   0.9964128  0.9984086 ]
[0.935875   0.9985532  0.99423826 0.81447697 0.9990663  0.9987832
 0.99446577 0.9983576  0.9909881  0.9935655  0.98430055 0.99823487
 0.9943715  0.9978235  0.80116844 0.99764425 0.99825937]
[0.968857   0.9968797  0.9962484  0.8450858  0.99918336 0.9982029
 0.99045724 0.9987779  0.9943428  0.99397945 0.9856544  0.99844176
 0.99750865 0.99843043 0.9457981  0.96412855 0.9986064  0.999323  ]
[0.9767378  0.99799985 0.99695075 0.99938047 0.99905556 0.9918835
 0.9988041  0.99417984 0.9987142  0.9857534  0.9962126  0.9951416
 0.9980665  0.9571914  0.96496606 0.99786925 0.99890995]
[0.97620857 0.99458426 0.9920529  0.8977922  0.99878293 0.9977774
 0.9887538  0.9977113  0.9867379  0.98378515 0.9703794  0.99657863
 0.99415565 0.99641955 0.76204723 0.9610802  0.99697363 0.99894506]
[0.8920853  0.99823654 0.9974611  0.92944056 0.99867284 0.99869686
 0.9939512  0.9980369  0.9915867  0.99720436 0.992243   0.99748504
 0.99455655 0.99799275 0.9234955  0.9467239  0.99784434 0.99853647]
[0.97750515 0.99760604 0.99510795 0.6634084  0.99849296 0.9985844
 0.99185973 0.9982711  0.9901631  0.9955051  0.98698515 0.9943235
 0.9851835  0.99726796 0.84282315 0.9585886  0.9968029  0.9992538 ]
[0.967135   0.9980059  0.99809235 0.9631487  0.99911827 0.99815035
 0.9968079  0.9988432  0.9962675  0.99808013 0.9909129  0.9982152
 0.99749196 0.99883896 0.8406154  0.5661589  0.9974426  0.9990594 ]
[0.97355574 0.99658114 0.9978109  0.7724798  0.99858546 0.9985252
 0.9965186  0.99905926 0.99390775 0.9977094  0.9832524  0.9980767
 0.992755   0.9982973  0.9058673  0.96377885 0.99726236 0.9989743 ]
[0.95658714 0.9966186  0.99834156 0.5735667  0.9988978  0.9985348
 0.99302673 0.9982193  0.99242276 0.9918716  0.9895976  0.99772316
 0.99116606 0.9976622  0.9589405  0.9982343  0.99894804]
[0.98413545 0.99780816 0.9956417  0.7261544  0.999037   0.99878246
 0.992455   0.9980293  0.9874697  0.9959227  0.9805126  0.99744
 0.9906345  0.99777055 0.7069989  0.95919466 0.9980806  0.99940073]
[0.9795446  0.99527353 0.99922514 0.85486674 0.9992324  0.99829394
 0.99074954 0.9989795  0.9899991  0.9884682  0.98974425 0.997825
 0.99534684 0.9969599  0.9969537  0.99939036]
[0.92584026 0.9954014  0.99809045 0.99890447 0.99780995 0.9930241
 0.9985493  0.98787737 0.9958366  0.98817676 0.9964522  0.98622745
 0.99702233 0.7574642  0.93508375 0.9972293  0.99894506]
[0.97299665 0.99831617 0.9969524  0.7833898  0.9990578  0.9985393
 0.9924333  0.9976605  0.9905053  0.99808574 0.98900384 0.9980782
 0.9964193  0.9984737  0.96077585 0.9263452  0.99825436 0.9987538 ]
[0.94641733 0.99204963 0.99536103 0.9151834  0.99854004 0.99836606
 0.9802899  0.9987758  0.9923435  0.99645764 0.9777844  0.9974891
 0.9939349  0.997934   0.9221482  0.95792484 0.99828404 0.999203  ]
[0.97424185 0.9946162  0.99731666 0.99884903 0.9976816  0.99578947
 0.9981912  0.9884558  0.99310327 0.96590257 0.9947207  0.9903751
 0.99835    0.79685014 0.9294891  0.99773175 0.9987398 ]
[0.9615712  0.9953844  0.996619   0.99860626 0.99905807 0.9901102
 0.99828416 0.9916392  0.98996544 0.98415345 0.9974463  0.99756926
 0.9971334  0.845427   0.91438806 0.9977889  0.9986625 ]
[0.9665648  0.9977781  0.99760085 0.91910654 0.998412   0.99737823
 0.9936871  0.99830616 0.9932253  0.99644226 0.93729264 0.9980544
 0.99340993 0.9981755  0.87525797 0.99831486 0.9989471 ]
[0.97755164 0.99662846 0.99824226 0.99859804 0.9988972  0.99337524
 0.99815255 0.9943515  0.9965886  0.98863053 0.99762887 0.9961433
 0.99699044 0.9562359  0.9317793  0.9977089  0.9993395 ]
[0.97851473 0.9948308  0.99788743 0.93800616 0.9988127  0.99847513
 0.98675424 0.99906343 0.98740244 0.99453956 0.9879211  0.99661
 0.99555224 0.9973775  0.9331669  0.9997578  0.99867153]
[0.9857224  0.9983032  0.9971976  0.8540012  0.9991671  0.99871767
 0.9949189  0.9989184  0.992811   0.99656194 0.99204695 0.9975781
 0.9981268  0.99864143 0.9679796  0.912891   0.99807465 0.99891484]
[0.9667898  0.99642426 0.9971922  0.89363813 0.9989961  0.9979455
 0.98712236 0.9980994  0.98734015 0.9923759  0.9894394  0.99794394
 0.9981152  0.9982462  0.96154183 0.99732494 0.99875045]
[0.98815304 0.9973183  0.9985221  0.85933304 0.99878126 0.9979443
 0.99468476 0.9989944  0.99007356 0.9962238  0.9933246  0.9963421
 0.99385935 0.9982338  0.76028186 0.9732632  0.9982285  0.9989625 ]
[0.9809862  0.9970727  0.99816954 0.91615814 0.99911827 0.998955
 0.9902458  0.999225   0.99409467 0.99679357 0.98145825 0.9981104
 0.9921462  0.9973226  0.56453294 0.94776326 0.998259   0.998774  ]
[0.9181059  0.9972516  0.99760485 0.99919707 0.998635   0.99253017
 0.9987888  0.9955871  0.996375   0.9938898  0.9978448  0.9955155
 0.9983353  0.8974728  0.9659747  0.99854976 0.998676  ]
[0.97864145 0.99802256 0.9984586  0.9990767  0.99920017 0.9950099
 0.99902546 0.9962155  0.9964059  0.9915699  0.9978515  0.9913858
 0.9987224  0.9237164  0.92561334 0.9992411  0.9994723 ]
[0.972195   0.99587846 0.9946384  0.9987779  0.99845254 0.99122053
 0.99817836 0.985441   0.9959655  0.93435484 0.9964288  0.9872363
 0.9986455  0.9470039  0.9670399  0.995419   0.9985292 ]
