Mprobs for dataset 1 (AIC) (Mean-field)

[0.99097073 0.9947184  0.9953609  0.995402   0.9954319  0.9944267
 0.99321544 0.9956327  0.99096936 0.9944863  0.9950718  0.9931584
 0.9955781  0.9939115  0.9951566  0.993901   0.9958311  0.99359375
 0.99171937 0.9925615  0.99365145 0.9911959  0.99548644 0.99261475
 0.9949786  0.9950058  0.99082935 0.9954782  0.99288005 0.99404776]
[0.99446183 0.991831   0.9938923  0.99414104 0.9937709  0.99029374
 0.99296737 0.99454224 0.991198   0.9953715  0.99423367 0.9951309
 0.9945496  0.99408275 0.99064714 0.9909855  0.9901273  0.9905938
 0.9911844  0.9950047  0.994619   0.99169487 0.9940937  0.99202114
 0.99538076 0.99261224 0.9928599  0.9938002  0.99422354 0.99273056]
[0.9941227  0.9931211  0.9923401  0.9942836  0.9893036  0.9904116
 0.99566406 0.9909129  0.99393713 0.9931781  0.9957177  0.99484235
 0.9957699  0.9958474  0.99365413 0.9917217  0.9890331  0.99566036
 0.99410653 0.99402374 0.9905884  0.99485236 0.99313426 0.99268335
 0.99379224 0.99072194 0.9952533  0.99010986 0.99497104 0.9922875 ]
[0.9901059  0.99252844 0.9931184  0.9952957  0.9931259  0.9957211
 0.99041206 0.99430954 0.9940825  0.9954289  0.9952813  0.9932215
 0.99264514 0.9906136  0.99291223 0.9930657  0.9957669  0.99159676
 0.99166846 0.9912152  0.9927967  0.99323773 0.98977834 0.9931331
 0.9934283  0.99541414 0.9925177  0.99047285 0.9958847  0.98975277]
[0.9915303  0.9953753  0.99252397 0.99100316 0.99530137 0.9937453
 0.9910896  0.99136543 0.99109495 0.99040693 0.99511    0.99533844
 0.9953752  0.992074   0.9938412  0.9947107  0.9944148  0.9956447
 0.99028987 0.9952447  0.99050736 0.9950665  0.99482876 0.9906927
 0.99592423 0.99479854 0.9903668  0.99163085 0.9953784  0.99269617]
[0.99541414 0.9902086  0.99558485 0.99423665 0.9915201  0.9947725
 0.9959072  0.9906219  0.9917604  0.99253255 0.99546295 0.9902643
 0.99452055 0.9912203  0.99414164 0.99362695 0.9934895  0.9932554
 0.99181765 0.9946747  0.99257237 0.99176663 0.9945709  0.99309725
 0.9930253  0.99547404 0.9903189  0.99386966 0.9932748  0.9927873 ]
[0.9907108  0.99414355 0.9907278  0.9938241  0.9952631  0.9957653
 0.99456936 0.9953696  0.9920738  0.99533194 0.99040765 0.9957659
 0.9933288  0.99368155 0.9947568  0.9954541  0.9929368  0.99165654
 0.9923348  0.99471223 0.9961747  0.9948114  0.99376255 0.9956157
 0.9931257  0.993842   0.9929073  0.9922382  0.9932807  0.9900079 ]
[0.9931839  0.9899665  0.98992026 0.99540883 0.99438065 0.99118364
 0.9941016  0.99041677 0.9956311  0.99494994 0.99508435 0.9913011
 0.99441457 0.9954869  0.9949464  0.99550265 0.9941521  0.9927817
 0.99566394 0.99568874 0.99310005 0.9908098  0.9938241  0.99529654
 0.9916928  0.9948113  0.99196047 0.9941339  0.9953399  0.99182874]
[0.994245   0.9945169  0.99052304 0.991744   0.9930143  0.99531144
 0.991706   0.99364144 0.99496657 0.99513936 0.98942685 0.9913967
 0.9949976  0.9898864  0.995415   0.99520445 0.989902   0.99195427
 0.99534    0.9930227  0.9910512  0.99264646 0.99206686 0.9925206
 0.99489236 0.9952897  0.9959358  0.9955655  0.9915754  0.9956813 ]
[0.99209255 0.9903565  0.9894973  0.9958334  0.9932853  0.9951356
 0.9956623  0.9945574  0.9902154  0.9904199  0.9936738  0.9931351
 0.9929092  0.9935015  0.9941367  0.9962006  0.993206   0.99602807
 0.99265915 0.99147755 0.99193937 0.99394435 0.9918298  0.99386793
 0.9948571  0.9953709  0.99340546 0.9954912  0.99075073 0.99542964]
[0.99276924 0.9928155  0.99364424 0.99306256 0.9940055  0.9934449
 0.98967814 0.9928398  0.991576   0.9948055  0.9926379  0.995004
 0.9916175  0.9918864  0.99351126 0.9915726  0.99170625 0.99405956
 0.9945551  0.9917807  0.9901545  0.9935813  0.9905281  0.99209034
 0.99245065 0.9959531  0.99351406 0.9939324  0.99277    0.9920324 ]
[0.99071115 0.9938408  0.99287295 0.9950588  0.9940975  0.99567765
 0.9929327  0.99524164 0.990171   0.994024   0.9902138  0.99392253
 0.99504906 0.9956899  0.9956338  0.9905329  0.9919709  0.99292654
 0.99549073 0.9941778  0.99033713 0.9915509  0.9928988  0.99087614
 0.99327916 0.9897765  0.9929717  0.9914772  0.99297005 0.99207777]
[0.9923822  0.9947107  0.9894908  0.99395293 0.9910295  0.9927307
 0.9913721  0.992284   0.9907452  0.99239045 0.9957639  0.9934696
 0.9945036  0.99356174 0.9927279  0.99180496 0.99425197 0.99551916
 0.99517715 0.99427223 0.9944027  0.9960977  0.9895884  0.9934157
 0.99088424 0.9946702  0.99114203 0.99233305 0.9932748  0.9934783 ]
[0.995159   0.99162346 0.992939   0.99235195 0.99169296 0.9902962
 0.99590504 0.99469274 0.9928958  0.9940361  0.993214   0.9906936
 0.99459165 0.99218166 0.99287957 0.99415356 0.99430215 0.9960294
 0.9903044  0.99319434 0.99573994 0.9935883  0.9936777  0.9943455
 0.9912306  0.9952426  0.99281645 0.9912089  0.99000263 0.9951748 ]
[0.99323636 0.995518   0.9909595  0.992394   0.99430746 0.99170774
 0.99499965 0.9939302  0.99582714 0.99130017 0.9941141  0.99323314
 0.99456775 0.99113935 0.99419045 0.9948225  0.99041957 0.9926629
 0.99601114 0.99384344 0.99314064 0.993361   0.9929223  0.99549687
 0.9923268  0.99353784 0.9937623  0.9956458  0.99149984 0.99511355]
[0.99583983 0.9962374  0.9960562  0.99258995 0.9954457  0.9944689
 0.9936748  0.9955959  0.9929905  0.994132   0.99567175 0.9913442
 0.99220383 0.99340844 0.994327   0.99217635 0.99267817 0.9922483
 0.9934696  0.99198896 0.98976797 0.9963552  0.9904737  0.9951426
 0.99168867 0.9956519  0.9934556  0.9944254  0.9907217  0.99292165]
[0.9922999  0.99490273 0.9945527  0.99225277 0.99033445 0.9958931
 0.9949405  0.98949605 0.9959139  0.9903927  0.9931161  0.99516946
 0.99517703 0.99453247 0.9959274  0.9952524  0.99273115 0.9916466
 0.9936126  0.9953499  0.99399513 0.99592423 0.9948672  0.99579144
 0.9956624  0.9947832  0.9898492  0.9934018  0.9949196  0.9937763 ]
[0.99283844 0.98950547 0.99204105 0.9942139  0.99274606 0.99403375
 0.9911608  0.99533373 0.99409676 0.9939997  0.9927449  0.9918467
 0.99181926 0.99156016 0.99553406 0.9962537  0.99288213 0.992504
 0.9910644  0.99572974 0.9935308  0.99540544 0.9905005  0.99038386
 0.9908798  0.9933248  0.9952237  0.99332124 0.9938239  0.99209726]
[0.99056995 0.98974586 0.9902473  0.9949163  0.9911816  0.9920813
 0.99407935 0.9909225  0.99391174 0.98933345 0.99159217 0.994048
 0.9947084  0.99481624 0.99133825 0.99580055 0.9949846  0.994816
 0.9921566  0.9951426  0.9937349  0.99284065 0.99402326 0.9924063
 0.99446106 0.9903464  0.99389076 0.9903521  0.9939275  0.9903724 ]
[0.99300367 0.9922626  0.9908359  0.9948073  0.9957332  0.9936486
 0.99302703 0.99426347 0.990238   0.9947767  0.9899192  0.9954568
 0.9919087  0.9945533  0.9908632  0.99484295 0.990316   0.99404055
 0.9941368  0.9949339  0.99297875 0.99371123 0.9924534  0.9948861
 0.9905592  0.99245936 0.99478674 0.99111325 0.994863   0.99315065]
[0.99038637 0.9942498  0.9936195  0.99122095 0.9957579  0.9936923
 0.9955368  0.99498355 0.990373   0.9891511  0.99213165 0.9939079
 0.98971736 0.9956904  0.9938998  0.991396   0.99140185 0.99272823
 0.9911026  0.9922219  0.9956138  0.99546236 0.99481446 0.99425936
 0.99271834 0.9938445  0.99358785 0.99228114 0.99471104 0.99456763]
[0.9900485  0.98955196 0.9945634  0.991479   0.99505615 0.99047184
 0.9955166  0.99261415 0.990302   0.9913845  0.99085486 0.9907369
 0.9954229  0.99563366 0.9933381  0.9905973  0.9953674  0.99544626
 0.99427575 0.9917583  0.99550444 0.99318695 0.9917229  0.9944142
 0.9937087  0.9928005  0.9952743  0.9918087  0.99514043 0.9925051 ]
[0.9950287  0.9944807  0.99559057 0.9922646  0.9913521  0.99547714
 0.99583566 0.9917651  0.9918909  0.99040586 0.9906873  0.9950177
 0.99252677 0.99404705 0.99467504 0.9958762  0.9955433  0.9944382
 0.99332196 0.9911404  0.9912006  0.991184   0.99073315 0.9948183
 0.9951178  0.99129593 0.99027437 0.9950995  0.991698   0.99109614]
[0.99389726 0.9954276  0.99201113 0.99560815 0.99362844 0.993022
 0.9905082  0.98979187 0.9913496  0.9937942  0.9943514  0.99370414
 0.99577445 0.99247736 0.9932334  0.99047977 0.9930172  0.99472225
 0.9914944  0.9923185  0.994545   0.9947389  0.9946267  0.99558794
 0.9940561  0.99411714 0.9941935  0.9925978  0.9903922  0.9913162 ]
[0.99035525 0.99097204 0.9905195  0.9903813  0.99533564 0.99470747
 0.9930976  0.9937627  0.9937202  0.99141604 0.99482936 0.99582785
 0.9936864  0.9915365  0.9953726  0.99352247 0.99542457 0.992188
 0.99159825 0.9909895  0.9945194  0.9931926  0.99204224 0.99017954
 0.99491596 0.99542576 0.99326056 0.992044   0.9915691  0.9960007 ]
[0.9899803  0.9941571  0.99153507 0.9954254  0.9915215  0.9932334
 0.9954651  0.9941864  0.9942766  0.9912726  0.9945102  0.9903994
 0.99591285 0.99474597 0.99356365 0.9957606  0.9953941  0.9946984
 0.99553525 0.996009   0.9905371  0.99492466 0.9896465  0.995565
 0.9954869  0.99092823 0.9955271  0.9905544  0.9913282  0.99370414]
[0.9954755  0.9926231  0.99311215 0.9951108  0.99549085 0.9929844
 0.99495053 0.99584335 0.99483806 0.9930521  0.9951261  0.9954371
 0.994966   0.9930211  0.99460727 0.992897   0.9953994  0.9950978
 0.9950354  0.9936959  0.9951841  0.9954014  0.99528694 0.99402916
 0.9917109  0.9922312  0.99486995 0.99073315 0.9950996  0.9915383 ]
[0.9954489  0.9925948  0.9959233  0.99258584 0.99553466 0.99020666
 0.9935515  0.9910602  0.9898192  0.99450976 0.9936713  0.991356
 0.9954888  0.9908097  0.9937981  0.9948978  0.99518883 0.9941596
 0.98947144 0.99092823 0.9956755  0.994825   0.9940137  0.993753
 0.9956391  0.9952923  0.99183226 0.9947857  0.9948992  0.99250305]
[0.9904152  0.9942616  0.99071    0.99477214 0.99554163 0.99052864
 0.99412715 0.9936999  0.99311477 0.9957278  0.9941889  0.99434125
 0.9942697  0.99480623 0.9911867  0.9929342  0.99048364 0.99578696
 0.9950304  0.9921536  0.9899545  0.99470633 0.99221647 0.99495894
 0.9939668  0.9892134  0.9911583  0.99564785 0.9908647  0.9939917 ]
[0.9957408  0.99019754 0.9903957  0.99601114 0.990542   0.98945767
 0.99465597 0.9950216  0.99548185 0.99276733 0.9944442  0.990377
 0.9894991  0.9929426  0.99553937 0.99280775 0.994545   0.9959925
 0.99471986 0.99519145 0.99510205 0.9919945  0.9955819  0.99451256
 0.9955722  0.99066776 0.99322283 0.99328667 0.99566394 0.9952868 ]
[0.9944886  0.9958989  0.99588436 0.9911376  0.995191   0.9954971
 0.9953453  0.99458015 0.99428755 0.9928639  0.99368167 0.9949528
 0.992572   0.9940148  0.9916351  0.99103844 0.99518675 0.9901059
 0.9949928  0.9939421  0.990194   0.9949727  0.9940586  0.99587786
 0.99580944 0.99349    0.9917242  0.99333054 0.9918258  0.9952879 ]
[0.9952676  0.99230736 0.99415404 0.9934983  0.99018526 0.9955858
 0.9897357  0.99364674 0.9897517  0.99529535 0.99086386 0.99283785
 0.9896841  0.99412006 0.9949496  0.99143726 0.99606776 0.9947744
 0.9948566  0.99394727 0.99486756 0.99369967 0.99561834 0.9951833
 0.9937448  0.99481153 0.99279845 0.99209255 0.99149793 0.9934376 ]
[0.99545777 0.9960128  0.99472106 0.99042344 0.99441516 0.99551314
 0.9939107  0.995291   0.9900506  0.9954183  0.99478227 0.99438924
 0.9947733  0.9909589  0.9918544  0.9947054  0.994743   0.9956495
 0.9911062  0.9920145  0.99117225 0.9955069  0.99315405 0.99437165
 0.99563724 0.9897686  0.9929471  0.9934388  0.9919574  0.9934534 ]
[0.99102086 0.9908737  0.9957743  0.9938437  0.99544513 0.9909827
 0.9908716  0.9921218  0.9948049  0.99545383 0.99409455 0.9917252
 0.99531084 0.9910314  0.9931641  0.9924527  0.99088705 0.9935603
 0.9935621  0.9938944  0.99124104 0.99222356 0.99272996 0.9945293
 0.99587554 0.98920876 0.99246407 0.9912407  0.99322647 0.98904   ]
[0.9956735  0.9944429  0.9899267  0.9926323  0.99025905 0.991774
 0.99557555 0.9923752  0.9944676  0.9939062  0.994932   0.9926265
 0.9956182  0.995559   0.9955634  0.99130553 0.9919539  0.99553126
 0.9900727  0.9900962  0.9928221  0.99393326 0.99372005 0.99367213
 0.995093   0.9930264  0.99498934 0.99556065 0.9921342  0.99466324]
[0.9955264  0.996121   0.99490345 0.9911671  0.9956416  0.995023
 0.99154294 0.9922637  0.99369335 0.99097717 0.9920238  0.992218
 0.99518496 0.9939428  0.995477   0.99489367 0.9939361  0.9948436
 0.99126434 0.9919288  0.990355   0.9939983  0.9941788  0.99283093
 0.9930803  0.9915869  0.990317   0.99464685 0.99501795 0.9925724 ]
[0.99024874 0.9943843  0.9901967  0.9940621  0.9944106  0.99497485
 0.9934935  0.9946024  0.9957152  0.99258465 0.9921014  0.99491227
 0.9907472  0.9935888  0.9961373  0.992837   0.991886   0.99529403
 0.99482626 0.99208176 0.9946768  0.99584806 0.99116474 0.99137527
 0.9931179  0.99401724 0.99563414 0.99144226 0.9934493  0.9955201 ]
[0.99488395 0.9957041  0.9928489  0.9959985  0.989985   0.992945
 0.9920855  0.9942768  0.99436027 0.99127686 0.9952572  0.9925459
 0.9917052  0.9951208  0.9948037  0.9927891  0.9906504  0.99038726
 0.99200493 0.9940263  0.9936947  0.99543107 0.9911055  0.9953869
 0.99191177 0.9904793  0.99216145 0.9928082  0.9923481  0.9896151 ]
[0.9904799  0.9949993  0.9947143  0.9946451  0.9929309  0.9913073
 0.9958574  0.99365366 0.9948414  0.9930219  0.9938763  0.9951669
 0.9935969  0.99111813 0.99463695 0.99378926 0.9943684  0.99507517
 0.9904531  0.99253696 0.99429977 0.99203473 0.9939944  0.99582136
 0.98996407 0.9948719  0.9930929  0.9957638  0.98990554 0.992708  ]
[0.99525213 0.9913209  0.9949586  0.99384683 0.9939407  0.993958
 0.99167144 0.9909011  0.9914521  0.99357504 0.99581724 0.99249345
 0.9952584  0.99517316 0.9922536  0.9956567  0.9949037  0.9933723
 0.9953998  0.989787   0.9948336  0.99242014 0.99458873 0.992159
 0.99284995 0.99183923 0.9955041  0.9957562  0.9953561  0.9953199 ]
[0.9957431  0.9942274  0.99031454 0.9944206  0.99598914 0.9953927
 0.9938471  0.9919018  0.99563545 0.992788   0.99443924 0.99098676
 0.99410534 0.9948072  0.99295324 0.99036694 0.9957046  0.99508685
 0.99341244 0.99530727 0.9920175  0.993327   0.99429446 0.99178153
 0.9943851  0.99572253 0.98988086 0.99560416 0.9936324  0.99586487]
[0.99319434 0.9916557  0.99033433 0.99503773 0.9935821  0.9911874
 0.99507624 0.9949957  0.99304646 0.9954972  0.990877   0.9951073
 0.9944477  0.9959233  0.9938838  0.9912441  0.99537283 0.990484
 0.9956125  0.9901517  0.99517655 0.9932335  0.9956126  0.99447155
 0.9941421  0.9891783  0.99318755 0.99219644 0.9907808  0.99186385]
[0.9955605  0.9943785  0.9948243  0.9927412  0.9955413  0.989762
 0.99508446 0.9902076  0.9934208  0.9934187  0.99242496 0.9916843
 0.9948317  0.9944983  0.9907142  0.9934981  0.99532855 0.9959948
 0.9960997  0.99415827 0.99054295 0.9924482  0.9947902  0.99335784
 0.994206   0.9897859  0.99324024 0.99238354 0.9913288  0.99364   ]
[0.9959279  0.9931821  0.99387866 0.99410963 0.99451005 0.9899822
 0.99391514 0.99279845 0.9954721  0.9936427  0.9946568  0.99092495
 0.99312156 0.99115366 0.9925202  0.99557555 0.9950459  0.99479043
 0.9948183  0.9925736  0.9899485  0.9928012  0.9959325  0.9935573
 0.9953753  0.9923779  0.9914077  0.9914374  0.9928893  0.9955497 ]
[0.9952266  0.99246734 0.991083   0.9926644  0.9934896  0.990051
 0.990715   0.99556655 0.9937518  0.99528116 0.9926817  0.98938596
 0.99431926 0.9895446  0.99513763 0.9926611  0.9897741  0.9909293
 0.990387   0.9928284  0.9953127  0.99350256 0.9955979  0.995833
 0.9947312  0.99387413 0.9939189  0.9925107  0.99090004 0.9935643 ]
[0.9940094  0.9951952  0.9905806  0.99462944 0.99558216 0.9918955
 0.9931049  0.9900012  0.9898168  0.995717   0.9948972  0.99318767
 0.9934093  0.99417466 0.99030966 0.99361885 0.9911656  0.9942062
 0.9906378  0.99199307 0.9912571  0.9954267  0.99322754 0.99276274
 0.9942865  0.9929826  0.99523264 0.9934002  0.9956879  0.99592257]
[0.9907195  0.99478984 0.993345   0.9946926  0.9947601  0.993451
 0.99105996 0.9918541  0.99044937 0.9928518  0.9908732  0.99037653
 0.9944882  0.99286735 0.9929571  0.9913579  0.9944701  0.9909435
 0.9933961  0.9908338  0.990202   0.99569064 0.9943568  0.99153167
 0.99035335 0.9940984  0.99057007 0.9926426  0.9949174  0.99418193]
[0.992845   0.99512404 0.99214387 0.9906093  0.9937263  0.99532396
 0.9914301  0.99054354 0.9908579  0.9901904  0.9898016  0.99533147
 0.9921405  0.9953062  0.99573296 0.9927135  0.9944179  0.99409795
 0.99006176 0.9906024  0.99341196 0.99388367 0.99126774 0.9947432
 0.99252445 0.9939282  0.9918805  0.9930636  0.9936702  0.99161595]
[0.9953766  0.99457365 0.9932793  0.9900135  0.9904068  0.99140596
 0.99515283 0.9924629  0.995169   0.993707   0.9929884  0.99351764
 0.9919487  0.99481577 0.99422956 0.99435884 0.9898589  0.99251306
 0.99196    0.99500614 0.99123114 0.99491644 0.99363846 0.99477285
 0.99059135 0.9936645  0.9955036  0.99429893 0.99240595 0.9912219 ]
[0.99531037 0.99383    0.99281824 0.99557805 0.9956477  0.9947771
 0.9928005  0.99026394 0.9957437  0.9927175  0.9955205  0.9936027
 0.99389267 0.9929547  0.9927255  0.9934408  0.99405825 0.99417996
 0.9933756  0.9931629  0.9913573  0.99558866 0.9953614  0.99133915
 0.9954005  0.9936272  0.991469   0.993107   0.9932608  0.9902484 ]
[0.9934521  0.99351114 0.9943816  0.99362636 0.9909356  0.9938246
 0.99077624 0.99586856 0.989902   0.9938     0.9909169  0.9950145
 0.9931832  0.9903002  0.9897634  0.99350375 0.99563414 0.9936376
 0.99552625 0.9956235  0.9953172  0.9954526  0.99321777 0.9931698
 0.99322224 0.99469876 0.99550396 0.99474144 0.9902587  0.99360645]
[0.99305725 0.9939739  0.98987854 0.993053   0.9947141  0.99007344
 0.99261636 0.99114835 0.9935237  0.9957638  0.9921948  0.98975277
 0.9915029  0.99036074 0.9895467  0.9955758  0.9934835  0.99440634
 0.99578506 0.9932341  0.9934422  0.99546355 0.99096316 0.9947455
 0.9933315  0.99102306 0.99378985 0.991772   0.99378693 0.99172956]
[0.9917591  0.9907822  0.99134254 0.991323   0.99565613 0.99597067
 0.9936566  0.99129605 0.98897374 0.99547887 0.9931317  0.99430734
 0.99531096 0.9913033  0.9901506  0.99086326 0.9921393  0.99223596
 0.9950435  0.99277264 0.99264306 0.99594265 0.9914643  0.99384767
 0.9927638  0.99250317 0.99255294 0.99476445 0.99389184 0.99060327]
[0.9933676  0.99276674 0.9925747  0.9943915  0.9918499  0.9932527
 0.99565107 0.99053824 0.99275714 0.9935276  0.9948775  0.9905566
 0.99337006 0.99126095 0.99219793 0.99341595 0.994062   0.9950507
 0.99295324 0.9945878  0.9958235  0.9909697  0.9913952  0.994622
 0.995867   0.9897175  0.99597424 0.99344784 0.9935628  0.9937365 ]
[0.9898037  0.99572915 0.99429977 0.99158466 0.9910329  0.99447
 0.992215   0.9944418  0.99346817 0.99448293 0.9945261  0.9926645
 0.9923104  0.990752   0.9910034  0.99559563 0.99486464 0.99238026
 0.99520445 0.9941724  0.9915609  0.9950482  0.9951396  0.99346876
 0.9950631  0.9906628  0.9907466  0.99487066 0.9919368  0.9900149 ]
[0.9944342  0.99048924 0.99283713 0.9951384  0.99208176 0.9911082
 0.99593395 0.9928987  0.9952597  0.9946361  0.99006456 0.99026287
 0.99212813 0.99523985 0.9948968  0.99153686 0.99090624 0.9955552
 0.99412185 0.99525034 0.9901877  0.9957632  0.9913071  0.9933652
 0.9948959  0.99298346 0.99132055 0.9938205  0.9937668  0.9913523 ]
[0.9949308  0.9924549  0.99508935 0.99416804 0.99579334 0.98936
 0.99163705 0.9910641  0.9954236  0.9942     0.9948013  0.99089104
 0.9947513  0.9931979  0.9904268  0.9903785  0.99312043 0.9928075
 0.9925488  0.99557555 0.9959629  0.991413   0.99270403 0.99508935
 0.9957189  0.98970467 0.9900476  0.99544996 0.9935016  0.9908608 ]
[0.9953629  0.99346924 0.9953224  0.99287134 0.9935913  0.99549294
 0.99608    0.99131775 0.9892368  0.9910787  0.99539256 0.9945298
 0.9950728  0.99532545 0.9958727  0.9907707  0.995564   0.9917504
 0.9941909  0.99432397 0.99372274 0.99348193 0.99051625 0.9943796
 0.9910478  0.9954159  0.99436426 0.9942614  0.9930714  0.99576735]
[0.99348986 0.99608564 0.9940404  0.99145025 0.9943903  0.99378103
 0.9956611  0.9922315  0.9948885  0.9959044  0.99294597 0.99228716
 0.9920366  0.9936312  0.9958015  0.99306893 0.99291056 0.9933624
 0.9909803  0.9935741  0.9901663  0.9948514  0.9953122  0.992814
 0.9950304  0.993287   0.9909604  0.9936318  0.99009377 0.99183476]
[0.993944   0.9925962  0.99266374 0.99302495 0.9935795  0.9906172
 0.9903785  0.99028647 0.9932546  0.99268806 0.9955811  0.99204963
 0.9940409  0.99320763 0.99313134 0.99089515 0.99452835 0.99456656
 0.99579006 0.98937154 0.9956436  0.99164635 0.9947885  0.9914875
 0.9950153  0.9957742  0.99193317 0.9914001  0.9943205  0.9950335 ]
[0.99432546 0.9935495  0.9911624  0.9934023  0.99260473 0.99531746
 0.99158937 0.9934836  0.99433124 0.9911738  0.9953377  0.994436
 0.9947918  0.9952893  0.9948537  0.995707   0.99410844 0.99423414
 0.992986   0.99517524 0.9901428  0.99024874 0.99350584 0.99416816
 0.9951009  0.9951572  0.99093187 0.99351597 0.9923988  0.990373  ]
[0.9917836  0.995555   0.9891228  0.99558675 0.9951415  0.99023694
 0.99282336 0.99193656 0.9935135  0.9892224  0.99339974 0.99151236
 0.9927209  0.9952428  0.99546695 0.9925828  0.99300426 0.9917408
 0.99149734 0.99365765 0.9932526  0.994511   0.9939036  0.9943189
 0.9953229  0.9944199  0.9925438  0.9902277  0.99481744 0.99079597]
[0.9912463  0.9954092  0.9946859  0.99149054 0.99354976 0.9954204
 0.9924919  0.9946872  0.993138   0.9937237  0.99129725 0.9956742
 0.9901007  0.9910149  0.99502474 0.9906827  0.9952716  0.9923866
 0.9921904  0.9938943  0.9933288  0.99598026 0.9958389  0.9950611
 0.9920374  0.9956033  0.9946912  0.9917013  0.9941453  0.99075174]
[0.9900238  0.9933477  0.9944759  0.9923735  0.9960979  0.9902762
 0.9954621  0.9950917  0.9907135  0.9946464  0.99516934 0.99334514
 0.99078184 0.99499017 0.99343586 0.9906075  0.9934296  0.9949411
 0.99291784 0.9923847  0.99494016 0.9952963  0.9953987  0.99062496
 0.9906461  0.9937028  0.991666   0.9953825  0.99601704 0.99498546]
[0.98976046 0.9952732  0.9895509  0.9937541  0.9949463  0.9945821
 0.9905206  0.9913936  0.9942333  0.99137515 0.99214655 0.9957467
 0.9902969  0.9922691  0.9951265  0.99335206 0.9946142  0.99543697
 0.9935261  0.9949019  0.99537563 0.99447787 0.9938067  0.9954352
 0.9896471  0.99486583 0.99499583 0.99381626 0.9929108  0.9930642 ]
[0.9925702  0.99405754 0.9957359  0.99495643 0.9896605  0.9937994
 0.9921475  0.99518114 0.99016994 0.99164    0.99233425 0.9920425
 0.9935865  0.99568295 0.9937131  0.9946891  0.9936725  0.9954656
 0.99527186 0.99523336 0.9942145  0.9944905  0.9935922  0.9926394
 0.9925287  0.9927489  0.9914335  0.9924154  0.99597245 0.9938886 ]
[0.9920359  0.9939177  0.9897495  0.993893   0.9932336  0.99575365
 0.9929629  0.9948426  0.9939482  0.9921957  0.9950216  0.9943745
 0.99420565 0.9958364  0.99407756 0.9914562  0.99511456 0.99400914
 0.992562   0.9958444  0.9910886  0.99073    0.995218   0.99186313
 0.99347234 0.9951149  0.9950708  0.9933096  0.9910794  0.99206865]
[0.99334186 0.99517787 0.9955592  0.9907453  0.98959774 0.9943336
 0.995235   0.9922834  0.9914539  0.99042517 0.9950324  0.99579453
 0.9912636  0.9905007  0.9956251  0.99155664 0.9903369  0.99459827
 0.99444735 0.99421716 0.99239844 0.9943082  0.9900143  0.9957202
 0.9924366  0.9952739  0.9949791  0.99366957 0.9894806  0.9930762 ]
[0.99261487 0.99518317 0.98986137 0.993832   0.9947802  0.99247783
 0.990222   0.99383694 0.992718   0.99185854 0.99303377 0.99418265
 0.9906309  0.99390393 0.9943065  0.9921186  0.99257433 0.9925615
 0.9925332  0.99499464 0.99328256 0.9921301  0.9935621  0.99321955
 0.99404657 0.98963505 0.99543506 0.9906686  0.99447966 0.99314123]
[0.9923746  0.9932899  0.9939681  0.9910268  0.9951396  0.9942311
 0.99046576 0.9926416  0.990284   0.990337   0.9955634  0.9903154
 0.9907177  0.9941345  0.99495345 0.9941625  0.99062234 0.9939156
 0.9903218  0.9907425  0.9898577  0.99523795 0.99510974 0.989553
 0.99472576 0.9918168  0.9936985  0.99508625 0.9948769  0.99446315]
[0.9945214  0.99051076 0.9943439  0.992853   0.9919329  0.99030167
 0.99007297 0.9948689  0.9915319  0.9914534  0.99079144 0.98944086
 0.9937972  0.9901754  0.9912014  0.9956573  0.99035347 0.9947135
 0.9927073  0.9925443  0.9931125  0.99571323 0.9932234  0.9912443
 0.9928786  0.9949207  0.99605787 0.9953365  0.99559    0.9959258 ]
[0.9899635  0.9941697  0.99245656 0.98974633 0.99592376 0.99015874
 0.9922179  0.99276155 0.9949078  0.99043185 0.9910108  0.9944529
 0.99115634 0.995902   0.9927286  0.9929844  0.9946142  0.99262357
 0.9958603  0.99384993 0.9955094  0.9925895  0.9949079  0.9949064
 0.9942221  0.9931866  0.9947326  0.9941994  0.9959274  0.9923149 ]
[0.99460196 0.99387854 0.9935323  0.99062854 0.9943222  0.9933728
 0.9944084  0.992438   0.9955699  0.99287874 0.98939276 0.99505
 0.9926882  0.9955462  0.99348736 0.9928362  0.99402267 0.99392855
 0.99499726 0.9929502  0.99286944 0.99585646 0.9905601  0.993905
 0.9926454  0.9952485  0.9898671  0.9954788  0.9954333  0.9913067 ]
[0.99411774 0.99323964 0.9938501  0.99182326 0.99007225 0.9958359
 0.99230826 0.99373287 0.99492824 0.9907116  0.9951989  0.98984385
 0.9898914  0.9926301  0.9956181  0.9907143  0.9933293  0.992618
 0.99429387 0.99108255 0.9954815  0.9957592  0.994156   0.9915877
 0.9920793  0.9953844  0.9939765  0.9951846  0.9923793  0.9925753 ]
[0.99382365 0.9949445  0.9923038  0.9911897  0.9951874  0.9913374
 0.99306375 0.9904034  0.9947129  0.9945193  0.9905211  0.99217165
 0.9942545  0.991631   0.98938704 0.99597365 0.9910157  0.9946714
 0.99094    0.99135625 0.9942362  0.9954509  0.9936119  0.9936929
 0.99220604 0.99526334 0.994873   0.9949326  0.9925135  0.99377865]
[0.99126184 0.99168783 0.99124056 0.9894554  0.99534106 0.99494725
 0.99555945 0.99264175 0.9905427  0.99218893 0.9951101  0.99218386
 0.99289954 0.99356645 0.9905917  0.9896896  0.995551   0.99313533
 0.9929183  0.9951498  0.9954776  0.9957218  0.9936411  0.99576485
 0.9928564  0.9951697  0.9955395  0.99221987 0.9933656  0.99361426]
[0.9955622  0.9939891  0.9935371  0.98926604 0.9953492  0.989912
 0.99453187 0.9950825  0.99584854 0.99558854 0.9955586  0.9903503
 0.99555486 0.99472    0.9911686  0.9953301  0.98941606 0.9945892
 0.99001265 0.9917847  0.9928352  0.99366343 0.99513704 0.99546957
 0.99316424 0.9930016  0.9949764  0.99455416 0.99294996 0.9901335 ]
[0.9953483  0.9946902  0.99205023 0.9914814  0.9914097  0.99481875
 0.9899719  0.99193937 0.98937523 0.99546295 0.99224466 0.9957995
 0.9916789  0.9907494  0.9952614  0.9932207  0.98982495 0.99234736
 0.99494934 0.9922173  0.9922363  0.991476   0.99215806 0.9950321
 0.9914535  0.99186724 0.99396294 0.99265224 0.9943374  0.99597424]
[0.99350584 0.9898735  0.9938023  0.9949503  0.99580044 0.9940969
 0.99312615 0.9941572  0.99268264 0.993735   0.9951592  0.9943164
 0.99548775 0.9905065  0.9958858  0.99087185 0.9942468  0.99308187
 0.99319834 0.9957712  0.9951003  0.99520975 0.99565154 0.9948567
 0.99272823 0.9936754  0.9909933  0.99228984 0.994456   0.9930982 ]
[0.99552697 0.9938117  0.9930288  0.9915107  0.9927731  0.995175
 0.99226886 0.99410796 0.99020714 0.9922466  0.9943969  0.9897093
 0.9927604  0.99483407 0.99546415 0.99569196 0.9906804  0.99319905
 0.98953503 0.99485505 0.9951355  0.9942538  0.9938437  0.9952062
 0.990755   0.9941083  0.9947659  0.9931005  0.9957908  0.9942411 ]
[0.9953193  0.9896331  0.9952857  0.9901365  0.99018425 0.9908455
 0.9928704  0.9946095  0.9945327  0.9955829  0.990471   0.9955983
 0.99221814 0.99000555 0.99042493 0.9936547  0.9944397  0.99144053
 0.9929819  0.99278647 0.9942883  0.9934627  0.9944014  0.9956495
 0.99358046 0.9903197  0.9900502  0.9900013  0.9902113  0.9904055 ]
[0.9954209  0.9927704  0.992939   0.9921653  0.9909134  0.9928377
 0.99298334 0.99551034 0.9913628  0.9941725  0.99181104 0.99177927
 0.99367046 0.9939796  0.99417627 0.9944313  0.99130857 0.99545246
 0.9940024  0.990329   0.98935807 0.9943005  0.9919775  0.99506676
 0.9937417  0.99565494 0.99397403 0.9910938  0.9937265  0.9910165 ]
[0.99447674 0.99088657 0.9955628  0.992353   0.99232304 0.9935861
 0.99299264 0.9927866  0.9922489  0.9926025  0.99235135 0.99112225
 0.9936632  0.99298286 0.99257636 0.9922071  0.99175394 0.9922924
 0.99199826 0.9909223  0.9941843  0.9929148  0.99373853 0.9928114
 0.99441373 0.9947339  0.99304163 0.9906528  0.9926368  0.99140704]
[0.9908251  0.992074   0.990458   0.9922111  0.99096173 0.99546415
 0.9943057  0.9946937  0.99543566 0.9952335  0.99491173 0.99144137
 0.9902154  0.99148566 0.9944113  0.99068856 0.9941697  0.99597025
 0.9905591  0.991625   0.99013597 0.9938181  0.99372864 0.9924476
 0.99381036 0.9917527  0.99390405 0.99399817 0.9941706  0.99335575]
[0.9912544  0.9956656  0.9961754  0.99327505 0.9958637  0.99511445
 0.9913333  0.9950867  0.9892893  0.99317074 0.99535537 0.99253076
 0.99451977 0.9906811  0.99570614 0.9907522  0.99521047 0.99421823
 0.99482036 0.9948125  0.99568945 0.995      0.99006337 0.9923854
 0.99203545 0.992573   0.9933189  0.9958871  0.99147016 0.9923707 ]
[0.99285626 0.9938135  0.9942782  0.9951013  0.9935022  0.9945831
 0.9938514  0.9907041  0.99007845 0.99287814 0.9954881  0.9941402
 0.9953649  0.9911488  0.9934162  0.9946049  0.9929248  0.99159425
 0.9901933  0.9916803  0.99551034 0.9939692  0.9902715  0.9910745
 0.99070764 0.99315464 0.99372923 0.9920413  0.9931924  0.9934656 ]
[0.99284995 0.9911781  0.992747   0.99551314 0.9952904  0.9903509
 0.99296725 0.9945893  0.9911411  0.99126476 0.9926795  0.9932243
 0.99130017 0.9914936  0.9954346  0.9925861  0.99515486 0.99304396
 0.99576616 0.99381083 0.99476886 0.9933209  0.99197316 0.99443793
 0.9915513  0.9909821  0.99402726 0.99495584 0.99076664 0.9940128 ]
[0.9902872  0.9930975  0.99515176 0.99232316 0.99245316 0.9904935
 0.99563015 0.9920845  0.9917568  0.99165815 0.99413055 0.9949451
 0.9904827  0.9958254  0.99357796 0.991139   0.99176204 0.9926006
 0.9926166  0.992879   0.99256575 0.9948302  0.996086   0.9912476
 0.99014354 0.99569476 0.9924804  0.99589264 0.9949759  0.9927816 ]
[0.9934161  0.9943667  0.9929733  0.9926192  0.99404836 0.9913692
 0.99401397 0.99475753 0.9906985  0.9948184  0.9956638  0.99242496
 0.9903644  0.9928029  0.9956968  0.9918833  0.99438334 0.991015
 0.99185    0.9893987  0.99357647 0.99155444 0.9915976  0.99195486
 0.9962135  0.9915475  0.9957283  0.9913408  0.9957586  0.9948242 ]
[0.99443465 0.99475753 0.9958994  0.9909889  0.99195415 0.9937
 0.9908112  0.99253803 0.995181   0.99477935 0.9940738  0.9939063
 0.99442214 0.99313027 0.9937109  0.9913462  0.9947242  0.9910842
 0.9926804  0.995033   0.9951415  0.9904947  0.9925903  0.9924677
 0.9956102  0.9946577  0.9954482  0.9939965  0.9943685  0.9950446 ]
[0.9955978  0.98965806 0.9939166  0.99400985 0.9905117  0.9937063
 0.9917645  0.992841   0.9901765  0.9926192  0.98968667 0.9926369
 0.9932203  0.993525   0.9916489  0.9941222  0.99323624 0.99012125
 0.9899301  0.992516   0.9914436  0.9953242  0.99526125 0.9943258
 0.99415034 0.993339   0.9934829  0.99555176 0.9947444  0.99353033]
[0.99606174 0.9932637  0.9947665  0.9939957  0.99240863 0.9926207
 0.9944882  0.99086297 0.99378186 0.99407744 0.9957104  0.99573225
 0.99009585 0.99410385 0.9933316  0.99075764 0.99005556 0.99151456
 0.99410397 0.9922841  0.9918128  0.99105835 0.991479   0.99512297
 0.99019414 0.99559253 0.9952271  0.9945809  0.99066144 0.99591005]
[0.9912732  0.9945147  0.9927012  0.9917857  0.9922008  0.9912477
 0.99088705 0.9924049  0.9905121  0.99371076 0.9936633  0.992168
 0.99544996 0.99174654 0.9932458  0.9946902  0.99488974 0.9902159
 0.99295264 0.9932532  0.9951137  0.9932823  0.99306643 0.9917105
 0.9939843  0.9922988  0.99565625 0.99093    0.99200386 0.99097717]
[0.9905439  0.99059075 0.9955504  0.99433833 0.99353456 0.99501294
 0.9953121  0.99458224 0.9917389  0.9924204  0.99398875 0.99048877
 0.9908381  0.99208164 0.990945   0.99338514 0.99578357 0.9922232
 0.9952112  0.99193466 0.9921704  0.99255884 0.9952826  0.99500614
 0.9926843  0.9918671  0.99282503 0.99158937 0.9904349  0.9893049 ]
[0.9955302  0.9930824  0.99309266 0.9908434  0.99068004 0.9957355
 0.99430877 0.9906246  0.99539894 0.9954028  0.9918051  0.98954064
 0.99156886 0.99541616 0.99361455 0.99379176 0.99326515 0.9940587
 0.9951186  0.99546105 0.9916306  0.9897803  0.99038446 0.99027175
 0.9953388  0.99605227 0.9937744  0.99106735 0.99219865 0.99448496]
[0.9926368  0.99576414 0.99390113 0.9939482  0.9950053  0.9936807
 0.99462575 0.9919137  0.99050784 0.9949693  0.9914944  0.99396646
 0.9909977  0.9922895  0.9926433  0.99425113 0.993796   0.99562365
 0.9926438  0.99173826 0.9950482  0.99322826 0.99298745 0.99298805
 0.99528    0.9929739  0.9924948  0.994117   0.99300426 0.9924333 ]
[0.9953602  0.9949189  0.9952852  0.99103314 0.99226767 0.9916318
 0.9912985  0.99468344 0.99498415 0.99039745 0.9952538  0.9906419
 0.9928895  0.9950477  0.9950918  0.98992354 0.9915592  0.9950079
 0.99096185 0.9936877  0.9940195  0.9958075  0.99181926 0.9919544
 0.9932355  0.99419576 0.9940585  0.9934056  0.99484336 0.99426264]
[0.990635   0.99262273 0.9954631  0.9949545  0.99245375 0.9903092
 0.9922356  0.9934847  0.9908495  0.99224526 0.9950295  0.9917344
 0.990546   0.99544865 0.99438596 0.9905757  0.9902082  0.99551255
 0.99482393 0.9955928  0.9909887  0.9920596  0.9940866  0.9921846
 0.99321085 0.99277824 0.99550205 0.9945615  0.9925126  0.9950309 ]
[0.9924976  0.9956392  0.9909899  0.99307054 0.99026746 0.9936079
 0.99377114 0.9937581  0.99554837 0.9898052  0.9917122  0.99391717
 0.99186474 0.9954205  0.990537   0.99595994 0.992665   0.993859
 0.9940925  0.9946871  0.9924838  0.9898901  0.9901175  0.9957449
 0.9935675  0.9951984  0.9944839  0.995917   0.996024   0.9953216 ]
[0.9942259  0.9956743  0.98932916 0.9927884  0.99498796 0.99007857
 0.9942954  0.992462   0.99519783 0.9941128  0.99372333 0.99311215
 0.98929787 0.99395704 0.9924425  0.99095297 0.98977995 0.99264187
 0.9943175  0.9929705  0.9954874  0.9954659  0.99183685 0.99328125
 0.994958   0.9904203  0.9924908  0.9957723  0.99553525 0.9896114 ]
