Mprobs for dataset sim1 (100)

[0.97772604 0.9960167  0.9954691  0.46550497 0.99861276 0.99830663
 0.9948467  0.9975236  0.9924057  0.9907815  0.98894054 0.9968189
 0.9902992  0.9980478  0.9177118  0.9972115  0.99896574]
[0.9356457  0.99800164 0.99835277 0.64974266 0.9991967  0.9990969
 0.9966281  0.99832803 0.9919511  0.99658245 0.9885632  0.9982911
 0.9949457  0.99812263 0.9251256  0.9567046  0.9977563  0.9992537 ]
[0.9811584  0.9967895  0.99420726 0.88289326 0.99882215 0.99912256
 0.98892784 0.99853086 0.9829281  0.99818975 0.9860869  0.9971009
 0.9918358  0.9964819  0.95691895 0.9541289  0.99750745 0.998781  ]
[0.9618581  0.9977169  0.9953477  0.8837785  0.99835783 0.99827504
 0.99299073 0.99838233 0.9898719  0.995546   0.97228247 0.9979571
 0.99379635 0.99685174 0.604099   0.92400694 0.99862266 0.997877  ]
[0.9886982  0.9976568  0.9980108  0.86489695 0.99886525 0.9982318
 0.991384   0.9983352  0.98751056 0.9940063  0.9816669  0.9954541
 0.99567103 0.99802667 0.85002303 0.9189054  0.9982639  0.99830365]
[0.98225176 0.9983498  0.99755496 0.6926443  0.9985476  0.9990945
 0.99303293 0.9984347  0.9889866  0.9957755  0.9739875  0.9970041
 0.9936652  0.99722785 0.388616   0.45385572 0.99737203 0.9988256 ]
[0.9835321  0.9977295  0.99789375 0.460365   0.99905974 0.997888
 0.99152935 0.99903536 0.98690414 0.99657166 0.95031893 0.9982053
 0.99729806 0.99751425 0.9089318  0.8756618  0.9972662  0.9990933 ]
[0.9661596  0.9962638  0.99772066 0.9989667  0.99896955 0.9946567
 0.99677616 0.9933211  0.9973254  0.9892324  0.9981958  0.99628687
 0.9973327  0.95261884 0.9569287  0.9994215  0.9990263 ]
[0.9001781  0.9970746  0.9977762  0.84682333 0.9992481  0.9981577
 0.99499965 0.99934286 0.9912915  0.9939971  0.9909984  0.9986039
 0.9953584  0.99808866 0.90513396 0.9534472  0.9989255  0.9988223 ]
[0.97193605 0.99804556 0.99706167 0.9504965  0.99807775 0.9985361
 0.9948086  0.998765   0.99358493 0.99312454 0.98951375 0.9975205
 0.99763906 0.9985337  0.5086005  0.93276185 0.9964005  0.99912375]
[0.9742119  0.99820495 0.9963373  0.99949145 0.99772674 0.9852614
 0.9982621  0.9939441  0.9935842  0.9450145  0.998575   0.9974776
 0.99791604 0.9580939  0.95765525 0.9984414  0.99931216]
[0.951546   0.99814296 0.99625325 0.99908566 0.99875605 0.9944729
 0.9986671  0.9866063  0.9976762  0.9844475  0.9981875  0.98680335
 0.99662775 0.95562476 0.94423676 0.9985172  0.99861586]
[0.9678697  0.9977259  0.9962852  0.7961888  0.99914384 0.99848205
 0.98964053 0.99867046 0.99210936 0.99538594 0.9836435  0.99747735
 0.99096185 0.9973139  0.8819355  0.912975   0.99810237 0.99931586]
[0.91419363 0.9979134  0.99460924 0.87965435 0.9987602  0.99819297
 0.9971771  0.99779874 0.9878869  0.99293786 0.9744776  0.99769443
 0.99443096 0.9970632  0.9479091  0.95962673 0.9977181  0.99905795]
[0.9837293  0.99771035 0.9992592  0.51567507 0.99822766 0.9991167
 0.9948784  0.998679   0.974912   0.99372166 0.99411845 0.9977865
 0.9976305  0.9971143  0.82804906 0.9542252  0.9984909  0.9986744 ]
[0.9761258  0.99763453 0.9952094  0.99877816 0.9984275  0.9930756
 0.9982828  0.98619324 0.9946062  0.9377765  0.99763167 0.988356
 0.99709046 0.8999569  0.94672227 0.9979851  0.9986879 ]
[0.9896645  0.9971106  0.9954919  0.52856296 0.9988193  0.9977291
 0.99741435 0.997982   0.99027014 0.99418724 0.98047376 0.9964999
 0.99715483 0.9977203  0.89042115 0.95413446 0.9970169  0.9990791 ]
[0.97458184 0.99796706 0.998254   0.82639366 0.9987935  0.99868554
 0.9941468  0.9988312  0.9928461  0.9959403  0.9920081  0.99708074
 0.99792284 0.9970462  0.9541603  0.9396827  0.996172   0.9989937 ]
[0.9836285  0.997343   0.99862826 0.9307993  0.9987925  0.9987531
 0.98863655 0.9982743  0.98806703 0.9956619  0.9628879  0.9983804
 0.99633825 0.9971204  0.4236127  0.96376103 0.99854654 0.9983286 ]
[0.90016913 0.9971379  0.9968707  0.8035027  0.99897337 0.9983531
 0.99626166 0.9989371  0.99491996 0.99388474 0.9751701  0.9952559
 0.99548894 0.9967141  0.9762917  0.95161337 0.9987225  0.99889696]
[0.9788264  0.99767727 0.9979499  0.99913305 0.99932885 0.99459594
 0.9986395  0.992908   0.99828315 0.9941718  0.99691844 0.9918609
 0.9975362  0.77264214 0.94612885 0.99846965 0.9990988 ]
[0.9853881  0.99808455 0.99793684 0.33578807 0.99925464 0.9979686
 0.99434435 0.9985305  0.98580927 0.9940655  0.9866187  0.9979596
 0.9871904  0.9979194  0.9401633  0.95932835 0.99874914 0.9990545 ]
[0.98554635 0.9978672  0.9972356  0.8946421  0.9990797  0.99829763
 0.99431676 0.99874395 0.98604476 0.99274147 0.963591   0.9981098
 0.9960841  0.9982376  0.9553158  0.9144013  0.9979481  0.9991178 ]
[0.9883033  0.9965238  0.99782205 0.75110877 0.9989195  0.9990808
 0.992272   0.998725   0.9860395  0.9966652  0.9925896  0.9962245
 0.99354726 0.99717534 0.93683916 0.95784533 0.9966978  0.9988279 ]
[0.97947264 0.99378186 0.9954516  0.8465601  0.9985789  0.9979113
 0.9889277  0.99701935 0.99035525 0.9958171  0.98499775 0.9957753
 0.98462784 0.99701905 0.5024575  0.95786685 0.9966499  0.9986395 ]
[0.9540476  0.99618644 0.99857974 0.88454014 0.99901414 0.99863017
 0.99569595 0.99838126 0.98880684 0.9939129  0.9827726  0.99877495
 0.9984004  0.9973653  0.951405   0.998395   0.998816  ]
[0.9671245  0.9973984  0.99829394 0.51680017 0.9988921  0.9991974
 0.9938421  0.9983645  0.99314404 0.9926778  0.98351985 0.9974081
 0.99472296 0.99831355 0.45310566 0.998629   0.99915826]
[0.95154935 0.99828595 0.9948514  0.9981668  0.9990402  0.99298215
 0.99838006 0.9910946  0.9934697  0.9886658  0.99685514 0.9947237
 0.99892634 0.9517862  0.97379285 0.9979728  0.9991671 ]
[0.92937744 0.99698514 0.9965258  0.8264086  0.9989304  0.99873894
 0.9943758  0.9988869  0.98648155 0.99822396 0.99095845 0.9976418
 0.99776137 0.99756867 0.8692566  0.94883657 0.99833846 0.99903584]
[0.9890321  0.9988294  0.99710876 0.5770889  0.999022   0.9983759
 0.9911602  0.99833447 0.99124193 0.9966299  0.8134841  0.99737537
 0.99243474 0.99860185 0.9643835  0.95649254 0.999141   0.99797755]
[0.98559904 0.99847966 0.9974578  0.904266   0.9991365  0.9991524
 0.9844243  0.99812526 0.98821825 0.99554884 0.98833305 0.99850094
 0.9939382  0.99602616 0.51168674 0.9594643  0.99898857 0.999411  ]
[0.96662897 0.9949905  0.9961034  0.73996454 0.99887246 0.9987117
 0.9962534  0.9987551  0.9952792  0.99353266 0.9910846  0.9987645
 0.9975376  0.9980989  0.6164883  0.5037538  0.9980849  0.9992761 ]
[0.9823094  0.997017   0.99478734 0.99942505 0.9979978  0.9970391
 0.9967975  0.99501675 0.9949462  0.98975044 0.9976755  0.9975069
 0.9977622  0.9354187  0.9327802  0.9974694  0.99917895]
[0.98294085 0.99845135 0.9970415  0.8757549  0.99827254 0.99814
 0.99389815 0.9987803  0.9937284  0.99636805 0.98471767 0.9970697
 0.9971027  0.9974577  0.69699    0.99850684 0.9991437 ]
[0.96454066 0.99848676 0.9959859  0.7940133  0.9991591  0.99852836
 0.996902   0.998654   0.9873067  0.9979037  0.9921755  0.99854964
 0.99685377 0.9980757  0.8978     0.9609897  0.99812883 0.9988141 ]
[0.9553587  0.99797374 0.99756926 0.85312444 0.9991862  0.99863595
 0.99135125 0.9982256  0.9892735  0.9976458  0.98711956 0.9966445
 0.9926986  0.99652535 0.91134095 0.9126091  0.99704725 0.9993197 ]
[0.9626408  0.9975228  0.99654883 0.3927657  0.999032   0.998304
 0.99389416 0.999065   0.98521715 0.9951357  0.9785299  0.9967303
 0.9937132  0.9979601  0.8957739  0.314858   0.9981754  0.99914956]
[0.9881072  0.9988022  0.997898   0.90432334 0.99892575 0.9990866
 0.99755484 0.9982868  0.9901619  0.99529296 0.9874192  0.9970432
 0.9945657  0.9984188  0.73507625 0.9985207  0.99896467]
[0.79823285 0.9977068  0.99690706 0.9988104  0.99751306 0.98833585
 0.99840987 0.98837924 0.9965731  0.98535454 0.99595    0.99378407
 0.99671906 0.91153544 0.8672     0.997837   0.9991365 ]
[0.97817254 0.99800223 0.99608874 0.99923635 0.9985343  0.9919412
 0.9984359  0.9943184  0.9934794  0.9834058  0.99807537 0.99370813
 0.9987795  0.54203695 0.95907533 0.9986665  0.99923706]
[0.95022196 0.99843544 0.996903   0.93471974 0.99885976 0.99899226
 0.9896951  0.9987154  0.9882245  0.99757427 0.98829263 0.99833965
 0.9958652  0.99858284 0.76831406 0.85742813 0.9984743  0.9985607 ]
[0.9803735  0.99880254 0.9986161  0.9990651  0.99819994 0.9900247
 0.99908566 0.9911175  0.9945563  0.9914824  0.99714464 0.9971372
 0.9975661  0.9156222  0.9588922  0.99805105 0.99928397]
[0.9785605  0.998052   0.9958871  0.9152863  0.9986124  0.9984654
 0.9940545  0.99941826 0.9939587  0.9937504  0.9829631  0.99802774
 0.9988446  0.9973617  0.9747687  0.9536612  0.996317   0.9987494 ]
[0.9793889  0.9973169  0.9964461  0.99877495 0.9980324  0.99539775
 0.99795073 0.9907458  0.9893991  0.98955756 0.9971276  0.99385417
 0.99842596 0.54694283 0.9994204  0.9988166 ]
[0.96445024 0.99746656 0.9979437  0.9989028  0.99878556 0.9952684
 0.9983365  0.988926   0.9895392  0.94198096 0.996879   0.99415284
 0.99803096 0.48853424 0.91982317 0.9977574  0.99823356]
[0.970339   0.9977927  0.9971008  0.9532144  0.9991598  0.9988102
 0.9973846  0.9993407  0.99342316 0.9945627  0.9031713  0.99656457
 0.99158174 0.99853027 0.8331755  0.9471876  0.9980896  0.99884844]
[0.97412485 0.9971047  0.9974921  0.3125955  0.99879175 0.99861884
 0.98449785 0.99793494 0.98555285 0.99295396 0.98152494 0.99800664
 0.99467814 0.99776506 0.5873055  0.95289207 0.9979436  0.99890125]
[0.96834195 0.9959273  0.9961421  0.8714707  0.9991423  0.99874085
 0.99655044 0.9972435  0.9901806  0.9966934  0.9840157  0.99729806
 0.99511576 0.9984084  0.96337444 0.96713567 0.99849474 0.9987179 ]
[0.9822029  0.99688256 0.9962805  0.46576673 0.9989889  0.9986828
 0.9941999  0.9987361  0.9870345  0.99827945 0.9651046  0.9986236
 0.9953868  0.9984836  0.9613244  0.9569434  0.99624443 0.99911815]
[0.9715981  0.99662787 0.99844354 0.3278761  0.99936503 0.9988393
 0.99684674 0.9984951  0.9923497  0.98900783 0.99164176 0.9986513
 0.9941299  0.997881   0.9170457  0.95465684 0.99889565 0.9987281 ]
[0.9745916  0.9983925  0.99842775 0.40400633 0.99914587 0.99838626
 0.9966319  0.99864715 0.99343646 0.9965036  0.98744535 0.9975465
 0.99612033 0.9984567  0.73463136 0.96465546 0.99755967 0.99900633]
[0.9889789  0.99861836 0.99842    0.78437144 0.9990669  0.9986712
 0.9895425  0.9987619  0.9869802  0.99802446 0.98718077 0.99831843
 0.9929975  0.998071   0.9352916  0.9984946  0.99907875]
[0.9741664  0.99848205 0.9977763  0.49710658 0.9990422  0.998408
 0.99359375 0.99859685 0.9919887  0.9975817  0.97513825 0.99819523
 0.99670726 0.9980933  0.94716686 0.958965   0.9977652  0.99928135]
[0.9589971  0.99780864 0.9965953  0.83076024 0.99907076 0.99865484
 0.99321425 0.99795026 0.9960328  0.99682176 0.98865473 0.9967179
 0.99580777 0.99760336 0.9545782  0.9595601  0.9962754  0.99926835]
[0.96763915 0.99794954 0.9974712  0.3668289  0.9984079  0.99768496
 0.9950742  0.99843854 0.9907362  0.99282455 0.9734794  0.99711204
 0.9958936  0.99741554 0.8252122  0.95096457 0.9972345  0.99894327]
[0.9837443  0.99835867 0.99741566 0.8666202  0.9993243  0.9991738
 0.99729687 0.9979226  0.986698   0.99249834 0.99242955 0.9982204
 0.99775416 0.99774027 0.9563074  0.42311847 0.99808097 0.9989994 ]
