Mprobs for dataset sim1 (5)

[0.994806   0.99692    0.99991894 0.9999306  0.9999002  0.9995981
 0.99990296 0.8706434  0.98346645 0.99797314 0.9758815  0.9998981
 0.99992144 0.9998369  0.9999229  0.9999217 ]
[0.99535996 0.99797386 0.99993575 0.99992883 0.9999385  0.9997472
 0.99994254 0.94704366 0.9871482  0.9975777  0.97813547 0.99991786
 0.9999317  0.99990714 0.9999114  0.99989986]
[0.9903396  0.99262804 0.9998605  0.9999385  0.99991715 0.99958986
 0.9999242  0.8431925  0.9886502  0.9975598  0.9786189  0.9999261
 0.9999478  0.9998909  0.9997942  0.9998727 ]
[0.9944522  0.9894583  0.99993634 0.9999112  0.9999157  0.9995858
 0.99993575 0.87407345 0.96103114 0.9966059  0.84185654 0.9998752
 0.99992466 0.9998952  0.99983704 0.99989414]
[0.9966785  0.9970004  0.9999361  0.99995863 0.9999144  0.9997503
 0.9999021  0.84754395 0.98661417 0.996505   0.9700777  0.99988055
 0.9999386  0.99989426 0.99991    0.99988127]
[0.99624217 0.99756336 0.9999002  0.99993324 0.9999398  0.99954057
 0.9999162  0.7926778  0.9789266  0.99832684 0.9570754  0.9999114
 0.99993753 0.9998264  0.9998956  0.9999186 ]
[0.991078   0.99599165 0.9999088  0.99991024 0.9999087  0.9993832
 0.999895   0.87916666 0.99004155 0.99619436 0.9784629  0.9998995
 0.99992    0.9998185  0.999871   0.99990475]
[0.9934777  0.97766113 0.99990296 0.99993324 0.9999341  0.9997162
 0.9999304  0.9270887  0.9527148  0.9981723  0.93643624 0.9998834
 0.99995005 0.99984586 0.999892   0.99993455]
[0.9958984  0.9959293  0.99992096 0.99993205 0.99994564 0.99968016
 0.9999472  0.88061786 0.9839033  0.9972658  0.9705945  0.9999168
 0.99990106 0.99979156 0.9998301  0.9998851 ]
[0.98196614 0.97778773 0.999587   0.9999223  0.9999434  0.999448
 0.99990296 0.8335765  0.89360005 0.99153286 0.7613649  0.99987364
 0.9999342  0.9996575  0.9994863  0.9999176 ]
[0.9973247  0.99509263 0.99987626 0.99995136 0.9999285  0.99961424
 0.9999304  0.9024484  0.9696065  0.9979412  0.97558594 0.9999161
 0.99993324 0.99986017 0.9998752  0.99990344]
[0.995773   0.995288   0.99993026 0.9999503  0.99990165 0.9996282
 0.99994254 0.89898753 0.9817633  0.99763596 0.9742998  0.99988234
 0.999876   0.9997609  0.9998908  0.99987733]
[0.9949557  0.9973205  0.99987125 0.99993885 0.9998981  0.9996032
 0.99994373 0.9114123  0.990991   0.99781954 0.9691172  0.9999161
 0.999938   0.99990296 0.9999026  0.9999435 ]
[0.9973699  0.9958405  0.9999138  0.9999285  0.99988985 0.9997882
 0.99993885 0.89831996 0.9584811  0.9981139  0.96654975 0.999936
 0.9998807  0.9997962  0.9998864  0.99992335]
[0.99688464 0.9856447  0.999881   0.9999106  0.9999505  0.9995962
 0.999944   0.8783014  0.98319525 0.9985317  0.95760626 0.9999064
 0.99994755 0.9998646  0.99989927 0.99991024]
[0.99535817 0.9925592  0.99993396 0.9999573  0.9999454  0.99972993
 0.99992514 0.85419977 0.9797963  0.99745387 0.96164864 0.9999325
 0.9999182  0.9998759  0.9999101  0.99989116]
[0.9957411  0.9969195  0.99989974 0.9999558  0.999913   0.9997695
 0.9999491  0.84005463 0.9852722  0.9964296  0.9831297  0.9999064
 0.9999492  0.999798   0.9998411  0.99991274]
[0.99670607 0.9925061  0.9999143  0.9999393  0.9999398  0.9995932
 0.9999566  0.81000316 0.9904253  0.99719834 0.9649436  0.9999306
 0.9999403  0.99986637 0.99986434 0.99990845]
[0.99448556 0.9970362  0.9999367  0.99989915 0.99993205 0.9996555
 0.99994826 0.90452605 0.9896395  0.9968014  0.96609557 0.9998915
 0.99993074 0.9997857  0.9998079  0.99992573]
[0.996412   0.97178257 0.99992025 0.99993587 0.99993575 0.99968064
 0.99991536 0.9028545  0.96927935 0.9984849  0.9548081  0.99990535
 0.9999219  0.99986327 0.99984574 0.9999052 ]
[0.99450016 0.99651116 0.99987566 0.9999051  0.99990046 0.9997367
 0.99990296 0.90643156 0.9804715  0.9974463  0.96130806 0.9999223
 0.99988747 0.9998474  0.999884   0.9999045 ]
[0.99469143 0.9955592  0.99992704 0.99994993 0.9998925  0.9997085
 0.9999541  0.8797046  0.9909321  0.9981793  0.94697624 0.99994314
 0.99991834 0.9998572  0.99990666 0.9998878 ]
[0.9966133  0.9908058  0.9999151  0.9999385  0.9999223  0.9997662
 0.9999261  0.80026263 0.98627067 0.99714476 0.97422826 0.99987614
 0.99993265 0.999846   0.99989426 0.999944  ]
[0.995631   0.99183184 0.99991083 0.99993396 0.9998958  0.9995084
 0.9998795  0.81680274 0.98893124 0.9978479  0.9720762  0.9998945
 0.9999273  0.99984634 0.99987066 0.9999442 ]
[0.9971084  0.9962656  0.99993765 0.99994123 0.99992263 0.9996445
 0.9998864  0.7603794  0.9826261  0.9984269  0.97672004 0.9999207
 0.99993587 0.9998965  0.99989545 0.999925  ]
[0.99654156 0.9966265  0.9999229  0.9999306  0.9999095  0.9996853
 0.99993145 0.9255338  0.9865306  0.99807173 0.9690785  0.99989927
 0.9998938  0.9998455  0.9998398  0.99990976]
[0.99413174 0.9949314  0.9999224  0.999912   0.99994516 0.99971265
 0.9999285  0.86107385 0.97753114 0.99654275 0.95942974 0.9998952
 0.9999062  0.99985266 0.99989843 0.9999449 ]
[0.99479103 0.99686325 0.99985325 0.9999405  0.99991906 0.99970394
 0.9999306  0.8096729  0.9891367  0.9982583  0.95479727 0.99991035
 0.9999497  0.99985206 0.9998361  0.999941  ]
[0.99410266 0.9951292  0.9998902  0.99992275 0.99994075 0.99966455
 0.999907   0.7878496  0.9810946  0.9978339  0.9550627  0.9999267
 0.9999403  0.99984455 0.9998776  0.99991965]
[0.9940136  0.98929405 0.99990773 0.9999428  0.99994004 0.9996
 0.99992514 0.79379994 0.9866557  0.99728835 0.9842056  0.9999399
 0.99994266 0.99978906 0.9999062  0.9999279 ]
[0.9941526  0.9954379  0.9998826  0.9999107  0.99993336 0.99961936
 0.999915   0.9071881  0.98257554 0.9965804  0.9703667  0.99993134
 0.99991465 0.9997769  0.9998976  0.99994946]
[0.99715614 0.98527795 0.99992144 0.99995136 0.9999343  0.9997851
 0.9999076  0.9150463  0.9895545  0.99794966 0.97771    0.99992144
 0.99992216 0.9998592  0.99993455 0.9999242 ]
[0.9920059  0.983606   0.99985373 0.9999058  0.9999422  0.99969363
 0.99994254 0.920731   0.9831512  0.9981331  0.92792386 0.999889
 0.9999199  0.9998733  0.9998964  0.99992824]
[0.99538773 0.9497353  0.99987364 0.99991226 0.9998728  0.9998029
 0.99992466 0.9200929  0.9866753  0.9971199  0.9583848  0.9998857
 0.99991655 0.9998838  0.9999095  0.9998903 ]
[0.99099016 0.98364    0.9998895  0.99989986 0.9999262  0.99970764
 0.9999058  0.92700976 0.98038965 0.9972216  0.9617003  0.9999026
 0.99987924 0.999884   0.999859   0.99993825]
[0.99582076 0.9971871  0.99989045 0.9999528  0.99988985 0.99975306
 0.99991846 0.93550676 0.9818273  0.9974775  0.9751687  0.9998865
 0.99994504 0.99987936 0.99988127 0.99990773]
[0.9955533  0.9976059  0.99991846 0.99994373 0.9999417  0.99972135
 0.999895   0.8848691  0.98420346 0.99732274 0.95032173 0.9998952
 0.9999317  0.99989974 0.9998975  0.99987483]
[0.99520785 0.9982835  0.99987745 0.99994516 0.99989116 0.9997181
 0.99989736 0.8590257  0.9875091  0.99765164 0.9761755  0.99987614
 0.9999299  0.9998565  0.99986815 0.99990916]
[0.99150884 0.99701667 0.99989307 0.99995506 0.99993026 0.9996598
 0.9999143  0.87982917 0.9862131  0.99687576 0.95186734 0.9998914
 0.9999474  0.9998148  0.9998503  0.99992156]
[0.99734807 0.9960252  0.9999167  0.99993443 0.9999105  0.99946386
 0.99992335 0.89631724 0.9880508  0.998185   0.96954715 0.9999025
 0.99994826 0.9998716  0.9999192  0.99989295]
[0.99141324 0.9980331  0.99989474 0.9999143  0.9999262  0.9997009
 0.99989057 0.8732684  0.991214   0.99681705 0.9724009  0.99991167
 0.9998907  0.9998387  0.999899   0.99994504]
[0.9964904  0.9968882  0.99991703 0.99995697 0.9999002  0.999488
 0.99994206 0.88906986 0.98351467 0.9981242  0.97676736 0.9999306
 0.9999467  0.99988437 0.9998723  0.9999018 ]
[0.99107224 0.9977919  0.99993825 0.99992275 0.99990404 0.99957293
 0.99992657 0.86222243 0.9914362  0.996506   0.9738521  0.9999002
 0.999938   0.99985397 0.99990404 0.99987566]
[0.99356866 0.996956   0.9998779  0.99993634 0.99990296 0.9997048
 0.9999194  0.75334734 0.9895941  0.9973792  0.9806169  0.9999372
 0.9999027  0.99985766 0.9999074  0.99993193]
[0.9950465  0.97419864 0.9998834  0.9999026  0.9999026  0.99958473
 0.9999176  0.842477   0.9818423  0.99678206 0.96289915 0.99990976
 0.9999027  0.99977654 0.99985135 0.99994504]
[0.9954202  0.99427843 0.99992335 0.99992585 0.99990034 0.9996686
 0.9999316  0.947524   0.9863331  0.99755764 0.9770608  0.9998915
 0.99995387 0.9998247  0.9999083  0.9999354 ]
[0.99730206 0.99600285 0.99989545 0.99992037 0.9999317  0.99950874
 0.9999145  0.9028894  0.98491216 0.9981408  0.9577799  0.9999279
 0.9998914  0.99980325 0.999913   0.9999002 ]
[0.99624455 0.99712104 0.99989974 0.9999343  0.99993813 0.9996517
 0.9999261  0.9267181  0.97949535 0.997247   0.97255635 0.9999045
 0.9999193  0.99987507 0.9998721  0.9999182 ]
[0.99687517 0.9917344  0.99991214 0.99993    0.99992776 0.99979585
 0.9999294  0.9329719  0.99301696 0.99769956 0.9716501  0.99989045
 0.99989486 0.99981874 0.99985754 0.99993885]
[0.994238   0.9972952  0.99993193 0.99992526 0.99991965 0.99957794
 0.99993026 0.86907613 0.9872622  0.99796474 0.9739715  0.9998982
 0.99993396 0.9998919  0.9998411  0.99989915]
[0.9962984  0.9976907  0.9998647  0.9999112  0.9999032  0.99961925
 0.9999119  0.75217235 0.976733   0.99803215 0.96874654 0.9999151
 0.99993706 0.9998254  0.99989295 0.9998832 ]
[0.99590814 0.99593395 0.9999368  0.9999093  0.9999039  0.9997383
 0.9999291  0.8970713  0.98942167 0.9982931  0.967475   0.99993
 0.99994457 0.9999013  0.99988425 0.99989283]
[0.99592763 0.9957724  0.9999069  0.9999536  0.9999299  0.9996189
 0.99994075 0.89580834 0.9867873  0.99769586 0.9785961  0.9998944
 0.9999273  0.9997948  0.999895   0.99992955]
[0.99561286 0.9966371  0.99992704 0.9999261  0.9999254  0.99965966
 0.9998859  0.7815257  0.98339385 0.9969541  0.9783282  0.9999182
 0.9999212  0.99986327 0.9998128  0.99990547]
[0.9902711  0.985941   0.9998579  0.99993396 0.99989617 0.9995505
 0.99991    0.8401676  0.9839971  0.9973169  0.9742387  0.99985445
 0.9999218  0.9997887  0.999864   0.99994445]
[0.9949201  0.9933385  0.99988735 0.9999484  0.9998859  0.9997093
 0.9999428  0.90617853 0.98532665 0.99800855 0.97024214 0.99990904
 0.9999291  0.999846   0.99985087 0.9999052 ]
[0.9940996  0.99678695 0.9999387  0.99994445 0.99993694 0.99969196
 0.9998839  0.77530414 0.98840743 0.99710923 0.9423422  0.99991894
 0.9999281  0.99979025 0.9998572  0.9998977 ]
