Mprobs for dataset sim1 (0.01)

[0.9999006  0.99990904 0.99993885 0.99992454 0.99993765 0.99993575
 0.99993217 0.999951   0.9998702  0.99990845]
[0.9999411  0.9999112  0.9998864  0.9998981  0.99994123 0.9998938
 0.9999515  0.9999162  0.9999068  0.9999101 ]
[0.9999304  0.9999373  0.9999423  0.9998969  0.9999589  0.9999529
 0.99995697 0.99995685 0.9999168  0.9999143 ]
[0.99993813 0.99992394 0.9999324  0.9998882  0.99996245 0.9999287
 0.99993193 0.99990714 0.99994445 0.9999373 ]
[0.99993885 0.9999206  0.99993265 0.999864   0.9999641  0.999944
 0.9999441  0.99995565 0.9999386  0.99993634]
[0.99993217 0.9999192  0.9999366  0.99988174 0.9999349  0.9999455
 0.99996233 0.99995387 0.9999436  0.99989295]
[0.99990666 0.9999502  0.99992335 0.99989104 0.9999416  0.9999553
 0.9999447  0.99991775 0.99993014 0.9999522 ]
[0.9999478  0.9999157  0.9999269  0.9998636  0.99994445 0.99991965
 0.99993575 0.9999107  0.9998938  0.99995327]
[0.999915   0.9999348  0.9999162  0.9998462  0.99996316 0.99994564
 0.999956   0.9999192  0.99990606 0.99994636]
[0.9998989  0.99992764 0.9999174  0.99991417 0.9999496  0.9999125
 0.99993956 0.999946   0.99994063 0.9999454 ]
[0.9999232  0.999946   0.99995077 0.9998857  0.99992824 0.9999505
 0.9999602  0.9999409  0.9999286  0.9999436 ]
[0.9999387  0.99994886 0.9999182  0.9999012  0.9999478  0.9999393
 0.99996567 0.99996245 0.9999062  0.99994874]
[0.99992466 0.9999199  0.99992764 0.999928   0.99995744 0.99991393
 0.999948   0.9999385  0.9998883  0.99993896]
[0.9998907  0.9999354  0.9999149  0.99992144 0.9999378  0.9998939
 0.9999144  0.99993443 0.99994683 0.99989736]
[0.9999248  0.99994147 0.99993277 0.9999026  0.99993193 0.9999361
 0.9999511  0.9999583  0.99990094 0.9999497 ]
[0.999931   0.9999584  0.9999285  0.9998542  0.99994826 0.999946
 0.99992263 0.99990666 0.99992836 0.9999515 ]
[0.99994123 0.9999459  0.99995327 0.9999206  0.9999242  0.9999293
 0.9999579  0.99990535 0.9998779  0.9999231 ]
[0.9998995  0.9999114  0.99992895 0.9998653  0.99995303 0.9999403
 0.999933   0.99992573 0.999928   0.9999523 ]
[0.99989974 0.9999292  0.9998939  0.99992096 0.999949   0.9999498
 0.9999114  0.9999305  0.99992514 0.9999212 ]
[0.9999459  0.9999076  0.9999255  0.9998585  0.99993086 0.99995244
 0.99995565 0.99994564 0.99988735 0.9999453 ]
[0.9999318  0.9999552  0.999949   0.9999175  0.9999429  0.9999089
 0.99993086 0.9999608  0.99992836 0.9999443 ]
[0.9999312  0.99994373 0.99993706 0.99987364 0.9999473  0.9999453
 0.99993575 0.9999474  0.9999087  0.99993265]
[0.9999461  0.99994755 0.9999448  0.99991846 0.9999472  0.9999453
 0.99992347 0.99996006 0.9999325  0.99993515]
[0.99990726 0.9999114  0.99992406 0.99991906 0.99994254 0.9999404
 0.9999585  0.9999559  0.9998951  0.9999336 ]
[0.999925   0.9999474  0.99993837 0.99986434 0.9999578  0.99992
 0.99993825 0.99993896 0.99990165 0.9999213 ]
[0.9998386  0.9999474  0.99990726 0.9998086  0.99991    0.9998783
 0.999913   0.9998273  0.9996755  0.9999299 ]
[0.99993265 0.9999577  0.9999256  0.9999012  0.99994326 0.9999138
 0.9999528  0.99994147 0.99993145 0.9999267 ]
[0.999936   0.99993134 0.9999174  0.9998845  0.9999566  0.9999405
 0.9999223  0.9999126  0.9998914  0.9999472 ]
[0.9999231  0.9999373  0.9999119  0.99988043 0.9999629  0.9999467
 0.9999409  0.99995923 0.9998944  0.9998964 ]
[0.99992406 0.99995494 0.9999325  0.9998926  0.999938   0.99994934
 0.9999435  0.9999523  0.9999447  0.9999455 ]
[0.9999269  0.9999331  0.9999416  0.9998945  0.99995244 0.99993336
 0.9999503  0.99994385 0.9999201  0.999912  ]
[0.99994457 0.9999422  0.99992895 0.9998622  0.99996483 0.99993634
 0.9999428  0.99994385 0.9999435  0.9999422 ]
[0.99994373 0.9999229  0.999905   0.9998553  0.99996483 0.999908
 0.999961   0.9999541  0.9998901  0.99993396]
[0.9999064  0.99995077 0.9999088  0.9998412  0.99994767 0.99995327
 0.9999553  0.9999472  0.99992037 0.999949  ]
[0.99993694 0.9999429  0.99994206 0.99991703 0.9999261  0.9999114
 0.9999627  0.9999263  0.99991655 0.999925  ]
[0.9999013  0.99990594 0.99992406 0.99990964 0.999949   0.99990296
 0.9999645  0.99992347 0.9999169  0.99992335]
[0.9998869  0.99991715 0.9999422  0.99986935 0.9999455  0.9999256
 0.9999392  0.9999552  0.9999361  0.9999107 ]
[0.9999254  0.9999113  0.9998971  0.999777   0.999941   0.99990153
 0.99992764 0.99995553 0.9999248  0.999897  ]
[0.99990284 0.9999429  0.9999385  0.99988973 0.99994767 0.9998965
 0.9999331  0.99994683 0.99994266 0.99993956]
[0.9999467  0.9999285  0.99994063 0.9999057  0.99992955 0.99995387
 0.99995077 0.9999516  0.9998853  0.9999355 ]
[0.9999169  0.99993515 0.9999038  0.9999168  0.9999366  0.9999515
 0.99993265 0.9999285  0.9999317  0.99994993]
[0.9999459  0.9999536  0.9999137  0.9998536  0.999949   0.9999043
 0.99994516 0.9999205  0.9999168  0.99994254]
[0.9999217  0.9999254  0.9999151  0.9998424  0.9999385  0.99994814
 0.9999583  0.999959   0.9999107  0.9999205 ]
[0.9999027  0.9999311  0.99993896 0.9998841  0.99996305 0.99994755
 0.99993086 0.9999455  0.99991477 0.9999232 ]
[0.999928   0.9999101  0.99992585 0.999887   0.9999603  0.9999032
 0.99991846 0.99993646 0.99993575 0.99994326]
[0.999894   0.9999553  0.9999306  0.99989486 0.9999274  0.99994326
 0.9999161  0.9999466  0.999928   0.9998946 ]
[0.9999093  0.99991095 0.9999174  0.9999058  0.9999224  0.999948
 0.99992454 0.999936   0.9999105  0.9999044 ]
[0.99993515 0.9999417  0.99990296 0.9998723  0.99993527 0.9999517
 0.9999399  0.9999558  0.9998878  0.99995005]
[0.999908   0.9999467  0.9999082  0.99988663 0.99994516 0.99991655
 0.99992263 0.9999453  0.9999361  0.99989474]
[0.99988604 0.99992335 0.9999442  0.99986947 0.9999633  0.9999422
 0.99995124 0.99992895 0.9999151  0.9999244 ]
[0.9999236  0.99990964 0.9998888  0.99988973 0.99996006 0.9999522
 0.99992156 0.99992204 0.99994576 0.9999441 ]
[0.9999244  0.99991965 0.9999416  0.99991715 0.99996185 0.99993885
 0.9999348  0.9999218  0.9999429  0.99994147]
[0.9998807  0.9999565  0.99992514 0.99987626 0.9999478  0.9999349
 0.9999206  0.99995625 0.999897   0.99993837]
[0.99990976 0.999913   0.9999292  0.999843   0.99995685 0.9999149
 0.9999232  0.9999341  0.9999248  0.9999285 ]
[0.9999094  0.9999497  0.9999517  0.9998596  0.9999355  0.99989235
 0.99996185 0.99995327 0.9999     0.9999317 ]
[0.99993205 0.99992704 0.9999466  0.99987125 0.99995196 0.9999485
 0.99992836 0.99995697 0.999943   0.9999473 ]
