Mprobs for dataset sim1 (2)

[0.4260149  0.99993753 0.9999559  0.9999484  0.9998274  0.99993277
 0.9766144  0.9998988  0.99993587 0.99991274 0.99995124 0.9999546 ]
[0.5538668  0.99991333 0.99993813 0.99993896 0.9998882  0.99993694
 0.9726155  0.9999323  0.99994385 0.99995124 0.9998939  0.99993885]
[0.5303387  0.9999311  0.9999455  0.99994874 0.999782   0.9999255
 0.9666402  0.99990296 0.9999248  0.99993443 0.99991906 0.99993646]
[0.4532166  0.99992263 0.9999447  0.9999106  0.9998561  0.99993145
 0.9537614  0.99993134 0.9999361  0.99993324 0.9999292  0.99994195]
[0.47665763 0.99994385 0.9999218  0.99992657 0.99988675 0.9999652
 0.9675207  0.99994266 0.9999542  0.9998983  0.99988806 0.99991906]
[0.32025805 0.47994876 0.9999304  0.9999131  0.9999367  0.9998468
 0.99996865 0.956097   0.99991536 0.9999603  0.99994147 0.9999026
 0.999918  ]
[0.63161635 0.9998802  0.9999503  0.99990594 0.9999132  0.9999294
 0.9723469  0.9999453  0.9999132  0.99993134 0.9999043  0.9999169 ]
[0.9999126  0.99995303 0.99990237 0.99986994 0.9999361  0.9668279
 0.9999232  0.9999509  0.99993515 0.9999361  0.9998927 ]
[0.3111508  0.99989593 0.9999461  0.9999068  0.9998274  0.9999343
 0.95466226 0.9999418  0.9999176  0.9998815  0.99988794 0.99992085]
[0.3783885  0.99991274 0.99995804 0.999912   0.9998505  0.99992895
 0.96416944 0.9999263  0.9999269  0.9999362  0.99993944 0.9999279 ]
[0.51400924 0.9999397  0.9999559  0.9999213  0.9998568  0.99993217
 0.96371967 0.9999089  0.99992573 0.99992096 0.9999031  0.9999362 ]
[0.4264229  0.9999459  0.99995995 0.99992645 0.9998276  0.9999646
 0.9728674  0.9999323  0.99992895 0.9999238  0.9999157  0.9999169 ]
[0.5408244  0.99988186 0.99994373 0.99991083 0.99982053 0.9999305
 0.9695086  0.99992096 0.9999378  0.9999243  0.9999026  0.9999075 ]
[0.37136436 0.999884   0.9999248  0.9999378  0.99984646 0.99991715
 0.9378688  0.99989355 0.9999275  0.9999292  0.9999418  0.99991477]
[0.43023938 0.99993896 0.99992776 0.9999188  0.9998884  0.9999393
 0.943241   0.9999018  0.9999523  0.9999461  0.99992025 0.99993515]
[0.56451315 0.99991417 0.9999584  0.9999504  0.99990094 0.99992347
 0.97695893 0.99993396 0.9999056  0.9999155  0.99992824 0.99994314]
[0.3691907  0.999936   0.9999348  0.99994504 0.99984837 0.9999461
 0.96932876 0.9999411  0.99996424 0.9999453  0.99991846 0.9999043 ]
[0.4544892  0.9999484  0.99994576 0.99992645 0.999846   0.9999486
 0.9688701  0.99991107 0.99995697 0.99993956 0.9999372  0.9999043 ]
[0.35527515 0.99992573 0.99992394 0.999923   0.9998554  0.999956
 0.9520615  0.9999113  0.9999566  0.99992085 0.99991834 0.99988735]
[0.42886293 0.99988306 0.99990714 0.9999274  0.9997745  0.99990976
 0.97590137 0.9998878  0.99991596 0.9999324  0.99992096 0.9999466 ]
[0.550379   0.99989605 0.9999138  0.99992573 0.99984336 0.9999125
 0.9740977  0.99994385 0.9999232  0.9999449  0.9999037  0.99989665]
[0.43436706 0.9999063  0.99991715 0.9998913  0.9998274  0.9999403
 0.97030884 0.99990046 0.9999577  0.999946   0.99993503 0.9999498 ]
[0.31564477 0.99992216 0.9999466  0.9999012  0.9998765  0.999964
 0.9630097  0.99995303 0.9999273  0.999892   0.9999471  0.999941  ]
[0.3668067  0.99989164 0.9999311  0.9999367  0.9998878  0.99991894
 0.9632183  0.99993205 0.99996233 0.9999522  0.99990475 0.99990976]
[0.99994457 0.9999429  0.9999249  0.9998697  0.99991584 0.97213393
 0.99991953 0.9999331  0.99991393 0.99994016 0.9999429 ]
[0.9999105  0.99995947 0.9999461  0.99971    0.99990404 0.9661489
 0.999899   0.99992204 0.99986756 0.99992    0.99988365]
[0.34721193 0.99994326 0.9999267  0.9999392  0.99984777 0.999941
 0.95721835 0.9998913  0.99995327 0.9999373  0.99988985 0.99992025]
[0.57364655 0.99988973 0.9999335  0.99991345 0.999819   0.9999614
 0.98399526 0.99994004 0.9999304  0.9999374  0.9999306  0.99993896]
[0.4516189  0.9999273  0.9999032  0.9999449  0.9998889  0.99991596
 0.98078513 0.9999366  0.9999486  0.99992645 0.99990904 0.99994934]
[0.51971513 0.99993813 0.99993813 0.9999397  0.9998783  0.9999348
 0.9509285  0.9999367  0.9999198  0.9999249  0.9999249  0.99988794]
[0.4097283  0.9999348  0.9999447  0.9999014  0.9998294  0.99992955
 0.9648294  0.99992764 0.9999467  0.9999496  0.99991846 0.999915  ]
[0.54113656 0.99991965 0.99994767 0.9999118  0.9998766  0.99991286
 0.9667273  0.9999248  0.99995756 0.9999106  0.99994457 0.9999269 ]
[0.3937067  0.999912   0.9999274  0.99994683 0.9998491  0.999918
 0.98017764 0.9999049  0.99995446 0.9999242  0.99992645 0.999948  ]
[0.42526686 0.99988544 0.9999342  0.9999434  0.9998852  0.99994206
 0.95311433 0.9999137  0.9999354  0.9999089  0.99993515 0.99994123]
[0.4784342  0.99993646 0.9999188  0.9999145  0.9998318  0.9999435
 0.96667063 0.99989104 0.9999597  0.9999368  0.99992526 0.99992263]
[0.33463448 0.99994147 0.99992335 0.9999529  0.9998764  0.9999627
 0.9661226  0.99994624 0.9999194  0.9998965  0.99993134 0.9999051 ]
[0.53738844 0.99992836 0.9999087  0.9999037  0.99976915 0.9999614
 0.9432311  0.99994457 0.99996173 0.9999505  0.9999378  0.99994886]
[0.43642414 0.99992895 0.9999645  0.999926   0.9999144  0.9999504
 0.9777989  0.9999349  0.99993217 0.99992454 0.9999112  0.9999416 ]
[0.30122253 0.99992895 0.99993515 0.9999385  0.99981934 0.99994016
 0.96613854 0.9999192  0.99995077 0.9999201  0.99989367 0.99994314]
[0.49413666 0.99990153 0.99993694 0.9999242  0.99979144 0.9999461
 0.9525032  0.9999236  0.999943   0.99989355 0.999941   0.9999479 ]
[0.308705   0.9999467  0.9999572  0.99991286 0.9997571  0.99996114
 0.95878047 0.9999294  0.9999553  0.99991226 0.99993587 0.999895  ]
[0.36496156 0.99991465 0.999948   0.999949   0.9997861  0.9999492
 0.9685034  0.9999021  0.99994624 0.99991024 0.99988425 0.99989676]
[0.99993956 0.999948   0.9999393  0.9998336  0.9999229  0.9770075
 0.99990225 0.99993753 0.9999392  0.9998746  0.99989426]
[0.30840662 0.99993825 0.9999597  0.99994266 0.9999013  0.999951
 0.96539783 0.9998925  0.99992454 0.99992764 0.9999237  0.99990475]
[0.33056337 0.33026004 0.999894   0.9999573  0.99994516 0.99984586
 0.9999286  0.9802346  0.9999269  0.9999466  0.9999052  0.9999075
 0.9999225 ]
[0.531567   0.9999231  0.99992466 0.9999502  0.99982905 0.9999298
 0.96934724 0.99989104 0.9999062  0.9998956  0.9999449  0.9999505 ]
[0.32798725 0.99989736 0.99995315 0.99992836 0.9998062  0.9999573
 0.9374043  0.99992406 0.99991846 0.9999161  0.9999417  0.9999411 ]
[0.43222967 0.99990773 0.99994564 0.99994206 0.99972755 0.9999392
 0.9800245  0.9998957  0.9999305  0.99992406 0.99991727 0.99993885]
[0.9998927  0.9999478  0.9999502  0.9998883  0.99993956 0.97555363
 0.99988055 0.99995136 0.9999224  0.9999093  0.99991   ]
[0.36268812 0.9998858  0.99993    0.99991393 0.99987555 0.99996495
 0.96457016 0.9999286  0.9999542  0.99990976 0.99992764 0.99991906]
[0.3207816  0.9999436  0.99992406 0.99993825 0.999859   0.999925
 0.9770362  0.99994683 0.9999119  0.9999331  0.99989474 0.99993706]
[0.42760196 0.99991465 0.9999498  0.99995315 0.999895   0.99995196
 0.9658978  0.9999068  0.9999249  0.99994624 0.99991393 0.99993706]
[0.44920447 0.99988663 0.99993813 0.9999051  0.9997706  0.9999318
 0.97963446 0.99989367 0.99990654 0.9999032  0.9998584  0.9999405 ]
[0.32849497 0.99991405 0.9999509  0.9999031  0.9998442  0.99991786
 0.9680596  0.9999294  0.9999244  0.9998907  0.99987304 0.9999089 ]
[0.30185843 0.99992895 0.99995804 0.99994266 0.99981743 0.9999573
 0.9771196  0.9999262  0.9999205  0.9999434  0.99989367 0.99993765]
[0.33672026 0.9999083  0.9999161  0.9999403  0.9998615  0.9999331
 0.97360706 0.99991417 0.9999268  0.9999536  0.99993086 0.9999114 ]
