Mprobs for dataset sim1 (4)

[0.9908778  0.9933941  0.9998975  0.9998907  0.99990606 0.9995834
 0.9999119  0.5080563  0.94837487 0.99813485 0.8496373  0.9998988
 0.9999505  0.99983096 0.9999223  0.9999453 ]
[0.99135613 0.9943651  0.9999479  0.9999585  0.9999509  0.9997718
 0.99992967 0.5948994  0.96511257 0.9984864  0.806082   0.99993837
 0.9999324  0.99992394 0.99991024 0.999897  ]
[0.98957205 0.994812   0.9999343  0.9999068  0.999925   0.9996456
 0.9999552  0.68956226 0.9747372  0.9971392  0.85805523 0.9999081
 0.99995303 0.9999008  0.99990845 0.9999039 ]
[0.9904536  0.9975625  0.9998853  0.99991274 0.99992514 0.9997229
 0.9999502  0.6196516  0.9538154  0.99831605 0.8726149  0.9999403
 0.9999255  0.99990046 0.99991596 0.9999298 ]
[0.9909224  0.9955239  0.9999149  0.99993336 0.9999099  0.9997447
 0.99990964 0.70571536 0.961814   0.9965634  0.8765024  0.9998938
 0.99993825 0.9999114  0.99990845 0.99995255]
[0.9938565  0.99699616 0.9999151  0.9999535  0.99993527 0.9997863
 0.9999186  0.4756194  0.96409047 0.9963832  0.83292204 0.99993956
 0.99993145 0.999895   0.9999316  0.9999001 ]
[0.9893177  0.9932254  0.9998679  0.9999472  0.9999368  0.999741
 0.9999434  0.62733257 0.9321249  0.99536777 0.83405226 0.99989605
 0.9999176  0.9999119  0.999902   0.9999255 ]
[0.9879331  0.99646026 0.99989235 0.999913   0.9999018  0.99953556
 0.9999026  0.54645884 0.97614145 0.9974152  0.92869467 0.99993765
 0.999948   0.9999095  0.9998982  0.9999045 ]
[0.9932342  0.995602   0.99988675 0.99990284 0.9999347  0.9998142
 0.9999356  0.5138881  0.96289057 0.99498075 0.8769135  0.99990726
 0.9999236  0.99990547 0.99991155 0.99992716]
[0.99240816 0.99621224 0.99991906 0.9998945  0.99991477 0.99974245
 0.99992776 0.6486501  0.949836   0.9966247  0.80124444 0.9998983
 0.999946   0.999926   0.9998683  0.99992824]
[0.99148625 0.9938975  0.99988246 0.9999578  0.9999453  0.9997069
 0.9999262  0.56934935 0.9710132  0.9973736  0.8324584  0.9999305
 0.99993443 0.9998882  0.99992704 0.99990284]
[0.9931039  0.98404145 0.9999362  0.9999554  0.99992955 0.99960643
 0.9999347  0.545246   0.92339677 0.99730945 0.85485154 0.99987936
 0.99993896 0.9999181  0.9999293  0.9999031 ]
[0.99163306 0.96814436 0.9999305  0.9999305  0.9999356  0.9995765
 0.99995005 0.66512656 0.9688812  0.9963775  0.84212655 0.9998697
 0.99993813 0.99987924 0.9998605  0.9999248 ]
[0.98908293 0.9828923  0.99991596 0.99992347 0.99988985 0.99974483
 0.99993026 0.9651868  0.99595535 0.85238    0.99992967 0.9999546
 0.9999051  0.9999143  0.99989593]
[0.9932082  0.9937453  0.9999294  0.9999343  0.9999188  0.99975187
 0.9999198  0.6017903  0.97908413 0.99562305 0.8896693  0.99992704
 0.9999274  0.99985707 0.99991274 0.999915  ]
[0.9897227  0.9846431  0.99987876 0.99992764 0.9999099  0.9997886
 0.9999435  0.53517324 0.9379867  0.9978886  0.54240745 0.9999014
 0.9999455  0.9998646  0.99993324 0.9998927 ]
[0.9836569  0.9950959  0.99986553 0.9999404  0.9999465  0.9996375
 0.9999113  0.73689765 0.9449013  0.99769586 0.89597124 0.9999119
 0.99993634 0.9998696  0.9999174  0.99989295]
[0.99237204 0.9950263  0.99993837 0.9999149  0.9999478  0.99976236
 0.999936   0.72886443 0.9774646  0.99697423 0.89890295 0.9999305
 0.9999503  0.9999212  0.99989665 0.99993527]
[0.9859648  0.99295455 0.9999157  0.99994123 0.9999291  0.9998523
 0.9999609  0.6791192  0.96943283 0.9969067  0.9039667  0.9999299
 0.9999527  0.99992335 0.9998642  0.9999416 ]
[0.9940984  0.9946104  0.99992967 0.9999504  0.99991345 0.9996896
 0.99990857 0.71550554 0.974295   0.9971342  0.8755327  0.99989307
 0.9999436  0.9999027  0.9998599  0.9999379 ]
[0.9909977  0.99651104 0.9999094  0.99994314 0.9999416  0.99978954
 0.9999466  0.7169224  0.94623756 0.9983134  0.89792705 0.99992883
 0.9999018  0.999828   0.9998412  0.9999269 ]
[0.99363637 0.9616397  0.9999062  0.9999589  0.999944   0.99977404
 0.9999436  0.6515838  0.95709366 0.9976005  0.9060604  0.9998902
 0.9999254  0.999833   0.99989545 0.99991167]
[0.9937775  0.9494446  0.99985385 0.9999211  0.99993205 0.9997614
 0.99991    0.6351597  0.9646356  0.9965737  0.84513235 0.9998636
 0.9999155  0.99982774 0.99991894 0.99989104]
[0.993113   0.98945475 0.9999063  0.9999486  0.9999217  0.9997341
 0.9999231  0.6716234  0.9684552  0.99610764 0.8780912  0.9998869
 0.99992764 0.9999044  0.99991095 0.9999479 ]
[0.994419   0.9962082  0.99990606 0.99995375 0.99992335 0.99976975
 0.9999275  0.71976113 0.98082274 0.9975176  0.8974826  0.9998828
 0.99993217 0.9998869  0.9999248  0.99989855]
[0.99089855 0.9970299  0.9998987  0.99994683 0.9999366  0.9998369
 0.99995124 0.6362073  0.9554536  0.99660826 0.8282242  0.99989116
 0.9999467  0.9998357  0.9998977  0.9999429 ]
[0.98860115 0.9949582  0.99992764 0.9999161  0.9999405  0.99968696
 0.99994695 0.67832655 0.9691563  0.99560237 0.82340384 0.9999291
 0.99995255 0.99986124 0.99990773 0.99989617]
[0.99120086 0.995404   0.9998716  0.99991524 0.99991846 0.9997787
 0.99991345 0.5647156  0.91317695 0.99796814 0.88357157 0.99988973
 0.9999399  0.9999001  0.99990547 0.9999423 ]
[0.9914908  0.9919412  0.99992156 0.999936   0.9999424  0.99976283
 0.999928   0.38430715 0.9513848  0.9976063  0.8649713  0.99990535
 0.9999517  0.9998037  0.999853   0.99991703]
[0.9804571  0.9887088  0.99992406 0.99992144 0.9999194  0.9998293
 0.9999466  0.4038743  0.9670012  0.99671066 0.9020286  0.9999329
 0.9999232  0.99991214 0.9998833  0.999895  ]
[0.9888287  0.9794446  0.99990785 0.99992037 0.9999273  0.9997037
 0.99995506 0.47453073 0.93553454 0.9968029  0.8646086  0.99994576
 0.99993396 0.99988353 0.999913   0.9999484 ]
[0.99271965 0.997235   0.9999403  0.9999441  0.9999169  0.99970835
 0.99993193 0.56755304 0.9367007  0.99496716 0.84118164 0.99988294
 0.9999552  0.9998599  0.9998235  0.9999198 ]
[0.99201477 0.98797685 0.9999368  0.99995315 0.9999045  0.9997621
 0.999908   0.7377351  0.9770751  0.99782556 0.8989382  0.9999428
 0.9999474  0.9998596  0.9998691  0.9999268 ]
[0.9902406  0.99018455 0.9998872  0.9999343  0.9998934  0.99969923
 0.9999207  0.70698667 0.9453597  0.99535924 0.8717656  0.99988055
 0.9998934  0.9998578  0.9999231  0.99990237]
[0.98834443 0.9973144  0.9998988  0.99994135 0.9999143  0.99977726
 0.9999156  0.46677366 0.97431076 0.9966433  0.8227283  0.9999099
 0.99991274 0.9999242  0.99986494 0.99990976]
[0.99052787 0.99726593 0.9999403  0.9999031  0.9998933  0.99966526
 0.9999522  0.5729442  0.95132375 0.99735826 0.8244968  0.9999037
 0.99995244 0.9999063  0.9999294  0.9999428 ]
[0.9901956  0.9925591  0.99988747 0.9999417  0.9999064  0.9998354
 0.9999597  0.60177195 0.96141124 0.9971712  0.9160595  0.99991655
 0.99995637 0.9997812  0.99990237 0.9999238 ]
[0.9896645  0.98607475 0.99988544 0.99992347 0.999923   0.99968624
 0.9999238  0.74249536 0.97090966 0.99613404 0.8953123  0.9998965
 0.9999093  0.999912   0.9998652  0.9999305 ]
[0.9942092  0.9773129  0.99991035 0.99995005 0.9999267  0.99972504
 0.9999188  0.6555731  0.9550877  0.99683017 0.8661719  0.9999044
 0.99993193 0.9998374  0.9998933  0.999938  ]
[0.9914089  0.99428225 0.9998903  0.9999325  0.9999316  0.9997776
 0.9999329  0.5714674  0.9619553  0.9979506  0.8487387  0.99990606
 0.99990726 0.9998307  0.99985874 0.99990463]
[0.9912417  0.9946174  0.99989223 0.9999542  0.9999254  0.9995896
 0.9999124  0.37871867 0.8874719  0.99617827 0.83408856 0.99991417
 0.9999262  0.9998634  0.9998784  0.9999416 ]
[0.9911221  0.996253   0.9998975  0.99992025 0.9999219  0.9997845
 0.99994254 0.7101652  0.9381048  0.9963761  0.8216699  0.99994195
 0.99989426 0.99987006 0.99990547 0.9999255 ]
[0.9879445  0.993934   0.9999205  0.99990284 0.9998965  0.99967694
 0.9999454  0.74689555 0.9131799  0.9978009  0.8068327  0.99987435
 0.99994755 0.9998293  0.9999019  0.9998746 ]
[0.9931438  0.9871634  0.9999118  0.999948   0.9999465  0.9997749
 0.99991775 0.49458355 0.9660483  0.9959908  0.90895075 0.99987984
 0.9999409  0.9998202  0.99990535 0.99993217]
[0.9912675  0.97263473 0.9999012  0.99993455 0.9999089  0.99978286
 0.99992156 0.80007815 0.9768578  0.9971405  0.8825088  0.9998909
 0.99995124 0.9999044  0.9999089  0.99990845]
[0.98789513 0.99691015 0.99991477 0.9999305  0.99993646 0.99963033
 0.99990594 0.7435221  0.9471487  0.9969062  0.8392634  0.99988794
 0.99993193 0.99985933 0.9998474  0.99991477]
[0.9940612  0.99468577 0.99993014 0.9999074  0.9999429  0.9995921
 0.9998994  0.5421631  0.9574669  0.9968257  0.92901933 0.9999069
 0.99993134 0.9998447  0.99992204 0.99990594]
[0.99235594 0.9875372  0.99989593 0.99993265 0.9999324  0.9997868
 0.99993396 0.69666713 0.9667268  0.9982065  0.89031106 0.99990046
 0.99993193 0.99989355 0.9998702  0.9999248 ]
[0.9915091  0.9945344  0.99991333 0.999913   0.99989307 0.9997346
 0.9999422  0.6326641  0.97623414 0.9978796  0.88164544 0.9999356
 0.99994755 0.9999174  0.9998735  0.99989796]
[0.99293935 0.9948716  0.9998752  0.999931   0.99992156 0.9997341
 0.99994576 0.72659117 0.96064055 0.99821776 0.8570097  0.99990416
 0.9999093  0.999882   0.99989045 0.9999331 ]
[0.99075    0.9915228  0.99989617 0.99995744 0.999931   0.99958986
 0.999948   0.67918074 0.9178876  0.99681926 0.8342563  0.99994004
 0.99990785 0.9999027  0.99992585 0.99989927]
[0.9936707  0.9877801  0.9999324  0.99991083 0.99990726 0.9998179
 0.99990904 0.6580379  0.97023386 0.99690104 0.9071428  0.9999101
 0.9998983  0.99986756 0.99991536 0.9998858 ]
[0.9933971  0.9888658  0.99989307 0.99991477 0.9999114  0.9997696
 0.9999285  0.6188811  0.9363706  0.99815136 0.7830165  0.9999088
 0.9999348  0.99981755 0.9998884  0.999933  ]
[0.99339193 0.9966641  0.9999498  0.99995375 0.9999093  0.99969065
 0.9999474  0.7532394  0.96717167 0.9974885  0.91315687 0.99994075
 0.9999298  0.9998621  0.99993896 0.9999368 ]
[0.99117064 0.99633324 0.9999262  0.9999093  0.99993587 0.9997286
 0.9999013  0.70947295 0.9767542  0.9957092  0.914063   0.9999137
 0.9999318  0.99987316 0.99991775 0.9999058 ]
[0.991289   0.99574775 0.99990594 0.9999205  0.9999509  0.999767
 0.9998919  0.6349608  0.964377   0.9981735  0.8831566  0.9999044
 0.9998995  0.99991596 0.9998926  0.99992955]
