Mprobs for dataset sim1 (3)

[0.98429227 0.9901237  0.99994123 0.9999114  0.9999199  0.99972516
 0.9999536  0.6182924  0.99771523 0.9999286  0.99995077 0.9999168
 0.99990594 0.99993956]
[0.972073   0.98061174 0.99991786 0.99993086 0.9999174  0.99983025
 0.99992096 0.73034304 0.99561346 0.9998988  0.9999567  0.9998809
 0.9998846  0.99990296]
[0.9753329  0.89940196 0.9998753  0.99995935 0.9999404  0.99977964
 0.9999286  0.5871683  0.99590504 0.9998933  0.9999398  0.9999169
 0.9998847  0.9999441 ]
[0.9736206  0.98944455 0.9999151  0.9999486  0.99988914 0.99977416
 0.9999527  0.56105465 0.9936026  0.9998827  0.99995196 0.99988365
 0.9999125  0.9998909 ]
[0.9781049  0.98603004 0.99991035 0.99993646 0.99993837 0.9997427
 0.99993145 0.61547065 0.9965995  0.9999411  0.9999428  0.9999356
 0.9998933  0.9999112 ]
[0.9747629  0.9632188  0.99993205 0.999918   0.99995434 0.99982256
 0.9999496  0.6331326  0.99473614 0.9999049  0.99991596 0.9999331
 0.9999186  0.99990916]
[0.97529626 0.98095554 0.999936   0.9999263  0.99995446 0.9998311
 0.99996114 0.454765   0.9947902  0.9999387  0.99991024 0.9999311
 0.9999093  0.9999467 ]
[0.97350895 0.96345466 0.99991083 0.99995756 0.9999511  0.99981743
 0.99995637 0.64153653 0.99238706 0.99993753 0.9999517  0.9999114
 0.9999273  0.99995255]
[0.9775488  0.97806716 0.9998722  0.99992466 0.9999089  0.99983406
 0.99996257 0.7836942  0.994862   0.99993503 0.99994195 0.9999455
 0.99990225 0.9999167 ]
[0.98236775 0.9567751  0.9999145  0.99993825 0.99992406 0.9998173
 0.9999596  0.64371717 0.99480987 0.9999052  0.99994385 0.99992895
 0.99992573 0.99994755]
[0.9706303  0.97990626 0.999879   0.9999126  0.9999069  0.99975485
 0.99991906 0.64298093 0.99438643 0.99994993 0.99991965 0.9999422
 0.9999032  0.9999466 ]
[0.9757144  0.976313   0.9999106  0.9999516  0.9999441  0.99977475
 0.99995005 0.70555425 0.993901   0.99989533 0.9999261  0.9998795
 0.99991477 0.9999286 ]
[0.9742143  0.98265487 0.99992275 0.9999044  0.99989617 0.99978215
 0.9999516  0.69251156 0.9943203  0.9999492  0.99991107 0.99989283
 0.99991274 0.9999385 ]
[0.96919245 0.98319536 0.99994063 0.9999596  0.99989367 0.99982625
 0.99994254 0.6809726  0.99570554 0.40126598 0.9999192  0.9999255
 0.999907   0.99991536 0.99992585]
[0.96561563 0.97753716 0.99993336 0.9999188  0.9999522  0.999843
 0.99993634 0.6009975  0.9969542  0.99992526 0.99991274 0.9999126
 0.9999367  0.99992764]
[0.96700436 0.98639387 0.9998845  0.99991894 0.99995303 0.9997384
 0.99993026 0.5937321  0.99637055 0.99993205 0.9999399  0.99989915
 0.99992096 0.99994683]
[0.982106   0.98506016 0.9999318  0.99993455 0.99990034 0.9997209
 0.9999392  0.643223   0.9954957  0.99989605 0.9999527  0.99989283
 0.9998975  0.9999361 ]
[0.9812206  0.98899186 0.9999312  0.9999106  0.99994814 0.9998035
 0.9999163  0.6184346  0.99636453 0.9999217  0.9999064  0.9999298
 0.99992704 0.99994123]
[0.96083724 0.9783205  0.99991405 0.99992037 0.99993813 0.9998454
 0.9999502  0.69435626 0.99387    0.9999286  0.99989295 0.99990845
 0.9998908  0.99988675]
[0.9803423  0.98788375 0.999879   0.9999218  0.99994195 0.99973434
 0.99995196 0.7114087  0.9951149  0.9999175  0.9999597  0.99987257
 0.99987555 0.99994624]
[0.973007   0.9834758  0.9997681  0.99993646 0.9999397  0.99985826
 0.9999386  0.59309906 0.99624485 0.9999026  0.9999149  0.999936
 0.99991655 0.99993336]
[0.9505592  0.99016917 0.9999474  0.9999039  0.9999372  0.99983263
 0.99995065 0.7307821  0.99665487 0.9999368  0.99990726 0.9998772
 0.9999051  0.999928  ]
[0.9791374  0.9911409  0.99992037 0.999928   0.99994004 0.9998516
 0.9999505  0.6281468  0.9971119  0.99992514 0.99995375 0.99988055
 0.9998809  0.9999281 ]
[0.97204393 0.9870221  0.9998832  0.99995804 0.9999472  0.9998567
 0.99993765 0.6809569  0.996617   0.9999232  0.99994624 0.99988186
 0.9999119  0.999951  ]
[0.96156925 0.98911816 0.999938   0.9999192  0.9999161  0.99988294
 0.99991465 0.7343733  0.9961052  0.9999385  0.9999552  0.99994266
 0.9999224  0.9999155 ]
[0.9768861  0.9885406  0.99987733 0.9999454  0.9999386  0.99967504
 0.9998977  0.75084865 0.99308866 0.999902   0.99994206 0.9999051
 0.9999306  0.9999217 ]
[0.9736767  0.9618923  0.9999349  0.99992216 0.9999199  0.9997434
 0.9999052  0.6039058  0.9968346  0.9998981  0.99995875 0.9999144
 0.999925   0.999925  ]
[0.9781763  0.984838   0.99987495 0.99994504 0.99990773 0.99984634
 0.99995923 0.63106173 0.9933362  0.9999286  0.999956   0.9999125
 0.9999368  0.999897  ]
[0.9511579  0.9858871  0.9999316  0.99992526 0.9999161  0.9997886
 0.99991703 0.7089056  0.9968497  0.9999068  0.9999449  0.99989116
 0.9998859  0.99995065]
[0.94942033 0.98835456 0.9999306  0.9999298  0.9999329  0.99978715
 0.99995935 0.667546   0.9948555  0.99994135 0.99992037 0.9999273
 0.9999083  0.9999193 ]
[0.9614076  0.9645086  0.9990146  0.99993956 0.99994445 0.99969137
 0.99995744 0.7775771  0.99532664 0.7673159  0.99988985 0.99996495
 0.999889   0.99989796 0.9999496 ]
[0.97830427 0.98777485 0.9998952  0.99991    0.99992645 0.9997707
 0.99993026 0.50093114 0.9972505  0.99992657 0.9999217  0.99985754
 0.99989057 0.99994814]
[0.9619225  0.94284874 0.99991107 0.9999356  0.99993443 0.9998375
 0.99991834 0.6906179  0.9945287  0.9999399  0.9999349  0.9999261
 0.99993527 0.99992895]
[0.97610295 0.9895431  0.99987245 0.99993336 0.99990535 0.99982077
 0.9999354  0.7067616  0.99691075 0.9998896  0.99992144 0.9999056
 0.9999411  0.999938  ]
[0.9773043  0.985114   0.999895   0.99992514 0.99993265 0.9998203
 0.99995697 0.5838694  0.9955966  0.99993587 0.9999528  0.999871
 0.9998864  0.99989545]
[0.9571487  0.988792   0.9999269  0.9999094  0.9999069  0.99981433
 0.9999262  0.7495248  0.99687374 0.9998938  0.99994946 0.9999018
 0.99990344 0.99993896]
[0.97363496 0.9889126  0.99990916 0.9999211  0.999928   0.9997373
 0.9999455  0.63858443 0.99247324 0.9999256  0.9999368  0.99988115
 0.99991655 0.9999045 ]
[0.98473257 0.97848105 0.99993193 0.9999479  0.9999083  0.999821
 0.9999362  0.7047354  0.99715483 0.99990773 0.9999269  0.99993324
 0.99988604 0.99993694]
[0.97743976 0.98367715 0.9999405  0.99994385 0.9999287  0.9998863
 0.99991584 0.5582246  0.99578744 0.9999466  0.99992883 0.99989426
 0.9998739  0.9998958 ]
[0.97368443 0.9136846  0.9998996  0.99994504 0.999943   0.99981064
 0.9999455  0.76976514 0.9952264  0.9998965  0.99996114 0.9999052
 0.9999201  0.9999138 ]
[0.9426507  0.98485756 0.9999124  0.99994767 0.99989176 0.99979824
 0.9999453  0.5744416  0.99289894 0.9999453  0.9999323  0.99986196
 0.9998747  0.9999471 ]
[0.9591045  0.992529   0.99989724 0.9999225  0.9999323  0.9998596
 0.9999571  0.74910104 0.9944019  0.9999442  0.9999503  0.9998832
 0.99991    0.99991226]
[0.9672313  0.9869086  0.99993205 0.9999399  0.999892   0.99972326
 0.9999211  0.65124595 0.9965628  0.9999275  0.99993825 0.9999168
 0.99987423 0.9999325 ]
[0.97882175 0.98158526 0.99989164 0.9999285  0.99994016 0.9997758
 0.9999385  0.6556915  0.9941345  0.9999341  0.9999119  0.9999291
 0.99992275 0.9999182 ]
[0.9615082  0.9836585  0.9999299  0.9999528  0.9999238  0.9997452
 0.99992836 0.59524715 0.9965424  0.99992585 0.9999192  0.99993837
 0.99991953 0.9998977 ]
[0.9643343  0.98112947 0.9999343  0.99995124 0.9999429  0.99980634
 0.999923   0.5748388  0.99384105 0.9999254  0.999908   0.999902
 0.9998939  0.9999467 ]
[0.9789533  0.9859541  0.9998739  0.9999194  0.9999424  0.9998549
 0.9999341  0.73490506 0.99403846 0.99994195 0.99991894 0.99994063
 0.99993205 0.9998857 ]
[0.9765321  0.9837292  0.9999138  0.99993324 0.9999355  0.9997471
 0.9999232  0.67377746 0.99526006 0.99991596 0.9999528  0.99986744
 0.99990976 0.9999106 ]
[0.9649012  0.9878034  0.99988544 0.9999378  0.9999275  0.99978966
 0.999962   0.57801324 0.99510175 0.99991906 0.99994016 0.99990153
 0.99993896 0.9999081 ]
[0.9849984  0.9433416  0.9999099  0.9999597  0.99990654 0.9997533
 0.99994504 0.761162   0.99393445 0.99991894 0.9999478  0.9998627
 0.9998863  0.9999422 ]
[0.9696916  0.9839012  0.9999144  0.9999442  0.9999299  0.99987507
 0.9999118  0.7435952  0.9970703  0.99994564 0.9999267  0.9998642
 0.9999263  0.99992585]
[0.9793759  0.95831263 0.99990356 0.9999229  0.9999075  0.9997094
 0.99992585 0.7703927  0.9932081  0.99993956 0.9999348  0.9999398
 0.99990475 0.9999248 ]
[0.9725084  0.9846444  0.9999249  0.9999274  0.999948   0.9997261
 0.99994826 0.698232   0.9957482  0.9999397  0.99993587 0.99993145
 0.99990475 0.99989665]
[0.97335374 0.97120553 0.99994016 0.999956   0.9998785  0.9998227
 0.9999459  0.55685437 0.9937263  0.9999136  0.99995065 0.9998759
 0.9999291  0.99990594]
[0.9798079  0.9878933  0.99991286 0.99993694 0.99992526 0.99972373
 0.9999248  0.737215   0.9970794  0.9999521  0.9999112  0.99990785
 0.9999379  0.9999218 ]
[0.9795914  0.987632   0.99991035 0.99991655 0.9999274  0.99979573
 0.99995196 0.6393184  0.9934301  0.99987316 0.99992836 0.99990106
 0.9999291  0.9999207 ]
