Mprobs for dataset sim1 (50)

[0.9833008  0.99871147 0.99870205 0.995395   0.99968827 0.9995647
 0.9943904  0.9993444  0.98697853 0.99477345 0.98082995 0.9979905
 0.99488777 0.99941397 0.99701786 0.9908636  0.99837756 0.99968123]
[0.98494685 0.9969867  0.9961188  0.9979588  0.99974066 0.99950445
 0.99671257 0.9990157  0.98069316 0.99207413 0.86010945 0.9979096
 0.99534494 0.99926096 0.9983316  0.99359906 0.9991911  0.99966204]
[0.9439446  0.99724895 0.9974291  0.9976841  0.9995914  0.9994791
 0.99359566 0.9994911  0.99598336 0.9906426  0.98529285 0.99811304
 0.9895483  0.9991646  0.9981793  0.9917903  0.99918264 0.9996068 ]
[0.9646329  0.9978561  0.9985292  0.9988356  0.99965227 0.9996086
 0.9957354  0.998884   0.9917154  0.9979942  0.9895974  0.998495
 0.99299353 0.99917525 0.99837685 0.9905776  0.99900216 0.9995821 ]
[0.95355874 0.99898654 0.9985581  0.99823546 0.99980086 0.9994449
 0.99571216 0.9994254  0.9904469  0.9981774  0.9767045  0.99766076
 0.9969292  0.9994967  0.9968077  0.9828485  0.9985007  0.99948406]
[0.9819772  0.99737144 0.99698454 0.9900765  0.99968493 0.99897397
 0.99758387 0.9992015  0.98978007 0.9956741  0.99002236 0.9980159
 0.99535817 0.99883705 0.99712664 0.989748   0.9988569  0.9996164 ]
[0.96047413 0.9959525  0.99734396 0.998418   0.9996507  0.9997187
 0.99227035 0.99919516 0.9887354  0.9943336  0.9515496  0.99609524
 0.99822754 0.9989942  0.997729   0.98594356 0.9990514  0.99947757]
[0.954839   0.99844885 0.99814916 0.9957854  0.9996214  0.9989675
 0.99732745 0.9989286  0.9919327  0.99307317 0.9888966  0.99700314
 0.98691595 0.9994541  0.99653184 0.9881434  0.998831   0.99942124]
[0.94833153 0.99638087 0.99684167 0.9959234  0.9995328  0.9992649
 0.99325836 0.9985663  0.97697544 0.9819556  0.9828     0.99784076
 0.99114764 0.99929416 0.99721116 0.9920082  0.99918133 0.9993242 ]
[0.98815185 0.9977915  0.9964594  0.4053739  0.9955369  0.9996691
 0.9993767  0.99374986 0.9990396  0.9851437  0.9929119  0.99102354
 0.99891496 0.9965837  0.9991092  0.9985501  0.9902355  0.99830735
 0.99953425]
[0.93016094 0.9976041  0.9982175  0.9961986  0.99963784 0.99945384
 0.99496114 0.9992957  0.99360895 0.99495196 0.97868973 0.9971277
 0.9940805  0.99908626 0.99698824 0.9916679  0.9984226  0.9995376 ]
[0.9742387  0.99760205 0.99680614 0.9958931  0.9994649  0.99935335
 0.9975084  0.9992804  0.988492   0.99517304 0.9797738  0.99826056
 0.99251246 0.99924964 0.99635446 0.9903481  0.9978946  0.99957937]
[0.9464045  0.994911   0.9968105  0.99694973 0.9996458  0.99947554
 0.9949911  0.99926394 0.9874796  0.9978206  0.9719143  0.99768615
 0.99586797 0.9994723  0.99747473 0.99213326 0.9989359  0.99958915]
[0.961884   0.9980482  0.9979983  0.99766314 0.999653   0.9994179
 0.9964104  0.9995346  0.9951774  0.9928676  0.99067396 0.998054
 0.99679047 0.999595   0.9976273  0.9933942  0.99912506 0.9994462 ]
[0.9350068  0.99817777 0.9986688  0.9976146  0.9997205  0.99957997
 0.990669   0.9988067  0.98769104 0.99146944 0.98323154 0.997934
 0.9933961  0.9993963  0.9971825  0.9903279  0.9980324  0.99947923]
[0.90682006 0.99759185 0.9975051  0.99762434 0.99968064 0.99941385
 0.9936266  0.9993401  0.9893758  0.9889269  0.8354861  0.9979609
 0.99563617 0.99898916 0.99620605 0.9889021  0.9991136  0.9995789 ]
[0.92760134 0.9971066  0.9986218  0.9978331  0.999742   0.9994325
 0.99841774 0.9994301  0.9933476  0.99086434 0.9885952  0.99697137
 0.998487   0.9989889  0.9976025  0.9902131  0.99904615 0.9995944 ]
[0.94560134 0.9980263  0.9982889  0.9976882  0.99972254 0.99943346
 0.9963504  0.99941134 0.99592066 0.9964097  0.98977435 0.9987118
 0.9962115  0.99932706 0.9975891  0.9895768  0.99899393 0.9996244 ]
[0.9576826  0.99853253 0.9957562  0.99616086 0.9996371  0.9994593
 0.9951048  0.9987507  0.98847604 0.99579215 0.95677936 0.9976598
 0.99069864 0.9991935  0.99860185 0.9824867  0.9987301  0.99950993]
[0.9657926  0.99689984 0.9981914  0.9971343  0.999655   0.99938655
 0.9922575  0.99904376 0.9895036  0.9938247  0.93166757 0.9983494
 0.9959227  0.99860317 0.99529666 0.9813665  0.99863297 0.9996346 ]
[0.9646958  0.99814796 0.99590635 0.99672663 0.99937576 0.9991328
 0.99586076 0.9985563  0.9918426  0.996512   0.97824425 0.9959325
 0.9922069  0.99939084 0.9963825  0.99260205 0.9987588  0.9995524 ]
[0.98135823 0.9982158  0.99814117 0.99713504 0.9996598  0.99953485
 0.9953187  0.99917066 0.98955244 0.9961506  0.9854041  0.99768066
 0.98636484 0.99942315 0.9967271  0.9889774  0.99802256 0.99944335]
[0.84735453 0.9986118  0.99703145 0.9981341  0.9997166  0.99930406
 0.9942392  0.99913615 0.9935003  0.9948102  0.8876939  0.99804616
 0.99703526 0.9989796  0.9957023  0.98825455 0.9992015  0.9995634 ]
[0.9335673  0.9972166  0.9972994  0.9971071  0.999724   0.99953425
 0.9915455  0.99958783 0.98638004 0.9982008  0.9851305  0.9985844
 0.99817777 0.9990606  0.9967121  0.98288935 0.9987601  0.99931264]
[0.96676064 0.99747026 0.9973183  0.99613863 0.99947995 0.9995864
 0.9928092  0.99894303 0.9903004  0.9916762  0.98072034 0.99738556
 0.99264514 0.9991855  0.9954513  0.98516786 0.999203   0.99957603]
[0.88591707 0.99829227 0.9985232  0.9982918  0.9995946  0.9993517
 0.9965125  0.9994055  0.9916898  0.99715495 0.98382056 0.997535
 0.9943633  0.99898046 0.99830616 0.9931393  0.9993544  0.9997373 ]
[0.98182225 0.99758065 0.9974468  0.9958942  0.9997389  0.9997634
 0.9976815  0.9995011  0.99334055 0.9977806  0.9852027  0.99861133
 0.99598926 0.9996238  0.99698985 0.98889625 0.9991611  0.9996567 ]
[0.9764113  0.9981862  0.9989918  0.99771947 0.99975294 0.9995888
 0.9931258  0.9995121  0.9929167  0.99779725 0.97108454 0.998442
 0.9956245  0.9990777  0.99732435 0.9862097  0.9987012  0.99973243]
[0.9696531  0.9977731  0.9988028  0.9980605  0.9996505  0.9995339
 0.9945439  0.9996111  0.9959073  0.9943433  0.9766947  0.99822026
 0.99609333 0.9996239  0.99869114 0.99619246 0.9992531  0.99968076]
[0.95903444 0.9969177  0.9977921  0.99631363 0.99960226 0.9991442
 0.9970636  0.999432   0.98907673 0.9980737  0.9775383  0.99778193
 0.9924591  0.9992945  0.9968521  0.9923584  0.9986331  0.999607  ]
[0.9697529  0.9984615  0.99705124 0.9967638  0.9993849  0.9995378
 0.9940838  0.9995047  0.98873377 0.99498415 0.921943   0.9971585
 0.99293435 0.99906236 0.99868256 0.98532885 0.9989505  0.9993875 ]
[0.98406583 0.9969421  0.99621046 0.9979406  0.999734   0.99934787
 0.99655247 0.9995478  0.9937383  0.98880404 0.98521703 0.9970138
 0.9970567  0.99948657 0.9985176  0.9944265  0.9990896  0.99944395]
[0.9336839  0.9993278  0.9983059  0.9985642  0.9997812  0.9995586
 0.99722123 0.9991554  0.9948584  0.9971349  0.9800317  0.9980052
 0.9980604  0.99936014 0.99909186 0.99479204 0.99922955 0.99972886]
[0.97108275 0.99803036 0.99880326 0.9986223  0.99965525 0.9994369
 0.9937562  0.99906176 0.98900014 0.9948737  0.9587971  0.9972082
 0.9928099  0.99929416 0.99689436 0.98969275 0.9986442  0.9995454 ]
[0.98012596 0.9985476  0.99851054 0.9980246  0.9995988  0.9995208
 0.997928   0.99923694 0.9948608  0.9931979  0.9874328  0.9975446
 0.99217516 0.99877256 0.9957813  0.98845637 0.9986877  0.9995714 ]
[0.96937054 0.99609476 0.99803704 0.9972255  0.9995264  0.99927837
 0.9944313  0.9981304  0.9876559  0.99212015 0.9413465  0.99743253
 0.99188644 0.9989065  0.9968556  0.983383   0.9983475  0.9993363 ]
[0.9361643  0.9979844  0.9988298  0.9984566  0.99948955 0.9996257
 0.9960977  0.9988317  0.99246985 0.99706846 0.9614723  0.99848866
 0.99606764 0.9985845  0.99767107 0.9848904  0.9988734  0.9995913 ]
[0.93145055 0.9980944  0.9952442  0.99816114 0.9995715  0.9995153
 0.9926766  0.99923885 0.98807853 0.99737215 0.98034656 0.99727815
 0.9913024  0.9991165  0.9975038  0.987294   0.9986904  0.999559  ]
[0.9690062  0.9973667  0.9985469  0.40646738 0.99886274 0.99941003
 0.9993975  0.99281585 0.99860424 0.981184   0.9925096  0.97837174
 0.99728906 0.9926421  0.99881625 0.997063   0.99317205 0.99894553
 0.9995043 ]
[0.9676175  0.9967091  0.9986842  0.994283   0.9996526  0.9996118
 0.98802453 0.9991277  0.98946685 0.9933241  0.97482294 0.99782854
 0.997203   0.9987374  0.9981926  0.9924063  0.9987789  0.99952114]
[0.9551666  0.997431   0.9969285  0.9981919  0.9995691  0.9991123
 0.9943117  0.99885964 0.9884574  0.9931137  0.9072124  0.9977075
 0.9984629  0.9986242  0.99576    0.9900789  0.9988426  0.99935013]
[0.96427596 0.9979533  0.99675226 0.3009433  0.9963014  0.9996536
 0.99958414 0.9962005  0.99899787 0.9887211  0.99698347 0.9863616
 0.99847144 0.9950054  0.9989967  0.9977329  0.9893064  0.9990669
 0.99935097]
[0.94737524 0.9980525  0.9971163  0.99723583 0.9997223  0.9992317
 0.9959086  0.9994586  0.99102414 0.9959311  0.95688576 0.99669516
 0.9987953  0.99947184 0.9974788  0.99029857 0.9990565  0.9997323 ]
[0.93714553 0.99802715 0.99871254 0.99711585 0.99972373 0.9996569
 0.9950708  0.9993592  0.9913122  0.998198   0.9833829  0.9981931
 0.9954804  0.9995679  0.9967874  0.98672277 0.99922657 0.9996836 ]
[0.98917973 0.99826545 0.998055   0.9976555  0.9996376  0.9994759
 0.99380636 0.999551   0.99243516 0.9968989  0.9913988  0.9974003
 0.997629   0.9995382  0.9963362  0.9833551  0.99948114 0.9996489 ]
[0.9401334  0.9980526  0.99614006 0.9968093  0.9994393  0.99921584
 0.99645126 0.99833196 0.98760194 0.996675   0.96218556 0.99810386
 0.99602604 0.9988206  0.99784946 0.98364854 0.9990096  0.9994567 ]
[0.9659     0.99533045 0.9943943  0.99858    0.99967074 0.9993741
 0.9975599  0.9985311  0.99239445 0.99476457 0.9745283  0.99723876
 0.9952872  0.99881953 0.9968945  0.9879198  0.9963167  0.9994585 ]
[0.9749654  0.99702424 0.9957118  0.9947752  0.9994398  0.999315
 0.9894427  0.9988727  0.98306906 0.99381036 0.9808467  0.9974861
 0.9931415  0.99921274 0.9957802  0.9811312  0.9981668  0.99955505]
[0.9795583  0.9982728  0.9964545  0.996662   0.9996772  0.99925643
 0.996307   0.999342   0.9875882  0.9948677  0.9822045  0.9965994
 0.9941381  0.9993192  0.9970709  0.9850852  0.9988438  0.99923456]
[0.930426   0.99842995 0.99904436 0.9975228  0.9994555  0.9994215
 0.9920082  0.9992387  0.98892224 0.99791545 0.98847485 0.99726593
 0.9951859  0.9990671  0.99586797 0.99261194 0.9989856  0.9995198 ]
[0.9493364  0.9967282  0.9963008  0.99611    0.999696   0.9994667
 0.9952696  0.99939144 0.98746    0.9951786  0.9847921  0.99820995
 0.99447244 0.9990409  0.99607533 0.9886191  0.999286   0.999603  ]
[0.9476864  0.99634886 0.9985574  0.99728394 0.99958235 0.9996038
 0.99546486 0.99920756 0.9909503  0.9958275  0.9504292  0.9979747
 0.9926232  0.9989182  0.99568766 0.99258876 0.99883    0.9995815 ]
[0.9433479  0.99773407 0.9972952  0.9976464  0.9994185  0.99908733
 0.99402595 0.999318   0.9839532  0.99637336 0.98023    0.99744654
 0.9960491  0.9987941  0.9948873  0.9789114  0.9990872  0.9996784 ]
[0.88163304 0.99710566 0.995231   0.99639565 0.99944896 0.9994137
 0.9953917  0.9993013  0.9905228  0.99650866 0.988113   0.99688077
 0.99184704 0.99945706 0.998005   0.9909705  0.99878746 0.99946314]
[0.95408446 0.99643207 0.9987877  0.9976561  0.9996275  0.9995552
 0.9928549  0.9992004  0.977765   0.9839019  0.97967094 0.9965767
 0.99343914 0.999124   0.99562633 0.98242396 0.99848586 0.9994363 ]
[0.9595473  0.9986298  0.9966545  0.9955878  0.99973637 0.99945265
 0.99330866 0.9992065  0.98325276 0.9958935  0.9901119  0.9977182
 0.99514705 0.99923384 0.9974124  0.9906883  0.9992525  0.99964356]
