Mprobs for dataset sim1 (1)

[0.99992144 0.99995434 0.99993265 0.9998809  0.9999237  0.9998939
 0.9999161  0.9999449  0.99994695 0.9999362 ]
[0.999938   0.9999434  0.99994814 0.99986565 0.9999305  0.99994767
 0.999951   0.9999517  0.9999044  0.9999398 ]
[0.9999007  0.9999199  0.9999175  0.9998216  0.99995506 0.99990106
 0.9999558  0.9999198  0.99988747 0.99991083]
[0.9998863  0.9999083  0.9999385  0.99983585 0.9999063  0.9998882
 0.9999429  0.9999281  0.999946   0.99993277]
[0.9999201  0.9999443  0.99995565 0.99987686 0.99993277 0.9999231
 0.9999604  0.9999354  0.9999379  0.99992275]
[0.99992025 0.99992406 0.9999411  0.99986064 0.9999583  0.999912
 0.9999312  0.99994826 0.99989927 0.99995005]
[0.99995136 0.99990964 0.99990654 0.9999026  0.9999198  0.9999039
 0.99993014 0.9999144  0.99991834 0.99991643]
[0.999905   0.9999083  0.9999087  0.99986017 0.9999511  0.9999006
 0.9999238  0.99993813 0.99992526 0.9999459 ]
[0.9999187  0.9999145  0.99992335 0.99989116 0.99996495 0.99991906
 0.9999361  0.99990773 0.99994063 0.99994636]
[0.9999101  0.99994934 0.99990666 0.9998485  0.99994075 0.9999492
 0.99995506 0.99994886 0.9998976  0.9999325 ]
[0.9999374  0.9999484  0.99993515 0.99989974 0.99992025 0.9998988
 0.99995935 0.9999261  0.9998977  0.99991894]
[0.99991906 0.99994135 0.9999466  0.9999089  0.9999577  0.9999248
 0.9999598  0.9999287  0.99994457 0.99989927]
[0.9999038  0.9999474  0.99993    0.99992883 0.9999547  0.99988794
 0.99996316 0.9999236  0.99992836 0.99993026]
[0.999918   0.9999379  0.9999138  0.999923   0.9999263  0.999907
 0.9999491  0.99992096 0.99989927 0.99991536]
[0.99990225 0.9999523  0.9999306  0.99982256 0.9999155  0.99991214
 0.9999293  0.9999559  0.999905   0.9999219 ]
[0.99990284 0.9999486  0.9999459  0.999864   0.99991393 0.9999455
 0.9999119  0.9999571  0.9998834  0.99993765]
[0.99989533 0.9999268  0.99990296 0.9998441  0.99992776 0.9999318
 0.99995625 0.9999224  0.9999205  0.9999193 ]
[0.9999014 0.9999298 0.9999095 0.9998497 0.9999193 0.9999449 0.9999218
 0.9999398 0.9999018 0.9999069]
[0.9999335  0.99995565 0.9999485  0.99991107 0.9999516  0.9999255
 0.9999554  0.99992347 0.99990106 0.9999515 ]
[0.9999218  0.99990773 0.99989235 0.99985147 0.9999368  0.999925
 0.999962   0.9998994  0.9999212  0.9999534 ]
[0.9999176  0.9999027  0.9999411  0.9998287  0.9999583  0.9999155
 0.99990106 0.9999368  0.9999341  0.9999379 ]
[0.9998957  0.9999565  0.9999131  0.9999242  0.99994886 0.99993193
 0.9999585  0.9999589  0.9999162  0.99993587]
[0.9999299  0.99993706 0.99991727 0.9998202  0.9999459  0.9999318
 0.99995625 0.9999502  0.9999324  0.99991596]
[0.99991345 0.9999434  0.9999523  0.99984765 0.9999218  0.99989605
 0.99993956 0.9999335  0.9999273  0.99989414]
[0.9998864  0.9999578  0.9999044  0.99986196 0.9999157  0.9999095
 0.99993575 0.9999049  0.99991035 0.9999492 ]
[0.9999367  0.9999391  0.99992    0.9999144  0.9999461  0.9999443
 0.9999443  0.99994814 0.99993825 0.999946  ]
[0.99990594 0.99993193 0.9999285  0.999899   0.999943   0.9999243
 0.9999449  0.99991286 0.9998977  0.99995553]
[0.99994516 0.9999535  0.99991286 0.99992716 0.9999558  0.9998925
 0.99995184 0.99990153 0.9999293  0.99992573]
[0.9999176  0.99995327 0.9999219  0.99991274 0.9999461  0.9999236
 0.99991536 0.99993503 0.9999167  0.9999492 ]
[0.9999337  0.9999362  0.9999279  0.9998977  0.99994874 0.99992037
 0.99991786 0.99991655 0.99993086 0.99994266]
[0.99992514 0.99994195 0.9999479  0.99988353 0.99992836 0.99993026
 0.999913   0.99993    0.9999416  0.99989057]
[0.99991107 0.9999596  0.99989235 0.9998528  0.99993134 0.99990296
 0.9999478  0.99992275 0.9998739  0.99990916]
[0.99993753 0.9999559  0.99990547 0.999879   0.999931   0.99991155
 0.9999652  0.99996185 0.999926   0.9999317 ]
[0.99992967 0.9999392  0.99990785 0.9999001  0.9999348  0.99991715
 0.99995875 0.9999492  0.9999217  0.9999225 ]
[0.9999336  0.9999447  0.99991393 0.99986863 0.99996233 0.9998934
 0.99994826 0.99992037 0.99991727 0.99992573]
[0.99988437 0.9999422  0.99989474 0.99982953 0.9999573  0.9999409
 0.99991775 0.9999461  0.99990237 0.99991965]
[0.9999275  0.9999478  0.9999199  0.999908   0.9999521  0.9999256
 0.9999509  0.99995506 0.9999348  0.9999012 ]
[0.9999478  0.9999176  0.9999379  0.9998808  0.99995005 0.99991834
 0.9999368  0.99993694 0.99994123 0.99989736]
[0.99995005 0.99992025 0.99992096 0.99991643 0.99993074 0.99991727
 0.99995184 0.9999584  0.99993134 0.9999485 ]
[0.9999373  0.9999269  0.99990785 0.9999161  0.9999628  0.9999058
 0.99993646 0.9999552  0.999895   0.99991965]
[0.9998926  0.99995077 0.9999136  0.99992204 0.99996483 0.99991965
 0.9999491  0.999943   0.9998939  0.9999356 ]
[0.9999075  0.9999193  0.99991524 0.99990094 0.99993885 0.9999162
 0.99994016 0.99995315 0.9999013  0.9999192 ]
[0.9999455  0.9999225  0.9999293  0.9998599  0.99992466 0.9999198
 0.99996006 0.99990654 0.99991405 0.99993026]
[0.9999465  0.99991    0.99991715 0.99988747 0.9999548  0.9999354
 0.9999484  0.9999522  0.99995136 0.9999298 ]
[0.99989784 0.9999491  0.9999186  0.9998554  0.9999428  0.9999105
 0.9999341  0.9999312  0.9999392  0.9999496 ]
[0.9999056  0.99994516 0.99992573 0.9998267  0.9999584  0.99994314
 0.9999403  0.99994254 0.99992955 0.9998994 ]
[0.9999299  0.9999188  0.99989283 0.9998274  0.99994886 0.9999206
 0.99993587 0.9999305  0.99991584 0.9999374 ]
[0.99993634 0.99995077 0.9999552  0.9998555  0.9999436  0.9999541
 0.99995697 0.99995327 0.9998927  0.9999547 ]
[0.9999038  0.9999584  0.9999273  0.9998555  0.9999614  0.9999367
 0.999961   0.9999285  0.9999249  0.99995506]
[0.9999372  0.9999335  0.9999491  0.9998975  0.9999486  0.99989355
 0.9999577  0.99995875 0.9999156  0.9999435 ]
[0.9999498  0.99992764 0.99994695 0.9998945  0.99995863 0.99993086
 0.99991775 0.99990916 0.99992    0.99993515]
[0.9999467  0.99995947 0.99989367 0.99986124 0.9999627  0.99991703
 0.9999473  0.9999018  0.9998877  0.9999223 ]
[0.9999263  0.999941   0.9999032  0.9998795  0.9999503  0.99992
 0.9999175  0.99995196 0.99993384 0.9999311 ]
[0.9999231  0.9999325  0.99990296 0.9999056  0.9999254  0.999889
 0.9999219  0.9999515  0.99992573 0.99991   ]
[0.9998894  0.99992204 0.9998944  0.99990857 0.9999529  0.99992824
 0.9999281  0.99994254 0.9999285  0.99992824]
[0.999918   0.9999523  0.9999181  0.99981517 0.99994516 0.9999057
 0.99991333 0.99989676 0.9998939  0.9999168 ]
[0.9999188  0.99995387 0.9999368  0.9999105  0.9999255  0.99989724
 0.99993753 0.9999275  0.99990404 0.99995327]
