Mprobs for dataset sim1 (0.1)

[0.9999101  0.9999474  0.999913   0.9999316  0.9999337  0.99994695
 0.99996114 0.9999236  0.9999479  0.99994385]
[0.9999341  0.99994457 0.99993074 0.99989283 0.9999217  0.9999311
 0.9999559  0.99995136 0.9998857  0.9999305 ]
[0.99993265 0.99992275 0.9999565  0.9999249  0.99995756 0.9999063
 0.99993634 0.99994314 0.9999316  0.99993277]
[0.9999405  0.99993885 0.9999285  0.99988246 0.99995637 0.9999268
 0.9999517  0.9999466  0.9999186  0.9999474 ]
[0.9999021  0.999928   0.99992573 0.99983656 0.99995995 0.99994385
 0.999961   0.9999151  0.9999027  0.9999138 ]
[0.99990666 0.99994266 0.9999033  0.9998816  0.9999571  0.99994886
 0.9999547  0.99991775 0.9998965  0.99993885]
[0.9999169  0.9999584  0.99993634 0.99991596 0.9999331  0.99992335
 0.99992394 0.99994373 0.99994063 0.99994624]
[0.9999138  0.9999182  0.9999167  0.9998536  0.99991953 0.9999386
 0.99992836 0.99991214 0.9999405  0.99992085]
[0.99991524 0.9999598  0.99992704 0.9999101  0.99992466 0.9999045
 0.99995506 0.99994874 0.9999019  0.9999151 ]
[0.99994755 0.99993587 0.9999502  0.9999255  0.9999399  0.9999465
 0.99992764 0.9998994  0.99991953 0.9999082 ]
[0.9999132  0.9999422  0.99993205 0.9998473  0.9999634  0.999951
 0.9999275  0.9999311  0.99991274 0.9999455 ]
[0.9999007  0.9999497  0.9999101  0.99990225 0.9999254  0.99990463
 0.99991477 0.99995196 0.9999     0.9999349 ]
[0.9999523  0.9999298  0.9999019  0.9999018  0.999962   0.9999498
 0.999944   0.99991536 0.99992824 0.9999441 ]
[0.9998865  0.9999373  0.9999515  0.99991417 0.9999325  0.9998989
 0.99993145 0.9999336  0.9999049  0.9998996 ]
[0.99993515 0.9999603  0.99995077 0.9999044  0.99994946 0.99989355
 0.999944   0.99995744 0.9999099  0.9998945 ]
[0.99991107 0.9999516  0.99994516 0.9998889  0.99995434 0.9999434
 0.99991775 0.9999336  0.99993587 0.99994135]
[0.99991274 0.9999374  0.99993944 0.99989104 0.99994457 0.9999366
 0.999949   0.9999558  0.9998987  0.99993324]
[0.9998919  0.99992085 0.99995077 0.99987483 0.99996245 0.99991786
 0.99996364 0.9999074  0.9999285  0.99990165]
[0.9999368  0.99992955 0.99993646 0.9998884  0.999964   0.9999273
 0.99994755 0.9999503  0.9998971  0.9999391 ]
[0.9999056  0.9999553  0.99994886 0.99987364 0.9999417  0.99991417
 0.999954   0.99994385 0.99991703 0.999912  ]
[0.9999076  0.99993396 0.99993896 0.9998173  0.9999404  0.9999311
 0.99994195 0.99992955 0.99989855 0.99994695]
[0.9999347  0.9999517  0.99991417 0.99985075 0.9999199  0.9998882
 0.9999201  0.9999156  0.99993265 0.99991095]
[0.9999224  0.99993515 0.99991465 0.99982893 0.99995923 0.99994624
 0.9999366  0.99995255 0.9999453  0.99995255]
[0.9999356  0.9999372  0.9999517  0.9998908  0.9999616  0.9999119
 0.9999311  0.9999368  0.99988544 0.9999169 ]
[0.99993205 0.9999423  0.9998981  0.9998716  0.99994624 0.99991524
 0.9999578  0.99995697 0.9999052  0.9999516 ]
[0.9999298  0.99994683 0.9998994  0.9998609  0.9999225  0.9998956
 0.99994385 0.99992096 0.9999144  0.99993765]
[0.9999473  0.99992836 0.9999516  0.9999331  0.9999405  0.9998971
 0.9999473  0.9999138  0.99989414 0.99994385]
[0.9999145  0.99993384 0.999925   0.9998418  0.9999405  0.99995065
 0.9999585  0.99994373 0.9999008  0.99992824]
[0.99991393 0.99991024 0.9999466  0.99988985 0.9999274  0.99992394
 0.9999323  0.9999424  0.9999093  0.9999497 ]
[0.99992704 0.99994755 0.9999324  0.9998975  0.99996734 0.9999311
 0.9999316  0.99992085 0.9999256  0.99989235]
[0.99990666 0.99992335 0.99990463 0.9998977  0.9999298  0.9999299
 0.9999231  0.9999336  0.99994206 0.99994683]
[0.9999398  0.99993813 0.999948   0.99989593 0.9999542  0.9999002
 0.99994636 0.9999511  0.99994123 0.9999064 ]
[0.9999232  0.99993396 0.99992776 0.99986327 0.9999608  0.99992466
 0.99995553 0.99990654 0.9998872  0.9999057 ]
[0.9999057  0.9999459  0.99993277 0.9998919  0.99996305 0.99990726
 0.9999536  0.99991965 0.99993265 0.99989855]
[0.99989736 0.9999397  0.99990964 0.99986136 0.99993    0.9998907
 0.99993944 0.99992895 0.9999088  0.9999447 ]
[0.9999429  0.99993205 0.9999081  0.9999001  0.99992895 0.9999007
 0.9999534  0.99994946 0.99991345 0.99989843]
[0.99988806 0.999959   0.9999516  0.9999001  0.9999261  0.9999312
 0.9999275  0.9999589  0.9999472  0.9999459 ]
[0.99988544 0.9999448  0.9999311  0.9999007  0.9999238  0.99989223
 0.99993205 0.9999225  0.999938   0.99994934]
[0.99994016 0.9999416  0.9999255  0.99984396 0.9999596  0.9999163
 0.99996424 0.99995613 0.9999163  0.999928  ]
[0.9999422  0.9999423  0.99994576 0.9998816  0.9999397  0.99994075
 0.9999627  0.99995804 0.99991953 0.9999093 ]
[0.9999     0.99991655 0.99990594 0.9998184  0.99996257 0.9999169
 0.99995244 0.9999219  0.99991524 0.9998987 ]
[0.99989665 0.99996185 0.99991786 0.9998858  0.99996376 0.9999455
 0.9999621  0.99994564 0.99993944 0.9999337 ]
[0.9999126  0.9999387  0.9998964  0.9998454  0.99992025 0.99992836
 0.99994814 0.9999411  0.99994504 0.9999273 ]
[0.9999341  0.9999509  0.9999114  0.99982977 0.9999324  0.9998996
 0.9999244  0.999954   0.99993527 0.9999018 ]
[0.99991643 0.9999404  0.9999416  0.9998621  0.9999589  0.99990225
 0.99993396 0.9999305  0.9999181  0.9998976 ]
[0.9999441  0.9999347  0.9999318  0.9999074  0.9999349  0.9998934
 0.9999409  0.99992216 0.9999405  0.99994385]
[0.99994755 0.9999546  0.9999075  0.99985456 0.99995637 0.99989724
 0.9999167  0.9999467  0.99990714 0.99989617]
[0.9998907  0.9999213  0.9999114  0.99992406 0.9999634  0.99990356
 0.9999399  0.9999281  0.99990237 0.99991214]
[0.999897   0.99992    0.99990773 0.99988544 0.99990976 0.9998921
 0.9999528  0.99993    0.9999293  0.9999424 ]
[0.9999199  0.9999336  0.9999187  0.9998697  0.9999218  0.999936
 0.99995124 0.9999579  0.99992764 0.999936  ]
[0.9999465  0.9999378  0.9999044  0.9998739  0.9999454  0.9999143
 0.9999535  0.9999156  0.99988234 0.9999341 ]
[0.9999145  0.9999236  0.99993694 0.999864   0.999949   0.99989796
 0.9999614  0.9999546  0.9999143  0.9999502 ]
[0.9999298  0.99995804 0.9999063  0.99985385 0.9999517  0.9999411
 0.99993885 0.99991655 0.9999049  0.9999027 ]
[0.9999155  0.9999126  0.9999125  0.99992275 0.99996567 0.9999095
 0.9999193  0.9999578  0.99988616 0.99993193]
[0.9999099  0.9999558  0.99994135 0.9998697  0.99995077 0.9999429
 0.9999597  0.9999634  0.9999472  0.9999019 ]
[0.9999187  0.99993825 0.9999021  0.9998903  0.9999176  0.99990404
 0.99994266 0.9998996  0.9999095  0.9999325 ]
