Mprobs for dataset sim1 (25)

[0.91516805 0.99827504 0.9984018  0.99946505 0.9998336  0.9998801
 0.9969073  0.9994943  0.9920242  0.995522   0.9817692  0.9980617
 0.99396485 0.9997675  0.9995571  0.9982851  0.99947244 0.99983704]
[0.9469834  0.9980956  0.9991242  0.99958867 0.9998864  0.9998685
 0.9980318  0.99981004 0.991359   0.99456775 0.9559197  0.9990114
 0.9969907  0.99972624 0.9995906  0.9976967  0.9992994  0.9998777 ]
[0.9571547  0.9981286  0.99891424 0.9996629  0.9998584  0.99980897
 0.9975491  0.9996886  0.98648375 0.9956548  0.9880463  0.9989378
 0.99345857 0.9998479  0.999686   0.9980915  0.99947244 0.999838  ]
[0.96743953 0.99789774 0.998659   0.9996214  0.9997912  0.9998605
 0.9966271  0.9994367  0.99055314 0.9959032  0.96290964 0.9981511
 0.9954993  0.9997228  0.99915457 0.9972741  0.99953234 0.999811  ]
[0.9613609  0.99842846 0.9978909  0.9989724  0.9997917  0.9996555
 0.9972656  0.99956495 0.98781896 0.99334055 0.9707299  0.99873215
 0.99476767 0.9996131  0.9992781  0.9973578  0.99962807 0.99982256]
[0.9526235  0.9972318  0.99889475 0.99953485 0.9998642  0.99982005
 0.9958799  0.99972945 0.9905552  0.9959234  0.96887916 0.99831676
 0.9954886  0.9996358  0.99957544 0.996849   0.9997199  0.99968576]
[0.90299004 0.99735177 0.9963511  0.99931705 0.99980396 0.9997762
 0.99580294 0.99972886 0.99036074 0.9919002  0.9844096  0.9977448
 0.98805773 0.99979657 0.9992093  0.9971697  0.9994166  0.99987876]
[0.94117785 0.99811196 0.9985067  0.99952614 0.9998461  0.99979407
 0.997569   0.99970204 0.98716426 0.996947   0.9890427  0.9983347
 0.9942532  0.99973005 0.99930656 0.99804497 0.99939525 0.99975866]
[0.96781844 0.99771476 0.9992262  0.9994974  0.9998553  0.9998105
 0.9984516  0.9995895  0.9910715  0.99452066 0.98357046 0.99823654
 0.9941954  0.99978024 0.99936754 0.99806505 0.9995529  0.9998037 ]
[0.7579393  0.99815875 0.99835855 0.99956495 0.9997987  0.9997969
 0.99566877 0.9995442  0.9900892  0.9900226  0.97340447 0.9967512
 0.9886651  0.9996567  0.9993892  0.9986456  0.999175   0.99979323]
[0.52080345 0.9968935  0.99735487 0.9994911  0.99986756 0.9998148
 0.9951218  0.99966204 0.99174446 0.99448025 0.9857744  0.9977831
 0.9942865  0.9995173  0.99894553 0.99841166 0.99916947 0.9998037 ]
[0.9710769  0.99793893 0.99680954 0.999689   0.99979275 0.9997974
 0.99734575 0.9996195  0.98151636 0.9928039  0.969597   0.99817204
 0.99557835 0.99977916 0.99954    0.9936094  0.9993924  0.99971145]
[0.7711196  0.99857676 0.9978592  0.99958605 0.9998394  0.99977416
 0.9977271  0.9996184  0.98227054 0.9966499  0.9503217  0.9966233
 0.99175984 0.9997315  0.999385   0.99708575 0.99912363 0.9997805 ]
[0.88207203 0.9971945  0.9971192  0.9995994  0.9998481  0.99984336
 0.9979095  0.99951696 0.9931732  0.9961016  0.9811101  0.99889994
 0.99535793 0.9996625  0.9989248  0.9967225  0.99970716 0.9998318 ]
[0.85690427 0.99758494 0.9988003  0.99968266 0.99986696 0.9997912
 0.9969312  0.99980336 0.9939195  0.9946402  0.96011454 0.9987406
 0.99351126 0.9997942  0.9997365  0.99803454 0.99951994 0.9997875 ]
[0.9191486  0.99796236 0.9981527  0.9995838  0.99983144 0.9998325
 0.9983076  0.9996613  0.98934865 0.9942212  0.9848156  0.9991322
 0.9962224  0.9997706  0.9992749  0.99854314 0.99956733 0.9998141 ]
[0.9358467  0.9971208  0.9988813  0.9994603  0.99986434 0.9997352
 0.9978948  0.99983203 0.9935634  0.9947613  0.98767614 0.9988789
 0.9959038  0.99957126 0.9996772  0.9981799  0.999338   0.99973947]
[0.9316806  0.99697    0.9968484  0.99940205 0.9999014  0.9997397
 0.99701035 0.9997191  0.98954844 0.9965294  0.9787154  0.9987424
 0.9900339  0.99972445 0.99967754 0.9964645  0.9996855  0.99987125]
[0.9979842  0.9987337  0.99954754 0.99987566 0.9996681  0.9946502
 0.9996424  0.98658097 0.99485445 0.97935814 0.99706334 0.9902036
 0.9995596  0.99913436 0.9985588  0.99900335 0.9998159 ]
[0.8698314  0.9970264  0.99750346 0.99941516 0.99986076 0.99979407
 0.99682873 0.9996835  0.9919064  0.99101394 0.9797377  0.9976307
 0.98758477 0.99959344 0.9994665  0.99639314 0.9994294  0.9998272 ]
[0.8406479  0.99813974 0.99796814 0.99889094 0.9998691  0.99985695
 0.99770916 0.9995524  0.9900423  0.9930004  0.96177894 0.9977518
 0.99737656 0.99966073 0.999482   0.99740195 0.999469   0.9997248 ]
[0.93409956 0.9971499  0.99779546 0.99969625 0.9998048  0.9998153
 0.99744534 0.9998036  0.98029757 0.9973061  0.98340386 0.9988601
 0.9965103  0.9995314  0.9992865  0.99828726 0.9990459  0.9997849 ]
[0.8858909  0.9970221  0.99863106 0.9996867  0.9998392  0.9997503
 0.99648726 0.99963546 0.99316156 0.9947411  0.9638955  0.99851185
 0.99485165 0.99973553 0.99968445 0.99818677 0.9995252  0.9997768 ]
[0.9547648  0.99797004 0.99788314 0.999463   0.9999137  0.9997193
 0.9975949  0.9996803  0.99272245 0.9941507  0.97218907 0.9978229
 0.9962614  0.99974483 0.99918336 0.9978898  0.99950135 0.9997378 ]
[0.86968255 0.99652654 0.9977531  0.9993285  0.99984384 0.99972683
 0.9979652  0.99972814 0.9885795  0.97567093 0.9430796  0.9984445
 0.9872175  0.999617   0.99909854 0.99671715 0.9991524  0.9998472 ]
[0.9338167  0.9985423  0.99849284 0.9996357  0.99987257 0.99982774
 0.997964   0.9997358  0.9927291  0.99820065 0.9662488  0.9990246
 0.9980599  0.99966586 0.9995365  0.9971873  0.9994407  0.99986637]
[0.8095098  0.99721044 0.9986192  0.9995441  0.9998723  0.99974436
 0.9971733  0.9996474  0.9960103  0.9905608  0.9667789  0.997996
 0.99388605 0.9997117  0.9995726  0.99847704 0.9995121  0.9998487 ]
[0.91050005 0.997494   0.99764985 0.9989165  0.99981457 0.99980456
 0.99773276 0.9995943  0.9894475  0.9893996  0.9680283  0.9964902
 0.9901669  0.99969137 0.999403   0.9981775  0.9993612  0.999782  ]
[0.95275027 0.9973585  0.9981687  0.9990972  0.99976164 0.9997664
 0.99837095 0.9995442  0.98601496 0.9970995  0.95306224 0.99866664
 0.9949191  0.9997229  0.9993724  0.9976738  0.9992169  0.99979395]
[0.85346407 0.99691474 0.9899276  0.9996209  0.9998683  0.99982196
 0.99771947 0.9996942  0.9899385  0.99397177 0.9843336  0.99827456
 0.98228884 0.99966455 0.9995372  0.99820495 0.99943036 0.9997613 ]
[0.95524794 0.997552   0.99850947 0.9995301  0.99987936 0.99982005
 0.99849665 0.99955934 0.98992854 0.99023193 0.97289747 0.99870205
 0.9965076  0.9998035  0.9994809  0.99719954 0.9994912  0.99979   ]
[0.9541686  0.99887496 0.9979614  0.99942434 0.99983907 0.999718
 0.99841154 0.99959    0.99108714 0.997827   0.97434795 0.9981571
 0.9946438  0.9997272  0.99956304 0.9981761  0.999616   0.999801  ]
[0.95823425 0.9973091  0.9992095  0.9995989  0.9998802  0.9997316
 0.998485   0.99970055 0.9921606  0.9963253  0.98166347 0.99883956
 0.9966247  0.9997694  0.9996691  0.9975344  0.99958473 0.9997482 ]
[0.95454603 0.9963063  0.9975139  0.9991762  0.9998054  0.9998282
 0.997813   0.9992805  0.9758868  0.99672276 0.9204106  0.9982607
 0.9902756  0.9998091  0.999456   0.9977149  0.9993814  0.99975616]
[0.9411431  0.99640214 0.99806386 0.99930227 0.9998523  0.99982053
 0.9976554  0.9996697  0.9858569  0.98162824 0.9779846  0.9983909
 0.9950753  0.99964964 0.9995178  0.9972293  0.99954754 0.99978405]
[0.9661975  0.99734735 0.9983346  0.9997434  0.9998791  0.9997267
 0.9979873  0.9996846  0.9918218  0.9928047  0.9532859  0.9982657
 0.992687   0.99968684 0.9995802  0.9976488  0.99926335 0.99981743]
[0.97138464 0.9962412  0.9982888  0.99940383 0.99981123 0.99984944
 0.9970579  0.9996153  0.9853373  0.99761534 0.9760897  0.99886876
 0.9962728  0.99965155 0.99919647 0.99659306 0.99938595 0.99985313]
[0.7905828  0.997558   0.997505   0.9994759  0.9997596  0.9997553
 0.9969416  0.9996822  0.9915025  0.996447   0.9761982  0.9978485
 0.98818356 0.99967    0.9995285  0.99815863 0.99952805 0.99982077]
[0.96325344 0.9985631  0.9985642  0.9993932  0.99989927 0.99973005
 0.9970469  0.9997459  0.9850891  0.9958305  0.9808184  0.99675494
 0.9941427  0.9998254  0.9996107  0.9963709  0.99937767 0.9998134 ]
[0.9603678  0.99900156 0.99908817 0.99934536 0.99981314 0.9997813
 0.9968348  0.99976677 0.9921483  0.9968941  0.98045534 0.99779713
 0.99609095 0.9996718  0.9994974  0.997449   0.99952364 0.99977225]
[0.92093265 0.99615014 0.9978746  0.99917465 0.99985266 0.99980575
 0.9977022  0.9993716  0.9848161  0.995404   0.9751947  0.997526
 0.9941392  0.99971026 0.99931264 0.99689615 0.99960774 0.9998068 ]
[0.81559265 0.998256   0.9879652  0.999393   0.9998754  0.9998203
 0.9971897  0.9997422  0.9879722  0.9716024  0.9299365  0.99825734
 0.6087455  0.9996469  0.999559   0.9986571  0.99962234 0.9998553 ]
[0.9424981  0.9985072  0.99667335 0.9996111  0.9998789  0.99973327
 0.9977452  0.9997137  0.9933248  0.9942536  0.97914964 0.9982496
 0.99665076 0.9997105  0.9996364  0.99710554 0.9994516  0.99981886]
[0.87663627 0.9973615  0.9978478  0.99795437 0.99985445 0.99983716
 0.9956411  0.99979895 0.99040776 0.9928063  0.98229885 0.9980836
 0.99439406 0.99962246 0.9995795  0.996914   0.9992817  0.99970967]
[0.9654799  0.99709475 0.9983382  0.999553   0.9998381  0.9998223
 0.995965   0.9994518  0.9930854  0.99700123 0.97643137 0.99808085
 0.99481946 0.9997023  0.9995857  0.9982191  0.9991819  0.99981755]
[0.94813037 0.9969789  0.9972915  0.9994325  0.99983096 0.99977845
 0.9971635  0.999561   0.9849849  0.9879445  0.9658027  0.9981767
 0.992436   0.9996575  0.9990709  0.99778557 0.9995596  0.9997031 ]
[0.96950376 0.99675024 0.9973999  0.99945766 0.99981433 0.9997985
 0.9940248  0.9997211  0.98100764 0.9933216  0.9793258  0.99589086
 0.99633324 0.9997732  0.99948514 0.9973828  0.99934155 0.9997904 ]
[0.96018046 0.9983279  0.9969162  0.9994747  0.9997898  0.9997297
 0.99453306 0.9993988  0.98934513 0.9951414  0.9763045  0.99754924
 0.99243236 0.999699   0.9992161  0.99552023 0.99947196 0.9998598 ]
[0.8603464  0.99830794 0.9949641  0.9995084  0.9998548  0.99977213
 0.99226815 0.99957424 0.9855963  0.9945793  0.9668168  0.99853015
 0.99250716 0.9996178  0.9996178  0.99851483 0.9988417  0.9998087 ]
[0.9401569  0.9983883  0.9973802  0.9994037  0.9998981  0.9998392
 0.9972837  0.9997193  0.9858403  0.9887449  0.9777899  0.99792576
 0.9940738  0.99981815 0.99938333 0.99838126 0.99937797 0.99980134]
[0.93063647 0.99748814 0.9974521  0.99950314 0.999749   0.99965894
 0.99645597 0.9994886  0.98387724 0.99205583 0.9579394  0.9969958
 0.9885944  0.99965215 0.9993562  0.99794096 0.9991084  0.9997143 ]
[0.89195913 0.99834085 0.997479   0.99949753 0.9998135  0.99981934
 0.9970782  0.99959904 0.9849718  0.99810314 0.9118375  0.9977176
 0.9966595  0.9996438  0.9996537  0.99704796 0.99925023 0.9997553 ]
[0.93924445 0.9974607  0.9989611  0.99927324 0.99978834 0.99978715
 0.997136   0.99944514 0.98528916 0.9944528  0.68106645 0.99712175
 0.98168015 0.9996495  0.9989779  0.9981166  0.99908185 0.9998202 ]
[0.9350999  0.9981822  0.9991053  0.99966466 0.99989605 0.9996693
 0.99791986 0.99968255 0.9909004  0.9966484  0.963086   0.9986945
 0.9861319  0.9997522  0.9996131  0.99812955 0.99955183 0.9997756 ]
[0.9362176  0.99819416 0.9983956  0.99955994 0.99981934 0.9996513
 0.9953361  0.99967456 0.9859591  0.99372345 0.96371555 0.99880266
 0.98986036 0.99958855 0.99936837 0.9966787  0.99928063 0.99964833]
[0.8714223  0.9983779  0.997491   0.9993191  0.99986243 0.99971575
 0.9982799  0.9997898  0.98903733 0.996104   0.98594487 0.99887675
 0.99616677 0.9996662  0.99971265 0.9973139  0.9995158  0.9997677 ]
