All mprobs for dataset 3 (AIC) (Mean-field)

[0.9982644  0.9819181  0.99780196 0.99981743 0.99979395 0.99825853
 0.9999536  0.99806994 0.998464   0.9875123  0.9991146  0.9996697
 0.9996012  0.99446857 0.90020615 0.98562837 0.99676174 0.9997024
 0.9869824  0.99502087 0.99856746 0.9993364  0.9896483  0.9748837
 0.9995821  0.73578876 0.9980102  0.7946081  0.9957938  0.9953408
 0.9842216  0.99763834 0.9738502  0.99984574 0.99671173 0.9428951
 0.9901957  0.9995338  0.99777114]
[0.99885035 0.9974738  0.99954295 0.99984455 0.99968064 0.9943036
 0.99994445 0.9987676  0.9991035  0.99915576 0.9962178  0.99946374
 0.98590535 0.9995863  0.98357326 0.95551753 0.98680437 0.9958437
 0.90647113 0.97314227 0.9978739  0.99808866 0.994105   0.99980575
 0.99032366 0.98046666 0.9981699  0.99236965 0.991301   0.51092327
 0.73536557 0.9998691  0.9942583  0.30227005 0.9173582  0.9877313
 0.99860185 0.99921274 0.991497  ]
[0.99897337 0.97050416 0.9979869  0.9997342  0.9994754  0.99527454
 0.9998771  0.9953921  0.9976681  0.97933733 0.3012758  0.9995222
 0.99982977 0.9953695  0.40340322 0.1556362  0.99824995 0.6530524
 0.9959857  0.96888417 0.9992494  0.9968682  0.9902986  0.10351797
 0.98304904 0.72150606 0.9999298  0.96509725 0.9815718  0.57971674
 0.03356082 0.9965628  0.25919208 0.93172914 0.99989355 0.9972523
 0.12140922 0.99523866 0.34779322]
[0.99882454 0.9968177  0.9991223  0.9998789  0.99960524 0.9963644
 0.9999293  0.9986744  0.9991448  0.99846566 0.97374153 0.9994623
 0.98865485 0.9997465  0.9778552  0.7733246  0.9702561  0.9977539
 0.9605677  0.99022734 0.99907875 0.99869126 0.9964509  0.99974984
 0.99829596 0.9945015  0.9987212  0.92354983 0.89968884 0.99538714
 0.922107   0.98468345 0.99987733 0.9941596  0.22133984 0.9941453
 0.9985709  0.9964457  0.9975649 ]
[0.996479   0.9887609  0.9996996  0.99985576 0.9996772  0.99269193
 0.9999552  0.9988925  0.9989586  0.99806684 0.9726237  0.99934644
 0.99964476 0.99592173 0.7056302  0.9981178  0.9933442  0.96061194
 0.96828955 0.9728305  0.99870086 0.99761415 0.5894319  0.99972326
 0.97708535 0.9324869  0.04192815 0.88661456 0.99747974 0.19862092
 0.9941876  0.98831856 0.6006847  0.99980456 0.9982711  0.9676499
 0.99720013 0.96361494 0.99254805]
[0.9962459  0.99107695 0.99936825 0.99985194 0.9997353  0.9884163
 0.9999517  0.97696793 0.97317624 0.9975026  0.64022577 0.99924755
 0.999705   0.99097985 0.63782024 0.99977404 0.99771047 0.95182574
 0.9832849  0.9681516  0.99869895 0.99055254 0.1884364  0.91118836
 0.19977595 0.2606081  0.24201758 0.65982383 0.99688977 0.9930962
 0.9963934  0.98265713 0.99748695 0.9997501  0.99690527 0.9951981
 0.99226344 0.08620765 0.9908275 ]
[0.9987055  0.9749967  0.99963665 0.9998467  0.9998772  0.9978263
 0.999956   0.9982108  0.9995946  0.9697197  0.8898725  0.99956816
 0.999749   0.9797499  0.5839245  0.9735589  0.99932456 0.9749909
 0.9742086  0.9942688  0.99849355 0.9991648  0.9983632  0.97517383
 0.59640276 0.8641385  0.9987161  0.91720283 0.9968785  0.98850274
 0.9962004  0.96823555 0.65556324 0.9999498  0.9949092  0.7515423
 0.99223185 0.99921083 0.99681216]
[0.9975448  0.99452    0.99942917 0.9999076  0.99975103 0.99662894
 0.999941   0.9987457  0.9929416  0.99644214 0.9974023  0.99845254
 0.9996105  0.9800219  0.5723872  0.9601294  0.9887849  0.99364775
 0.9847334  0.97254974 0.9990017  0.9978568  0.9984158  0.9234239
 0.96175194 0.9976673  0.30145055 0.97342235 0.95282584 0.99549365
 0.90873814 0.9996772  0.9544563  0.99977833 0.99882346 0.9945761
 0.998367   0.9444512  0.89179236]
[0.9990073  0.9789373  0.9952839  0.9997365  0.99954    0.99129546
 0.9997484  0.99544084 0.9929634  0.9652442  0.99304235 0.9994123
 0.99812275 0.98474634 0.5378425  0.8811949  0.9979936  0.92515635
 0.9941235  0.9950252  0.9991528  0.99827397 0.9974482  0.7672613
 0.99950373 0.9564052  0.9998864  0.17440103 0.6864553  0.98599446
 0.9991836  0.44575527 0.9988317  0.96702355 0.9998522  0.9979235
 0.9661482  0.9912539  0.9724281 ]
[0.9990946  0.9900607  0.9984725  0.9998877  0.99982077 0.99680066
 0.9999548  0.9987294  0.9993343  0.99866045 0.99453074 0.9994098
 0.999726   0.9915577  0.98808974 0.09982016 0.9965384  0.9997008
 0.8551617  0.9699957  0.99833506 0.9973495  0.99685776 0.99211144
 0.9964144  0.995203   0.9988519  0.9607634  0.9944612  0.9998307
 0.3261451  0.9998369  0.98995227 0.758619   0.952007   0.9814957
 0.9991027  0.9987469  0.9925505 ]
[0.9990331  0.9923603  0.9988397  0.9998437  0.9996829  0.99696344
 0.9999403  0.9990711  0.9990283  0.99877375 0.99567044 0.9996377
 0.99979395 0.9896292  0.9439004  0.9612485  0.99793756 0.999718
 0.98712254 0.9590269  0.9987288  0.9992539  0.99842095 0.9997911
 0.9586035  0.1494906  0.9975479  0.98945856 0.9935696  0.99791473
 0.9897747  0.98260087 0.99990535 0.9869227  0.9987025  0.98585874
 0.996307   0.9958646  0.7238752 ]
[0.99835277 0.9927241  0.9934603  0.99980265 0.9996952  0.9973539
 0.9999114  0.9981134  0.99905807 0.97379535 0.9529092  0.999281
 0.98004854 0.9997602  0.9834583  0.6818039  0.99160844 0.99876547
 0.9884567  0.50613546 0.86724627 0.9991617  0.9973283  0.9870183
 0.9959091  0.15711626 0.26242617 0.9998982  0.99450976 0.8749076
 0.9941782  0.99379927 0.91298854 0.9906116  0.7240316  0.9999443
 0.99824893 0.99714345 0.99005157]
[0.9981201  0.97768205 0.9909368  0.9998419  0.99964094 0.9915051
 0.9998677  0.9956756  0.99715173 0.9929669  0.12403195 0.99913895
 0.99980634 0.9925053  0.46307984 0.9951938  0.99780303 0.8848839
 0.99380785 0.99163544 0.9991942  0.9986694  0.99617636 0.999323
 0.8833714  0.7968925  0.9998097  0.47272062 0.9728309  0.99447745
 0.96608347 0.04660992 0.95574117 0.9998679  0.99793965 0.13565986
 0.99159074 0.8273159  0.99849784]
[0.99870956 0.9918399  0.99772435 0.9998547  0.9997384  0.9948473
 0.99993515 0.99828315 0.99872404 0.99918944 0.05915582 0.9995807
 0.9996542  0.9822035  0.9795337  0.32374057 0.99880457 0.9997725
 0.8690906  0.99153745 0.99890697 0.99835724 0.9989052  0.17688131
 0.9832244  0.98317325 0.99805695 0.98132193 0.97016585 0.9632282
 0.99981874 0.70611995 0.9999211  0.9886085  0.89963317 0.9790385
 0.9989266  0.99674183 0.9883057 ]
[0.9990814  0.99667346 0.999161   0.9998952  0.99982065 0.99687165
 0.99992883 0.9991185  0.9988587  0.9984736  0.99972826 0.99927133
 0.9997249  0.99420553 0.9745247  0.9465205  0.99735236 0.99803036
 0.92892367 0.99301445 0.99848986 0.9982486  0.36672825 0.01665865
 0.9887949  0.76328945 0.9973525  0.9938828  0.9810188  0.98279643
 0.9877416  0.9946919  0.97882676 0.99984205 0.99537647 0.97596276
 0.9911602  0.9969453  0.9892564 ]
[0.99562305 0.99800664 0.9992261  0.9998078  0.9996451  0.9981055
 0.9999474  0.9951704  0.98898214 0.99831223 0.99860615 0.99941134
 0.999642   0.9908913  0.90629435 0.9222225  0.9965412  0.9445203
 0.9874942  0.9969144  0.9984964  0.9964192  0.997914   0.99952567
 0.87589616 0.9810029  0.99472344 0.65684325 0.9910148  0.956606
 0.9821659  0.9997682  0.9947807  0.9998171  0.2516183  0.99083227
 0.15181197 0.361561   0.9018248 ]
[0.998468   0.9604675  0.9929276  0.9998574  0.99938035 0.99668795
 0.99980944 0.9958215  0.9952905  0.99665654 0.9975823  0.99924767
 0.99003285 0.9998512  0.99347174 0.85950726 0.9932439  0.9922821
 0.93527275 0.9767644  0.9985927  0.99802446 0.99513173 0.22409244
 0.99785537 0.07459918 0.999899   0.9808621  0.93707675 0.04971173
 0.97901374 0.9980001  0.8818144  0.9996761  0.9984664  0.07654803
 0.98929346 0.88191074 0.9995092 ]
[0.99891424 0.98826724 0.99924916 0.99990165 0.99967766 0.9961874
 0.9999665  0.99702424 0.996539   0.9969591  0.95801866 0.99963593
 0.999607   0.99140257 0.9598275  0.9997887  0.99829656 0.99508494
 0.9795928  0.99148446 0.998367   0.9976572  0.79933935 0.92316395
 0.9825832  0.9968635  0.9987295  0.74238664 0.98906296 0.9956382
 0.98633945 0.99599105 0.9930461  0.99982387 0.9968136  0.52625775
 0.988765   0.99763906 0.99524826]
[0.99843913 0.99466753 0.9995988  0.9999106  0.99979836 0.9976273
 0.99995756 0.99838614 0.9986407  0.9987118  0.9885824  0.99955624
 0.9997733  0.9876051  0.9109594  0.06040706 0.9969248  0.9855516
 0.97308844 0.98706216 0.99877566 0.9976451  0.9957318  0.38448247
 0.9953856  0.99241346 0.9987418  0.97872937 0.26156104 0.9959804
 0.9998499  0.8419969  0.9998313  0.99181694 0.80477405 0.9936249
 0.99911743 0.99723417 0.9928929 ]
[0.9993319  0.97100854 0.9981686  0.99990356 0.99966    0.9957944
 0.9999485  0.9982256  0.9967481  0.9984982  0.99920815 0.9993298
 0.9997271  0.97153825 0.9645524  0.99349046 0.9987936  0.9990459
 0.9347321  0.9872946  0.9983284  0.9985386  0.9994636  0.9704067
 0.99461067 0.99715817 0.5181115  0.950497   0.15959147 0.9944606
 0.99970263 0.932652   0.9998528  0.09550638 0.81672364 0.2619031
 0.99897516 0.9989519  0.9958229 ]
[0.99906045 0.99746835 0.999574   0.9999021  0.9997582  0.99178433
 0.9999517  0.9974579  0.9987846  0.9979929  0.05030085 0.9995459
 0.99961615 0.98584324 0.9934709  0.99189746 0.99554574 0.9273982
 0.9657986  0.96238005 0.9987256  0.9984536  0.9964419  0.9594723
 0.9949496  0.990049   0.999252   0.9921638  0.97842556 0.9998344
 0.37170142 0.99981064 0.98598295 0.34307334 0.9184472  0.9519288
 0.99934286 0.99886096 0.9964694 ]
[0.9980471  0.9935482  0.9993024  0.99989414 0.9997979  0.9982408
 0.9999422  0.998312   0.9986029  0.9984151  0.99979967 0.999311
 0.99980456 0.9967123  0.7438517  0.9771687  0.99750805 0.9897132
 0.97908795 0.9971552  0.9989594  0.99839455 0.9203104  0.97818416
 0.99573815 0.95691305 0.99885213 0.5701817  0.98676455 0.4810091
 0.9772684  0.9968839  0.92137986 0.99978966 0.9960376  0.9756502
 0.98729974 0.9982716  0.9707455 ]
[0.9987684  0.9923253  0.9990982  0.9997775  0.9996389  0.9960763
 0.9999422  0.9981098  0.9993711  0.99896896 0.12406863 0.9995419
 0.99972075 0.98446923 0.91958845 0.96959126 0.9972223  0.99850214
 0.9635929  0.9979494  0.9987332  0.9985322  0.99848384 0.9220843
 0.99983    0.9751653  0.99879515 0.3280776  0.99472433 0.8188816
 0.99393106 0.9964477  0.329049   0.9998068  0.99752516 0.946503
 0.9757422  0.99860615 0.99437594]
[0.99836904 0.9967068  0.9994849  0.9998443  0.99966824 0.99542385
 0.99994564 0.99882954 0.99929285 0.9937442  0.9997446  0.99944586
 0.9853398  0.9997465  0.99100435 0.9040208  0.9639265  0.99845076
 0.90562403 0.9962997  0.9992938  0.9986092  0.99797314 0.99653494
 0.22152017 0.9776897  0.9975083  0.77109337 0.18161854 0.9372677
 0.9882328  0.99527895 0.0313704  0.9998462  0.99391514 0.96234417
 0.96028435 0.9985966  0.99843377]
[0.9984609  0.9893211  0.9996582  0.9998956  0.99970406 0.99856263
 0.9999666  0.99705863 0.9983882  0.99894756 0.95998704 0.9993736
 0.9997992  0.9754742  0.9340602  0.98157674 0.99793136 0.98809284
 0.9912731  0.9947365  0.9987997  0.9973078  0.3953853  0.4392305
 0.99816775 0.88126343 0.9982957  0.98450696 0.9927215  0.9917197
 0.9957141  0.9996983  0.9873812  0.99991024 0.9988894  0.8405132
 0.9862862  0.9989334  0.9955707 ]
[0.99885225 0.99182534 0.9992797  0.9998197  0.99978465 0.99590623
 0.99994695 0.99750715 0.9988225  0.9986456  0.98574823 0.9992924
 0.9997856  0.9937006  0.942694   0.9884598  0.9985612  0.9908921
 0.9491279  0.993737   0.9990503  0.99854785 0.9894643  0.9457812
 0.9966654  0.98622614 0.99865806 0.63041544 0.99370897 0.79108804
 0.9933385  0.9998024  0.83979106 0.9998951  0.9972651  0.9820211
 0.98730624 0.9982291  0.98085487]
[0.99817026 0.99018914 0.9991636  0.99988866 0.9997527  0.9948494
 0.9999471  0.9989661  0.99886346 0.9985411  0.02769621 0.99941814
 0.9875636  0.99963176 0.98395985 0.73111564 0.9039422  0.99777955
 0.97760844 0.9954984  0.998654   0.9982368  0.9990545  0.9996712
 0.06452876 0.9486027  0.9968598  0.8526365  0.9973109  0.9971353
 0.9558918  0.95610934 0.9738132  0.99991024 0.99660134 0.93935573
 0.9730636  0.99909174 0.9990964 ]
[0.9974529  0.97801936 0.99634725 0.99987936 0.9995684  0.9956196
 0.999944   0.9989635  0.99915457 0.99691415 0.9982981  0.99915206
 0.9998367  0.99237543 0.73131037 0.99963415 0.98587346 0.99970466
 0.97235817 0.951546   0.99830306 0.9989575  0.99830437 0.9244345
 0.9985291  0.91166055 0.8649162  0.87387943 0.39944208 0.9552307
 0.99562776 0.9789956  0.986053   0.9998197  0.9941811  0.99148154
 0.9829087  0.9947366  0.24827908]
[0.9979564  0.96274245 0.99899024 0.9997987  0.9999099  0.99773705
 0.999948   0.998727   0.99965    0.9835539  0.9730723  0.9993672
 0.9997801  0.9919984  0.6426126  0.9735121  0.9986777  0.9996087
 0.97854507 0.9967463  0.99907744 0.99885356 0.99852175 0.95866126
 0.9465724  0.63038903 0.99863017 0.7946069  0.9969476  0.9892434
 0.9908483  0.99829394 0.45185998 0.9999515  0.98858774 0.9756835
 0.9856554  0.99938893 0.9989241 ]
[0.99832577 0.9762467  0.9917414  0.99965405 0.99958307 0.99616265
 0.9998785  0.99370736 0.9906544  0.9062066  0.9995788  0.99938977
 0.9996381  0.9922551  0.9654633  0.9929389  0.9963846  0.9595439
 0.82855594 0.9810945  0.998865   0.9988757  0.99071586 0.21596628
 0.9891377  0.9259347  0.99983823 0.8354614  0.99766004 0.99827373
 0.9906116  0.9992551  0.9934633  0.7056236  0.9998809  0.99523383
 0.9756123  0.99762434 0.9770855 ]
[0.99621046 0.990382   0.99912435 0.99984    0.999759   0.9963929
 0.9999318  0.99867743 0.9990709  0.99736834 0.02719462 0.9994893
 0.98416233 0.99964225 0.98489875 0.95996433 0.9996469  0.99654275
 0.91840726 0.997538   0.99871576 0.9980386  0.9984653  0.05355039
 0.48996258 0.9022336  0.99576926 0.6536411  0.9964623  0.9885472
 0.9023507  0.99833244 0.92715824 0.9999188  0.9924851  0.9674667
 0.9825487  0.99905294 0.99866545]
[0.998771   0.9472735  0.9977012  0.9994598  0.9998267  0.9982551
 0.99977714 0.9973647  0.9987153  0.99245715 0.98304796 0.9994099
 0.99970955 0.99363506 0.3026231  0.9994765  0.99908924 0.7152068
 0.97394466 0.98530823 0.99797004 0.9977915  0.95778275 0.14088716
 0.9953418  0.18890324 0.99986017 0.9958253  0.97753906 0.9981146
 0.9970715  0.99490887 0.9665756  0.9018355  0.999915   0.11178834
 0.9527019  0.980893   0.99818426]
[0.99899393 0.99520385 0.9939621  0.9997831  0.99953437 0.99640274
 0.999861   0.9981567  0.9945111  0.99650276 0.6385559  0.9992847
 0.82389337 0.99973947 0.9811747  0.6972074  0.99731195 0.9796934
 0.99388146 0.97273445 0.9970228  0.99882084 0.989999   0.9199151
 0.98220396 0.13366896 0.9999058  0.994362   0.8891321  0.77092063
 0.07623646 0.99829036 0.98079634 0.9967129  0.99987483 0.9813725
 0.9975326  0.0765296  0.79085433]
[0.99842143 0.97675234 0.9996247  0.9998765  0.99988174 0.9967597
 0.9999403  0.9994124  0.9995782  0.984101   0.9790339  0.99936765
 0.9997396  0.9939096  0.7410876  0.9612582  0.99841404 0.9819341
 0.95169663 0.9966839  0.99871826 0.99861336 0.9990325  0.9496532
 0.9878578  0.8163735  0.99876547 0.75223887 0.9956054  0.9859029
 0.9972801  0.98089474 0.5931477  0.99992275 0.99490285 0.92130405
 0.9889949  0.99856734 0.9989636 ]
[0.99702865 0.98737526 0.99966025 0.9998913  0.9996131  0.99586177
 0.9999647  0.9975217  0.9993018  0.99919385 0.8440343  0.99938595
 0.9997433  0.9845138  0.9517097  0.9594994  0.99757975 0.99162877
 0.96932954 0.99448204 0.99854314 0.99873346 0.98700655 0.90973574
 0.997502   0.92826825 0.99685836 0.6352082  0.99358386 0.33026847
 0.9267623  0.9997228  0.28671122 0.99990916 0.9973846  0.9282325
 0.98723084 0.99777156 0.96702206]
[0.9972824  0.98631686 0.9992071  0.99989843 0.99981314 0.9970086
 0.9999615  0.99891055 0.99920505 0.99820805 0.99948704 0.99824536
 0.98887175 0.9998197  0.993497   0.94602436 0.9602639  0.9986331
 0.9278439  0.99649787 0.99895287 0.99869376 0.997895   0.95748127
 0.9120333  0.8848273  0.99278754 0.9739459  0.9862856  0.9988142
 0.9903274  0.9997774  0.95837945 0.99984527 0.9527398  0.9802751
 0.27458298 0.99851304 0.9950958 ]
[0.99743736 0.9966537  0.9995871  0.9999007  0.9997739  0.9954312
 0.99992716 0.9989644  0.9988009  0.9981061  0.999767   0.9993807
 0.99973434 0.99086094 0.9684406  0.9741461  0.9973328  0.89648956
 0.98630875 0.9975744  0.9993685  0.9987482  0.99842936 0.9953499
 0.9834536  0.9238648  0.9990976  0.8725672  0.9939721  0.88945097
 0.98969483 0.9955112  0.98675644 0.9998646  0.9941855  0.98462313
 0.8113789  0.99908006 0.84285545]
[0.99823135 0.997195   0.9996339  0.9998586  0.9997063  0.99541914
 0.99996114 0.99709535 0.9988427  0.9990902  0.95761174 0.9992901
 0.9998561  0.9907426  0.71107125 0.98358315 0.99742645 0.9887916
 0.9760306  0.9958354  0.99745363 0.9970974  0.9949083  0.8463837
 0.9997665  0.6431293  0.9982116  0.6838635  0.9972287  0.99296474
 0.4412301  0.99122506 0.2298807  0.99989235 0.99834216 0.99935824
 0.23338117 0.9985384  0.99813807]
[0.99866486 0.9909807  0.9993594  0.99976724 0.9997441  0.9966336
 0.999946   0.99611604 0.99724126 0.9987649  0.06056469 0.9992617
 0.99968266 0.9964335  0.933428   0.99975675 0.99866617 0.99932814
 0.9692867  0.9964456  0.99839103 0.99804366 0.9764168  0.9966768
 0.9808404  0.9937249  0.9963877  0.8751033  0.8225704  0.82642335
 0.27391657 0.9322553  0.4196566  0.99984205 0.998004   0.8050639
 0.9891551  0.99890566 0.9703231 ]
[0.99929917 0.98918194 0.99172336 0.99983656 0.9996792  0.9952055
 0.99986327 0.9988668  0.9995813  0.98929286 0.21599926 0.99923635
 0.9655915  0.9996573  0.98864484 0.95442855 0.9878163  0.998016
 0.96225965 0.9911315  0.9975309  0.99767596 0.9932341  0.96883047
 0.9970009  0.4105898  0.999931   0.9894645  0.975519   0.970969
 0.12098163 0.9988801  0.9926167  0.2996287  0.99994123 0.98941153
 0.99514955 0.9883633  0.9987715 ]
[0.9988594  0.99372596 0.9991916  0.9999062  0.99961394 0.9946613
 0.9999676  0.99875    0.99908555 0.98478043 0.99910694 0.9992986
 0.99967706 0.99094087 0.71695495 0.99980026 0.9972383  0.99607134
 0.976081   0.9968851  0.9989268  0.9984003  0.9985942  0.98847467
 0.9785135  0.8905225  0.9983321  0.91064703 0.99489    0.9943884
 0.979887   0.99664706 0.94622487 0.9999225  0.99504614 0.9790395
 0.9915418  0.99909043 0.99876994]
[0.99907696 0.97104126 0.99676573 0.99979836 0.9996979  0.9962656
 0.99973387 0.99829763 0.99850464 0.9851237  0.55715275 0.9994173
 0.9995839  0.97659487 0.9641409  0.08193918 0.9964085  0.5574328
 0.99460816 0.9947478  0.99909925 0.99774975 0.9046712  0.082233
 0.12526497 0.98253673 0.9999232  0.9948224  0.9177876  0.9833046
 0.9734321  0.09060594 0.04030964 0.73952824 0.99980336 0.99637336
 0.9260979  0.99065244 0.99695253]
[0.9992048  0.9857852  0.9932996  0.99987435 0.9998474  0.9977465
 0.9998454  0.9992349  0.9991737  0.9833224  0.5235517  0.9996531
 0.78799766 0.9997483  0.9681855  0.7752671  0.98634654 0.99744534
 0.89311373 0.9960483  0.9987556  0.9988599  0.9981223  0.12315053
 0.9944173  0.98446935 0.9998474  0.998686   0.985696   0.9639648
 0.17637184 0.03086967 0.6430166  0.9998872  0.9888172  0.90404546
 0.9500529  0.99907947 0.98911905]
[0.9977702  0.9852938  0.99907374 0.9998311  0.99985075 0.9980229
 0.9999522  0.99948895 0.9997428  0.96931285 0.88093126 0.9995134
 0.99943787 0.9816914  0.6173684  0.9744717  0.999047   0.9996333
 0.981482   0.9948211  0.9983475  0.9990337  0.9874878  0.9836858
 0.9926824  0.96553147 0.9985656  0.87347734 0.9964947  0.99139905
 0.9892342  0.9733421  0.64418036 0.9999558  0.9934076  0.6517592
 0.98268133 0.9993304  0.99868315]
[0.99768174 0.984797   0.9996105  0.9998553  0.9995136  0.9905105
 0.9999398  0.9971372  0.99717796 0.9990632  0.0431825  0.9994597
 0.9997857  0.98810357 0.989787   0.1943595  0.9989717  0.9287968
 0.9656187  0.9866745  0.99868864 0.99854916 0.99684936 0.15435266
 0.23183873 0.9895565  0.9983277  0.9636138  0.9926993  0.9942766
 0.9998585  0.90552205 0.9999107  0.9967585  0.96903694 0.9896505
 0.9982152  0.99501675 0.9931331 ]
[0.9983897  0.9962649  0.99928516 0.9997886  0.9996228  0.99212235
 0.9999436  0.9982889  0.99876827 0.9992273  0.05202812 0.9995577
 0.9678578  0.99966323 0.98108256 0.9247588  0.9735684  0.9952873
 0.9448235  0.9760251  0.99792033 0.9992543  0.9980325  0.15463643
 0.9932054  0.986219   0.9990226  0.9489575  0.98628783 0.9899127
 0.99984264 0.8691112  0.99981195 0.99335665 0.7884882  0.98738
 0.99912983 0.9984634  0.9911776 ]
[0.9961202  0.9915876  0.9996332  0.9997886  0.9996178  0.9932828
 0.9999368  0.99868804 0.9986784  0.9979499  0.99776196 0.9991897
 0.98750013 0.9997967  0.9869849  0.86349964 0.9997904  0.9953967
 0.99783    0.9900703  0.99952006 0.9980001  0.6584544  0.07850493
 0.99935704 0.19518913 0.15776533 0.99529785 0.08476821 0.19919467
 0.98934746 0.99297684 0.9944746  0.9998927  0.998212   0.99930274
 0.99619967 0.82673043 0.9895587 ]
[0.997938   0.9892881  0.9962011  0.999856   0.9997038  0.99665326
 0.99992895 0.99886084 0.9983827  0.99791414 0.9955432  0.9993728
 0.99978215 0.97803307 0.785065   0.9997545  0.9934255  0.9996996
 0.8320912  0.9976889  0.99922955 0.99580234 0.99744    0.8933627
 0.9779173  0.09242996 0.8462364  0.6486771  0.99764144 0.91637737
 0.87408733 0.99700624 0.9873411  0.99986863 0.9934277  0.9992318
 0.03075043 0.99033445 0.9987878 ]
[0.9985688  0.98775315 0.99929535 0.9998777  0.9996879  0.9902412
 0.9999645  0.998319   0.99888843 0.99890757 0.99926716 0.99921644
 0.99978346 0.9937681  0.6278453  0.94514585 0.9983974  0.98569286
 0.97065    0.99647164 0.9990926  0.9991622  0.9992299  0.9623224
 0.9997191  0.86777973 0.74779016 0.62249005 0.86065096 0.9705504
 0.9949303  0.99713945 0.7598652  0.99991703 0.9930702  0.95716155
 0.9929658  0.9991984  0.9989171 ]
[0.99764436 0.9777548  0.9981008  0.99985313 0.9997739  0.9979346
 0.9999665  0.9987055  0.9983418  0.99839395 0.99144006 0.9994686
 0.9996357  0.96861064 0.98809075 0.988668   0.99821967 0.99950004
 0.9812904  0.97588855 0.998871   0.99856913 0.99750096 0.85708886
 0.9396536  0.9782492  0.9947221  0.9740132  0.9936783  0.98939043
 0.9997049  0.9299272  0.9998161  0.07906269 0.4083087  0.29014206
 0.99633276 0.99759346 0.99488986]
[0.99867564 0.9911618  0.998103   0.9998752  0.99976987 0.99793965
 0.9999651  0.99758446 0.99875927 0.998345   0.99898595 0.9991703
 0.9998166  0.9952443  0.69305575 0.99979764 0.9969709  0.99977547
 0.9877198  0.99688584 0.99861336 0.9979633  0.99635005 0.97448707
 0.28903216 0.46479154 0.9946786  0.99407625 0.9948453  0.9839828
 0.99239254 0.9969627  0.817421   0.9998035  0.8986767  0.7985851
 0.8264633  0.9995627  0.9918035 ]
[0.9987658  0.99508023 0.99904305 0.9998342  0.9997707  0.9964012
 0.9999193  0.99898237 0.99906546 0.9975859  0.95633453 0.9994916
 0.99963737 0.98768616 0.8287038  0.9817764  0.99686664 0.99893194
 0.9786926  0.99627054 0.99863356 0.993415   0.58374774 0.66072917
 0.9961235  0.6285791  0.9983222  0.81644833 0.99034005 0.98846495
 0.9869049  0.99971527 0.98773915 0.999877   0.9981152  0.37642217
 0.96931636 0.998669   0.99285567]
[0.99704295 0.9948833  0.99966943 0.99988544 0.9997211  0.9929007
 0.99996245 0.9990858  0.9994869  0.9976927  0.99942774 0.99957746
 0.999665   0.99497545 0.8985846  0.9956507  0.9947956  0.9891612
 0.96176505 0.9975696  0.99885356 0.9986387  0.97082305 0.3149528
 0.99980134 0.9969482  0.9838126  0.8234028  0.0780846  0.884358
 0.9968045  0.9600364  0.43624023 0.9998988  0.9926317  0.9573557
 0.9890482  0.9994147  0.9932587 ]
[0.9984243  0.9938486  0.9993363  0.99991536 0.99977463 0.99594647
 0.99993885 0.9987477  0.99895704 0.9990675  0.07095264 0.9994822
 0.9886857  0.99954295 0.97987366 0.9323284  0.27621186 0.9978421
 0.9817379  0.9716418  0.9982261  0.9992538  0.99755055 0.98231655
 0.99665487 0.98748034 0.9991291  0.9738868  0.1440235  0.9924999
 0.99976665 0.8150967  0.9998839  0.9843286  0.45847544 0.9795527
 0.99904674 0.9943931  0.9961808 ]
[0.9969317  0.99542207 0.99964523 0.9999075  0.99974495 0.9976593
 0.99994016 0.99881375 0.9992341  0.99892247 0.98193353 0.99950206
 0.97585404 0.99977773 0.9670614  0.93282294 0.9564089  0.9984988
 0.9693086  0.9978375  0.9987596  0.99811006 0.99676335 0.9713263
 0.9889932  0.78220165 0.9977209  0.99088705 0.98713404 0.9764798
 0.9853446  0.999752   0.98665583 0.9999082  0.9975925  0.9923551
 0.98548305 0.99784815 0.9824806 ]
[0.99853027 0.996845   0.9992181  0.9999051  0.9997696  0.9913412
 0.99992454 0.99850875 0.9990029  0.9980736  0.34576178 0.99954504
 0.9817255  0.9997553  0.99200106 0.8530934  0.03659149 0.997775
 0.9740407  0.9762482  0.99910897 0.9986098  0.9961288  0.99969256
 0.9702523  0.98470193 0.99893016 0.9896304  0.97747624 0.99409324
 0.2249866  0.89434963 0.99986446 0.99626356 0.54400355 0.9934341
 0.9986681  0.9976399  0.9883156 ]
[0.9972314  0.98779035 0.99950755 0.999915   0.99952006 0.9976719
 0.9999573  0.99877685 0.9991019  0.99906164 0.9536076  0.9993999
 0.99976546 0.97907674 0.82627743 0.9998578  0.99819833 0.97924966
 0.94457763 0.99662787 0.9984042  0.99400383 0.9980996  0.9878302
 0.9847734  0.9905537  0.99890065 0.5042734  0.9981584  0.07863856
 0.9636819  0.99676585 0.88162047 0.999915   0.9950594  0.8867239
 0.9791845  0.9981943  0.999073  ]
[0.9987562  0.99724686 0.99925154 0.99985385 0.9998105  0.9941491
 0.9999362  0.99912566 0.9994192  0.9981725  0.99709916 0.99950695
 0.9995788  0.9889685  0.9888277  0.9796071  0.9958748  0.9758271
 0.92664933 0.9968644  0.9989791  0.99906856 0.99711597 0.97918564
 0.9997203  0.9588997  0.9921381  0.68687725 0.9943867  0.9789757
 0.9941134  0.9808935  0.17803569 0.9998411  0.98676455 0.7654909
 0.9821584  0.9988244  0.9988172 ]
[0.99845386 0.9965611  0.99941564 0.9998512  0.99990296 0.9910721
 0.99993145 0.9987852  0.9996137  0.96598566 0.9991621  0.99948066
 0.9668901  0.9996118  0.99046797 0.88275915 0.9978004  0.99870694
 0.9863274  0.9591191  0.9977744  0.996816   0.7063944  0.98724747
 0.9256737  0.978005   0.9993611  0.969133   0.97319025 0.04756055
 0.99882394 0.99707305 0.99996173 0.99095285 0.9909676  0.5620598
 0.9991055  0.99602205 0.9084603 ]
[0.9986829  0.9952429  0.9994287  0.9998969  0.9997298  0.9957632
 0.99994445 0.9981146  0.999054   0.99877375 0.99937767 0.9986304
 0.99977595 0.9834885  0.9582149  0.9784459  0.9987864  0.99472106
 0.96635234 0.9934135  0.9981573  0.9992353  0.995551   0.9846672
 0.99979347 0.58219516 0.8998336  0.9648464  0.99842644 0.99816126
 0.9852379  0.99692553 0.981713   0.9998661  0.9966659  0.96104145
 0.9857377  0.99894077 0.9972868 ]
[0.998109   0.99295604 0.99916065 0.9998325  0.9996829  0.9933036
 0.99995875 0.99919957 0.9994024  0.99840635 0.99883586 0.99901474
 0.99963415 0.98301893 0.94417644 0.9713957  0.9967374  0.9909763
 0.97731656 0.9574307  0.998292   0.9989152  0.99786574 0.95725846
 0.18026997 0.9937172  0.9542807  0.96166945 0.99252605 0.99583745
 0.9997178  0.95606905 0.9998301  0.9909202  0.9930068  0.98971295
 0.9991278  0.99543697 0.99581236]
[0.9981736  0.9952376  0.9995227  0.99981135 0.9996063  0.99665916
 0.9999542  0.9927154  0.9931558  0.9987639  0.9970854  0.99944025
 0.9997652  0.99169296 0.88424295 0.99961036 0.99865437 0.9844326
 0.9879134  0.9854939  0.9982115  0.9980756  0.9988299  0.9394206
 0.9952989  0.33561525 0.43198675 0.7076731  0.9915234  0.3714401
 0.99532217 0.76965743 0.9791077  0.999889   0.9950428  0.8104368
 0.9918847  0.50033665 0.99756134]
[0.99837935 0.9964887  0.99934095 0.9998523  0.9998011  0.99565613
 0.9999306  0.998847   0.99926025 0.9984596  0.0634869  0.9995902
 0.99977845 0.9920923  0.82122684 0.9687375  0.99886703 0.98553133
 0.8546919  0.99738437 0.9989479  0.9978702  0.9951066  0.9525379
 0.9976605  0.97445005 0.99826235 0.57571834 0.9950604  0.5373772
 0.9866196  0.999689   0.03715276 0.99992776 0.9954846  0.9792032
 0.97625536 0.9988802  0.9949738 ]
[0.9983925  0.9973115  0.9991708  0.9998455  0.999813   0.9929422
 0.9999424  0.99834037 0.9992849  0.99833125 0.04342631 0.99927765
 0.9556354  0.9996971  0.98168784 0.9752005  0.50826234 0.9963315
 0.9109962  0.97958356 0.99831855 0.99886155 0.997825   0.177686
 0.99678874 0.9891071  0.9987406  0.97447    0.9796077  0.99238175
 0.99972266 0.8351271  0.9997873  0.99455136 0.7608613  0.9861188
 0.99923444 0.99848276 0.99618906]
[0.9977483  0.9888136  0.9989759  0.9997762  0.9994362  0.99830925
 0.99993944 0.99535793 0.97653097 0.99489814 0.9963876  0.99939597
 0.9997725  0.98144376 0.74908924 0.9584536  0.9903184  0.9994161
 0.889684   0.99330455 0.14165522 0.9984434  0.92913675 0.45919412
 0.99657995 0.95584905 0.9978637  0.72492284 0.98872745 0.97085494
 0.948031   0.99972504 0.99685234 0.9998417  0.99151367 0.99949324
 0.97927684 0.99782383 0.9966552 ]
[0.9985985  0.99559504 0.99921    0.99991715 0.99974936 0.9963631
 0.99992824 0.99890375 0.9991129  0.99900335 0.9995933  0.9975535
 0.99969745 0.99206007 0.8957521  0.9770348  0.9974827  0.98172265
 0.9799745  0.99439186 0.9980829  0.99876887 0.9948368  0.9758859
 0.99979454 0.6211806  0.9900733  0.9931236  0.9963387  0.9972941
 0.9923808  0.9961371  0.97318226 0.99991596 0.99058366 0.9742711
 0.8917075  0.9994435  0.99797136]
[0.99859494 0.9908937  0.99898463 0.999887   0.99978274 0.9959765
 0.99996257 0.99869627 0.9989994  0.9990478  0.9907665  0.999385
 0.99974567 0.99068856 0.9529412  0.9913224  0.99869734 0.99942577
 0.96705496 0.90256095 0.99818265 0.99820375 0.9960514  0.9870083
 0.86150944 0.96235436 0.99675614 0.9883741  0.07779427 0.9965988
 0.99980193 0.9181637  0.9999006  0.09786393 0.25842804 0.7703125
 0.9986285  0.9923832  0.99600875]
[0.99811554 0.99483407 0.9991781  0.99988127 0.99981254 0.99561346
 0.99993503 0.99891317 0.9987741  0.998662   0.27066866 0.9994942
 0.99918824 0.9841015  0.9941837  0.9922272  0.99709785 0.9691505
 0.9579118  0.98973185 0.9981116  0.99819213 0.97396886 0.9938147
 0.24026862 0.8908581  0.99701947 0.9968677  0.9848282  0.99983096
 0.39046466 0.9999087  0.9947855  0.91903263 0.7342115  0.9749594
 0.99882835 0.9976071  0.9762298 ]
[0.9965559  0.99377924 0.998216   0.99970883 0.999671   0.9978034
 0.999959   0.9975763  0.9993048  0.99804115 0.996786   0.9991824
 0.9998889  0.9897198  0.93881536 0.98313725 0.99774206 0.99974614
 0.9849126  0.9859424  0.9990821  0.9980058  0.997528   0.68290675
 0.98676    0.1915015  0.99189186 0.9905132  0.9918846  0.90877426
 0.85866225 0.99978465 0.9462478  0.9999267  0.9973326  0.998623
 0.99636555 0.99361587 0.99076426]
[0.9981589  0.9748632  0.99924564 0.99984944 0.99959177 0.9973308
 0.99995613 0.99862766 0.9994313  0.99827576 0.9987141  0.9987999
 0.99975735 0.99522144 0.74563557 0.99975663 0.99824893 0.9977623
 0.9735432  0.99651057 0.99825317 0.997855   0.9969447  0.97087145
 0.32201314 0.5623789  0.9839093  0.92136526 0.99760336 0.99797887
 0.99039114 0.9966738  0.9572521  0.9998826  0.9940691  0.9366002
 0.98759544 0.999067   0.9985757 ]
[0.99849796 0.994936   0.9957392  0.9998424  0.99962294 0.99897254
 0.9998648  0.9964216  0.998343   0.99857926 0.99939847 0.99953127
 0.8313448  0.9990798  0.979221   0.60564417 0.9990526  0.9950708
 0.9672409  0.9960452  0.99777776 0.99814487 0.99584466 0.99317545
 0.7643312  0.324529   0.999861   0.9959655  0.96432865 0.97319716
 0.99973136 0.99623823 0.99038446 0.99973756 0.991759   0.93903774
 0.9830882  0.998841   0.998066  ]
[0.9988568  0.97914153 0.9986337  0.99980253 0.9997974  0.99677247
 0.9999491  0.9994411  0.9992797  0.9855055  0.9829511  0.9995689
 0.9997603  0.98316115 0.825992   0.25756145 0.9992349  0.9989178
 0.9757927  0.9873499  0.9991091  0.9986614  0.998933   0.09709
 0.9958385  0.98615605 0.9983504  0.9918646  0.9859298  0.99024
 0.02608572 0.88212544 0.99993    0.9974974  0.56710327 0.9935061
 0.99890804 0.99740654 0.9968129 ]
[0.9983376  0.9874222  0.9996996  0.99989927 0.999634   0.99766797
 0.9999621  0.99790704 0.99844956 0.9985057  0.21822958 0.99928814
 0.9996207  0.9913174  0.97570306 0.99978703 0.9984909  0.9511603
 0.9681276  0.997633   0.9991491  0.9986879  0.9983032  0.96619487
 0.95751405 0.98779047 0.9990527  0.5545765  0.9956181  0.88992006
 0.99285346 0.9946913  0.22898318 0.999907   0.99676055 0.98628473
 0.9848749  0.9988703  0.99497366]
[0.9974833  0.9944143  0.9995745  0.999902   0.9995573  0.9986854
 0.99995756 0.9859924  0.9918286  0.9978807  0.9744771  0.99967635
 0.9996375  0.99653035 0.9134653  0.9698261  0.99827003 0.9855342
 0.8580088  0.9924517  0.99880517 0.9974152  0.9955348  0.83977556
 0.99976605 0.99521375 0.22093163 0.65282094 0.9951658  0.9541656
 0.9468295  0.9928068  0.9978167  0.99980897 0.9972289  0.9632647
 0.99459344 0.3192304  0.45192438]
[0.99813926 0.99761426 0.999257   0.99985194 0.99963605 0.99665654
 0.9999471  0.99813545 0.99875    0.99467176 0.99973005 0.9996511
 0.9998115  0.99070084 0.9454962  0.9368171  0.99630475 0.9542401
 0.97538304 0.98652947 0.9991036  0.90654624 0.8836152  0.8627803
 0.98487294 0.998089   0.97729605 0.9939044  0.9886628  0.99246997
 0.84365463 0.99062014 0.9975299  0.9999037  0.9986827  0.9832161
 0.99184495 0.9191164  0.9939201 ]
[0.99751234 0.9955778  0.9994103  0.99989474 0.99948823 0.9980704
 0.999951   0.9935136  0.99639195 0.9668151  0.721973   0.99890995
 0.99063945 0.9998186  0.98879695 0.9864476  0.9755397  0.99802125
 0.98606575 0.8838569  0.9970841  0.9858764  0.99663925 0.99982834
 0.93683803 0.99681795 0.9873771  0.99894696 0.9441309  0.9702688
 0.9882676  0.9705057  0.99026674 0.9998641  0.9962658  0.9977112
 0.9749806  0.996748   0.9982109 ]
[0.99785537 0.97998744 0.9992867  0.99987745 0.99978954 0.9957724
 0.99994206 0.998762   0.9990688  0.99860185 0.0640718  0.9994468
 0.9995492  0.9809083  0.9315367  0.15677117 0.99559325 0.995456
 0.90604895 0.9890342  0.9988405  0.9987889  0.99909616 0.22091113
 0.60009575 0.9883094  0.9982179  0.9521084  0.9952551  0.99104637
 0.9998485  0.86459047 0.9998673  0.9956956  0.93453336 0.9953367
 0.9981102  0.9990637  0.99448013]
[0.9978103  0.9972095  0.99930704 0.9998766  0.9996979  0.995743
 0.9999583  0.99813616 0.99860543 0.99764484 0.8531789  0.9995876
 0.9996804  0.9895377  0.9678649  0.9951593  0.9985983  0.9745029
 0.97085243 0.9300479  0.9981331  0.9977806  0.9927424  0.9825764
 0.71649164 0.994849   0.9956672  0.900407   0.99811494 0.99057466
 0.99975413 0.93511164 0.99991655 0.9862592  0.9347488  0.38803935
 0.9945129  0.998111   0.9959901 ]
[0.99853444 0.9933466  0.99836475 0.99987614 0.9995521  0.99855953
 0.99994683 0.9966137  0.9984554  0.99881613 0.9997534  0.99915063
 0.99956506 0.9926676  0.878029   0.93573785 0.9950712  0.999734
 0.9738488  0.983422   0.99887663 0.9979455  0.41364238 0.97445655
 0.99348104 0.19910286 0.65550554 0.8942423  0.99698025 0.591251
 0.9943745  0.99516946 0.9962717  0.9998074  0.99802667 0.26069668
 0.99587667 0.13442747 0.98226917]
[0.99830925 0.99640757 0.99928635 0.9998274  0.99970335 0.9973273
 0.9999281  0.99863905 0.9992878  0.9978198  0.99981457 0.9993374
 0.9995796  0.9792016  0.84109384 0.9449304  0.9967847  0.9738022
 0.97971046 0.9964695  0.99763715 0.99417627 0.32215324 0.9810038
 0.97342527 0.9807163  0.9978097  0.16699116 0.5322209  0.9821333
 0.8836057  0.97653913 0.8323837  0.9997987  0.9976948  0.84209865
 0.95112383 0.9987929  0.99557835]
[0.9991763  0.97393554 0.9969971  0.9998129  0.99977356 0.9980714
 0.9999038  0.99752563 0.9992514  0.9631971  0.93974906 0.9995034
 0.999721   0.97536874 0.563451   0.9932962  0.99921286 0.59793794
 0.9326814  0.9934076  0.99878556 0.998787   0.99787724 0.91385394
 0.99167633 0.9814145  0.99987555 0.99791616 0.99736565 0.06107622
 0.98836017 0.5627235  0.999884   0.9929097  0.9444392  0.95086014
 0.973814   0.9985567  0.99897206]
[0.9979328  0.9881728  0.99961394 0.9998783  0.99972874 0.99625397
 0.99993396 0.9965334  0.99886703 0.9992403  0.999739   0.9994741
 0.99965763 0.99070334 0.97499925 0.9722844  0.99897206 0.9934854
 0.97913045 0.9964426  0.9987226  0.9976876  0.82629615 0.9181788
 0.99493057 0.9578916  0.9987018  0.89332235 0.9546954  0.9657966
 0.9949503  0.99058026 0.24611288 0.9998809  0.99806935 0.6949362
 0.9936319  0.9989003  0.9631711 ]
[0.99924076 0.9959663  0.99920976 0.9998921  0.9997551  0.9932997
 0.9999316  0.998836   0.99918467 0.99859625 0.9981767  0.9992606
 0.9997348  0.98315895 0.67613435 0.06113653 0.998431   0.9969975
 0.9785809  0.9800996  0.99864715 0.9847023  0.9978988  0.99967
 0.99461335 0.9759829  0.98747164 0.98326856 0.99001664 0.9493407
 0.9480097  0.231502   0.99992    0.98908335 0.03197906 0.06286891
 0.9911305  0.9987914  0.9901147 ]
[0.99635136 0.9937782  0.9986878  0.9998505  0.9998047  0.9983941
 0.99995136 0.99836844 0.9993949  0.99708253 0.9508248  0.99941635
 0.9998229  0.9856259  0.95439595 0.9622061  0.99725455 0.99968183
 0.9514544  0.99793196 0.99772733 0.99337876 0.43151543 0.99591714
 0.9997459  0.9979518  0.99621224 0.99790716 0.9953962  0.9977621
 0.98807144 0.9975212  0.99578696 0.9998696  0.9957124  0.27971277
 0.9551471  0.875647   0.54194057]
[0.99827373 0.9969273  0.9994342  0.99978703 0.9996171  0.99642205
 0.9999505  0.99778855 0.9984542  0.99900085 0.99407816 0.99936444
 0.9998018  0.98856086 0.9563591  0.9733515  0.99861777 0.9330891
 0.9577521  0.99560755 0.99825066 0.9987067  0.996563   0.93828285
 0.9997147  0.886503   0.9946286  0.96985483 0.2674373  0.98696077
 0.9878634  0.99309087 0.35742173 0.9998996  0.11456365 0.13603385
 0.7010716  0.995948   0.9861734 ]
[0.99873394 0.99184847 0.99898905 0.9998703  0.99979    0.99496114
 0.9999511  0.997908   0.99832326 0.99818724 0.13892427 0.9995295
 0.9997508  0.98113006 0.92406833 0.96141934 0.9970193  0.9981865
 0.97520417 0.98146516 0.9988274  0.9982241  0.9973035  0.99974936
 0.2154025  0.99439853 0.99426186 0.95957816 0.9909526  0.9947812
 0.99675435 0.9584459  0.99979573 0.07702222 0.9844833  0.738492
 0.9925828  0.9975885  0.9959318 ]
[0.9974247  0.996995   0.99947363 0.9999101  0.9998204  0.99779946
 0.99995065 0.99639493 0.9987883  0.998588   0.9842404  0.9994174
 0.9998012  0.99375546 0.9493091  0.9540772  0.9987791  0.9529961
 0.9764231  0.99695253 0.99848276 0.99850994 0.9951079  0.9438018
 0.9996525  0.9911176  0.99866354 0.99838436 0.9969897  0.9897658
 0.98942333 0.999283   0.9840752  0.9998709  0.05299786 0.10275223
 0.3042221  0.9988555  0.11728225]
[0.9986777  0.99693215 0.9969638  0.9998049  0.9996432  0.9984242
 0.99996376 0.9976584  0.99886346 0.99837554 0.9803894  0.99943787
 0.99967015 0.97700953 0.9534721  0.93341404 0.9979279  0.9996948
 0.9726221  0.95822453 0.99867564 0.998097   0.99725926 0.9872978
 0.99599093 0.95533234 0.99843353 0.9661375  0.9939991  0.98914284
 0.99964035 0.89770705 0.999895   0.9975514  0.9601777  0.9959
 0.9977642  0.99897975 0.99411917]
[0.99919933 0.9686148  0.9965706  0.9998424  0.99977475 0.9971481
 0.99970263 0.9987722  0.9993529  0.98586005 0.7822217  0.9990871
 0.99971634 0.98466045 0.9262191  0.9943938  0.9981134  0.60422623
 0.9188231  0.99676836 0.9984666  0.9973508  0.9974619  0.10488167
 0.21817243 0.9933095  0.9998498  0.9955317  0.88445944 0.99267334
 0.09337329 0.02954629 0.84296775 0.9999131  0.99816483 0.6762497
 0.9945945  0.9980617  0.9935393 ]
[0.9990528  0.97766405 0.99508023 0.9998716  0.99957234 0.99662447
 0.9998085  0.98870903 0.9906599  0.98754346 0.98171264 0.9995266
 0.99979573 0.98394233 0.6694938  0.98648745 0.99534285 0.65207124
 0.91484267 0.950151   0.99928623 0.9990583  0.9980102  0.9734178
 0.99785703 0.3875774  0.99984896 0.25122207 0.99506015 0.9363749
 0.99952686 0.96092665 0.99950016 0.95099264 0.9996189  0.99204516
 0.11895112 0.9832396  0.9892323 ]
[0.9987495  0.9970293  0.9988661  0.9998784  0.99968266 0.99641174
 0.99995625 0.9973183  0.9989182  0.9992731  0.15260944 0.99934083
 0.9997712  0.99760556 0.78104925 0.9966577  0.99793005 0.9995291
 0.9147618  0.99568284 0.998201   0.99765646 0.9278322  0.9998591
 0.18725841 0.9895985  0.99822956 0.69785064 0.99663746 0.5460841
 0.9909949  0.97520286 0.31456503 0.99982774 0.9975993  0.86534333
 0.9948042  0.9989015  0.9958727 ]
[0.9974698  0.99517196 0.9987947  0.9999031  0.999666   0.9963576
 0.9999647  0.99831116 0.9985245  0.9956044  0.9980988  0.99779034
 0.9997547  0.99173427 0.8742791  0.9859616  0.9977773  0.9976878
 0.97771204 0.9899843  0.99844664 0.99785966 0.996461   0.96981424
 0.97145444 0.10400738 0.81845915 0.84160215 0.9467953  0.9898573
 0.8739833  0.9995828  0.97998595 0.999912   0.98684376 0.998643
 0.9973126  0.97537607 0.5659285 ]
[0.998201   0.99372274 0.99945027 0.99987483 0.999811   0.98807293
 0.9999535  0.99856657 0.99930453 0.99817216 0.07457437 0.9995546
 0.9827776  0.9995553  0.981429   0.9893544  0.47919822 0.9953805
 0.9402515  0.98807263 0.9988638  0.9984748  0.9983429  0.12983082
 0.20718804 0.99070287 0.9989976  0.95002127 0.9952727  0.9940507
 0.9997962  0.9403425  0.99986017 0.99677306 0.893909   0.994364
 0.99891436 0.9973226  0.99046516]
[0.9982268  0.9945657  0.9994266  0.999833   0.9997003  0.996653
 0.9999589  0.996792   0.9985696  0.99828726 0.96391267 0.9992335
 0.9996854  0.98013556 0.78184795 0.99342513 0.9991099  0.9935191
 0.86167204 0.9725869  0.9972554  0.9978648  0.9918622  0.99064773
 0.1339709  0.9970413  0.9985331  0.98346704 0.99215055 0.999678
 0.4287811  0.9999089  0.05337171 0.12275794 0.9386731  0.6283134
 0.99859375 0.99167824 0.99546415]
[0.998713   0.98572075 0.99500316 0.9997551  0.9996388  0.9961616
 0.9998796  0.99483335 0.9972299  0.99346477 0.99508613 0.9995414
 0.9718937  0.999833   0.97179395 0.4348196  0.99943346 0.99560696
 0.9920373  0.9823753  0.9985551  0.9980939  0.983375   0.63938713
 0.5963939  0.86530876 0.99984515 0.9107062  0.5809319  0.84429324
 0.9923577  0.07426725 0.03091453 0.93563575 0.99976736 0.9976833
 0.19158192 0.9940427  0.19857079]
[0.99744475 0.9895243  0.99907494 0.99987674 0.999635   0.9934437
 0.99995816 0.99806553 0.99215186 0.99832267 0.99199533 0.99958056
 0.9998404  0.99132615 0.87091357 0.9767071  0.720501   0.99912554
 0.88112354 0.99600106 0.99708456 0.9996107  0.9924103  0.9670433
 0.98586804 0.90365726 0.99588    0.39517817 0.9964876  0.99433017
 0.9933816  0.99952567 0.99784696 0.9998204  0.99734503 0.99832255
 0.94289047 0.914507   0.9953111 ]
[0.99816763 0.99066764 0.9960551  0.9998764  0.9998099  0.99437815
 0.9999304  0.9971444  0.99887604 0.99797934 0.9950635  0.9994454
 0.99978477 0.99367946 0.59719574 0.95268923 0.9967154  0.99977845
 0.8159229  0.97666013 0.99813914 0.9958318  0.6841058  0.1738727
 0.9997608  0.9952042  0.9867294  0.9827251  0.9944442  0.2577011
 0.98375165 0.9951786  0.98242974 0.9999157  0.9904289  0.99750805
 0.98985285 0.95610523 0.12854345]
[0.99922955 0.9915154  0.99906355 0.9998354  0.9998062  0.99007565
 0.9999516  0.99910825 0.9993826  0.9800673  0.9851596  0.99909794
 0.9995784  0.98194975 0.7701324  0.9597651  0.9990907  0.9908936
 0.9810532  0.9236659  0.99901485 0.9987453  0.992971   0.96837604
 0.99591595 0.9692273  0.99865216 0.97034645 0.97984385 0.98609275
 0.2127676  0.9378844  0.9999627  0.99522626 0.8951713  0.99141604
 0.9993339  0.99705577 0.99319905]
[0.9985318  0.99001664 0.9985299  0.99983835 0.9997762  0.99787474
 0.99996424 0.99740845 0.9990958  0.98781604 0.99942327 0.9995327
 0.99961203 0.98465586 0.63128126 0.9750758  0.99909115 0.99924016
 0.9828787  0.9979438  0.99760866 0.9988444  0.9972363  0.99183965
 0.93424183 0.98661035 0.9992459  0.71866286 0.9967625  0.995784
 0.993741   0.07447679 0.09495972 0.99993014 0.9936341  0.951258
 0.98075104 0.99904865 0.99858993]
[0.9990982  0.97659177 0.9983253  0.99958616 0.99980265 0.99361223
 0.9998431  0.9986533  0.99941885 0.96133816 0.99570435 0.99952924
 0.9997111  0.98591423 0.93981814 0.99050516 0.9982685  0.99915016
 0.9746098  0.99453187 0.99893194 0.99588484 0.99865013 0.9941916
 0.950904   0.8143437  0.9999069  0.9938227  0.30919635 0.96049213
 0.96670026 0.9988171  0.83139056 0.9294796  0.9999329  0.9983961
 0.90824854 0.9946577  0.99759173]
