All mprobs for dataset 3 (BIC) (Mean-field)

[0.9988424  0.9677357  0.99311066 0.99984574 0.9998085  0.9961332
 0.9999037  0.9982327  0.9983931  0.95919967 0.02664056 0.9994986
 0.17322877 0.99942774 0.9803012  0.02759001 0.99795926 0.99690264
 0.9915644  0.9668454  0.9990876  0.9971361  0.13777855 0.01408058
 0.90998286 0.05833029 0.9998385  0.10062445 0.15842617 0.17639127
 0.05991349 0.03834289 0.9974698  0.9190151  0.9998375  0.9916865
 0.1868342  0.15771054 0.308435  ]
[0.998955   0.9957852  0.99913496 0.99984145 0.99987304 0.9955107
 0.99995863 0.99896884 0.96820426 0.977508   0.9984773  0.99902713
 0.98705333 0.9995098  0.98744684 0.02176394 0.9798448  0.97743976
 0.96729773 0.9958255  0.99183625 0.9989919  0.9983432  0.9996743
 0.99928206 0.9943942  0.15630569 0.5023746  0.99898726 0.99700886
 0.9978745  0.99030465 0.0138473  0.9999337  0.9958919  0.94864523
 0.9985475  0.9936113  0.99828476]
[0.99932086 0.9959991  0.9980726  0.9998816  0.99981326 0.95051664
 0.9999298  0.99893373 0.99709594 0.99204975 0.9956358  0.99921596
 0.69753236 0.99961346 0.9927678  0.01930196 0.02638756 0.9984163
 0.9916046  0.03060376 0.9989022  0.9978036  0.7359741  0.9705423
 0.06721317 0.04177314 0.95824105 0.94627154 0.9732742  0.15811695
 0.9960497  0.9730915  0.9976283  0.99992657 0.9974995  0.9938583
 0.04359999 0.9784052  0.03308438]
[0.9991825  0.98790723 0.9990552  0.9997658  0.9995215  0.99388534
 0.9999459  0.99348176 0.9642148  0.99663097 0.9995473  0.996881
 0.99908185 0.98410875 0.11382266 0.9532751  0.99731207 0.99034834
 0.98675543 0.5263561  0.9981547  0.99520653 0.98860687 0.99521697
 0.99264306 0.9965288  0.99666697 0.9938903  0.01276678 0.02407922
 0.97509766 0.99708694 0.9987754  0.999905   0.9858241  0.99930656
 0.9902052  0.99512696 0.9858089 ]
[0.9989743  0.99709785 0.9995371  0.99979955 0.99988437 0.9889381
 0.99993825 0.99849963 0.9955794  0.9853563  0.01119287 0.998911
 0.9991986  0.9937627  0.9987558  0.9932995  0.9954366  0.9714139
 0.97927547 0.98465204 0.9982698  0.99793625 0.9976078  0.99188644
 0.99756706 0.97324616 0.34044084 0.0871013  0.9939051  0.9963381
 0.9962379  0.9988268  0.9268025  0.99993694 0.4646661  0.93166786
 0.9880702  0.04682941 0.99217695]
[0.99687743 0.98926485 0.9994497  0.999859   0.9995352  0.95207715
 0.99994814 0.99852437 0.9930708  0.98623824 0.9996474  0.9989844
 0.9997609  0.90914714 0.46172568 0.99656725 0.99266    0.988331
 0.92457503 0.9650695  0.99880123 0.99862075 0.02410128 0.99563867
 0.9997836  0.9960936  0.7785583  0.74816924 0.9912282  0.9996238
 0.99947053 0.9852079  0.02489056 0.9998858  0.998722   0.16083837
 0.9983109  0.9972397  0.99354327]
[0.9992674  0.9237667  0.9976736  0.9998337  0.9998747  0.97983736
 0.99990296 0.99907815 0.99886036 0.9769414  0.0118228  0.9990815
 0.9995628  0.9861935  0.99980646 0.9982994  0.9616633  0.99647105
 0.9815409  0.9834362  0.9988931  0.997752   0.99627364 0.01755319
 0.9995047  0.99451774 0.9386664  0.792235   0.9978508  0.02315692
 0.9832387  0.02123005 0.99111736 0.99989843 0.9980641  0.9652584
 0.15140206 0.96903616 0.03638055]
[0.9860562  0.99694115 0.9581179  0.99973387 0.9996203  0.9963517
 0.9996792  0.9981229  0.99769515 0.9610231  0.02307433 0.99861753
 0.9996136  0.99180377 0.9995036  0.9987382  0.994955   0.971262
 0.21359994 0.9908304  0.99800736 0.99166334 0.96707416 0.64393026
 0.3217858  0.9986199  0.99976987 0.07866073 0.9952343  0.9985266
 0.0494314  0.1142375  0.9865719  0.99479383 0.99980193 0.02406718
 0.9987513  0.01137407 0.18157752]
[0.99869764 0.9866932  0.9995547  0.9998258  0.99988425 0.9928884
 0.9999441  0.9989146  0.99877244 0.98401916 0.9721362  0.99891067
 0.99956137 0.97786635 0.0328683  0.02231627 0.9959572  0.7731506
 0.9963315  0.9845057  0.99903226 0.9970419  0.9972395  0.99725646
 0.99549073 0.70399547 0.00710758 0.98406214 0.9922815  0.19199802
 0.99350655 0.02172374 0.42251807 0.99993956 0.9705006  0.01829673
 0.12510267 0.9763713  0.99807537]
[0.9975466  0.9794829  0.99837023 0.9994815  0.9998735  0.99477166
 0.999941   0.9993625  0.9992305  0.96795124 0.01925801 0.99947876
 0.9995727  0.9936307  0.3708666  0.11478064 0.9942854  0.9997162
 0.91020507 0.99126375 0.9990866  0.9987785  0.9984163  0.84793174
 0.02499044 0.976583   0.13247508 0.322749   0.9975178  0.9604211
 0.9987225  0.99631125 0.45551226 0.9998913  0.07855184 0.06583989
 0.99647254 0.06120474 0.9990395 ]
[0.99899644 0.9732563  0.99756527 0.999676   0.9998161  0.97206306
 0.9998591  0.99811125 0.9925538  0.9940805  0.99492234 0.9990501
 0.99826765 0.9997243  0.9647603  0.06296964 0.99713045 0.99604946
 0.9613257  0.9616074  0.9965706  0.99631554 0.02864948 0.9783386
 0.9867779  0.99114835 0.9999058  0.997689   0.8327793  0.06607272
 0.9984213  0.9565991  0.98398376 0.99985814 0.8901342  0.73269993
 0.03393819 0.99926656 0.02714111]
[0.9964192  0.9980203  0.9959669  0.99961156 0.9998053  0.99763024
 0.99993134 0.99794084 0.9904122  0.9940553  0.9952507  0.9992642
 0.99962986 0.9937285  0.98812693 0.01000554 0.99751055 0.99948835
 0.99889165 0.19808428 0.01337673 0.9923298  0.98945904 0.01580445
 0.99893576 0.9980867  0.9959341  0.99503064 0.96051127 0.08401464
 0.9979424  0.92617923 0.9905117  0.99994314 0.99856997 0.9143223
 0.9962884  0.9778635  0.9893911 ]
[0.99862945 0.99583507 0.9995041  0.99980706 0.9996062  0.99228466
 0.99995756 0.9984915  0.9863095  0.993664   0.99856913 0.999041
 0.9417653  0.9998053  0.99713373 0.9970439  0.9988122  0.99508506
 0.956515   0.9956434  0.99876773 0.97495484 0.99010193 0.9927725
 0.9780807  0.9995297  0.9998254  0.9909055  0.99922943 0.99570256
 0.996369   0.6473089  0.9995372  0.32334408 0.9814788  0.9886567
 0.99701893 0.9936731  0.9846215 ]
[0.99816823 0.98885506 0.9798141  0.9996853  0.99959534 0.9337704
 0.9998098  0.9987458  0.98458534 0.99557835 0.87859786 0.9907169
 0.99948835 0.94162846 0.99941456 0.9956246  0.99242544 0.00801876
 0.9991823  0.05671826 0.98473626 0.99748623 0.99705553 0.9975932
 0.9888704  0.9982304  0.99989355 0.9992582  0.99396086 0.9865151
 0.9991941  0.9956359  0.9986744  0.9924035  0.9998503  0.99187285
 0.99816126 0.01592086 0.95797426]
[0.9978582  0.98950934 0.9992592  0.99975723 0.9995572  0.97919685
 0.9999579  0.9964696  0.9827875  0.9890365  0.99961567 0.998909
 0.99984145 0.98512    0.99812645 0.9800685  0.9843522  0.6925623
 0.97041714 0.99183685 0.9991559  0.99680066 0.9794946  0.9901018
 0.9993524  0.88039523 0.13695018 0.01967596 0.93845385 0.9994097
 0.98561877 0.95732105 0.90649486 0.99983823 0.06427566 0.9987864
 0.99734807 0.9987243  0.9983152 ]
[0.9975439  0.99631315 0.99911517 0.9998752  0.99969256 0.99732345
 0.99994457 0.99789846 0.9983535  0.99616337 0.9880717  0.99953413
 0.9997099  0.9944695  0.92368376 0.9833673  0.99884295 0.9719705
 0.79935133 0.9689707  0.99760455 0.9951008  0.99637234 0.99970406
 0.80980796 0.9923489  0.998487   0.63394344 0.9057893  0.99738365
 0.9944528  0.99254686 0.9999013  0.99757284 0.02022197 0.2776496
 0.99886775 0.9988851  0.99401444]
[0.99834967 0.99501354 0.9991122  0.9994671  0.9997241  0.9809684
 0.99989843 0.99832577 0.96840245 0.99453133 0.99955755 0.99912494
 0.9976549  0.9941273  0.01569821 0.99815434 0.9005967  0.99377996
 0.9835196  0.99672204 0.9854109  0.9867237  0.9965772  0.99333465
 0.9996499  0.00387291 0.9922375  0.95434886 0.98571056 0.98417884
 0.99900264 0.30663568 0.9998211  0.99988794 0.9961706  0.9964224
 0.9865826  0.99513596 0.03000964]
[0.99954706 0.9652102  0.99767953 0.9998565  0.99980694 0.95450705
 0.9999176  0.9989299  0.99880743 0.9711664  0.1887694  0.999181
 0.99937385 0.9888426  0.9996685  0.40401524 0.06982248 0.99639016
 0.99449086 0.9606281  0.9988356  0.998178   0.10549012 0.39763296
 0.9956519  0.97173595 0.11838896 0.99796176 0.06754474 0.9979563
 0.99920326 0.02648298 0.9695985  0.9999409  0.07809107 0.05232043
 0.03268406 0.05640744 0.9945257 ]
[0.9981336  0.9966331  0.99970263 0.9997172  0.9998265  0.9954993
 0.9999391  0.999488   0.999635   0.98530364 0.6575147  0.99908864
 0.9997991  0.97005594 0.9554146  0.0528472  0.9981206  0.57381594
 0.9219688  0.9964167  0.9842367  0.99603504 0.9536943  0.99489933
 0.03546735 0.29592785 0.829334   0.06377259 0.99712306 0.9904767
 0.99973494 0.14739516 0.9977958  0.99994206 0.98981375 0.01195008
 0.99310535 0.98688483 0.9914756 ]
[0.9990081  0.9941896  0.9995233  0.9998591  0.9998784  0.9959496
 0.99993455 0.99917585 0.999524   0.9655484  0.5813335  0.99915767
 0.9995776  0.9765785  0.6254857  0.6508926  0.99839056 0.6788386
 0.9787306  0.96755767 0.9922122  0.9952887  0.9946405  0.03239388
 0.03401898 0.9272839  0.9931051  0.98370713 0.01885515 0.96535826
 0.95804155 0.521081   0.9999509  0.9969584  0.8569394  0.9605504
 0.9963419  0.54322946 0.9910651 ]
[0.9974589  0.97518677 0.99903345 0.99982685 0.99988866 0.99473923
 0.9999254  0.9987078  0.9961869  0.9964825  0.9880205  0.9992493
 0.08454897 0.99961424 0.98368376 0.28927538 0.9372628  0.9957573
 0.97851425 0.9628229  0.99805766 0.9905139  0.9913612  0.9877792
 0.48037317 0.8082068  0.6212384  0.98971856 0.99800116 0.49600428
 0.99803203 0.9951251  0.99546707 0.9999527  0.99616635 0.01872851
 0.83558273 0.14491892 0.9968058 ]
[0.9992361  0.9729705  0.9974899  0.9997645  0.9998449  0.99257517
 0.9999639  0.9986129  0.9983005  0.9812734  0.4171603  0.9991536
 0.99931264 0.9936818  0.97443014 0.97922665 0.9986418  0.9996774
 0.9871453  0.98260146 0.9973348  0.9979785  0.9342668  0.981974
 0.9987692  0.98872083 0.88582027 0.844697   0.94822925 0.64242816
 0.98787373 0.9500008  0.04199903 0.999951   0.9916632  0.00633868
 0.99684864 0.9880189  0.04679425]
[0.9981845  0.9977787  0.9994967  0.9998995  0.99971133 0.9981787
 0.9999455  0.9968773  0.99457437 0.97678965 0.9996573  0.99912304
 0.9996798  0.9931631  0.02408068 0.99401456 0.99654156 0.9913635
 0.7695938  0.9929213  0.99399394 0.9980596  0.07485052 0.99349207
 0.9508953  0.25075895 0.9907293  0.14143284 0.99784243 0.999089
 0.9950853  0.9774091  0.01762731 0.999866   0.17690285 0.9878714
 0.9757572  0.92465204 0.07098559]
[0.99938524 0.98662984 0.9934315  0.99985635 0.9997696  0.9948855
 0.99973315 0.99226123 0.9929119  0.983824   0.02592957 0.9995621
 0.9997496  0.9822578  0.05329963 0.9963378  0.99835557 0.02011887
 0.9953046  0.7591514  0.9977344  0.9976623  0.09780929 0.00741852
 0.02007528 0.09172478 0.999913   0.95184404 0.79424953 0.11537739
 0.03231685 0.31454262 0.04567225 0.9954171  0.99990857 0.02992151
 0.02647004 0.03130618 0.08991783]
[0.9988726  0.9953394  0.9994215  0.99983287 0.9998264  0.9954331
 0.9999664  0.9990521  0.99935657 0.9834608  0.04269759 0.99916816
 0.9996735  0.9928316  0.450145   0.9905963  0.99874485 0.7626067
 0.95365906 0.97494024 0.9986072  0.99832445 0.9967494  0.01170362
 0.99426055 0.03848619 0.9973845  0.99616927 0.02207752 0.04321225
 0.05540497 0.99993956 0.9835585  0.926675   0.28419676 0.35238802
 0.9983405  0.9907206  0.9962041 ]
[0.9985697  0.994753   0.9996654  0.9998523  0.9998166  0.9968395
 0.99994016 0.9989126  0.9968706  0.846048   0.9930294  0.99907124
 0.9000103  0.9996594  0.9750279  0.9634956  0.982001   0.9982191
 0.76096785 0.95670813 0.99644583 0.99813145 0.99508804 0.85592294
 0.28686616 0.9526531  0.9969049  0.9970674  0.99734586 0.9963032
 0.9987596  0.9999609  0.9900351  0.9954776  0.9917475  0.99313873
 0.9957955  0.99850583 0.9943024 ]
[0.9982521  0.9958496  0.99963224 0.99975973 0.9997008  0.9849354
 0.99995756 0.9979367  0.99298286 0.97418016 0.98946977 0.9993463
 0.99950147 0.985239   0.24167821 0.9968562  0.9891923  0.41217077
 0.9954026  0.73492146 0.99918085 0.9980026  0.99747247 0.9894692
 0.13725236 0.99040306 0.9904557  0.89636993 0.9964676  0.9905199
 0.9970812  0.2544595  0.99991846 0.99852294 0.9986247  0.99679023
 0.05302472 0.9875408  0.99652123]
[0.99884903 0.9678354  0.99951816 0.9998294  0.99971193 0.99729913
 0.99993896 0.9991055  0.9961838  0.9714424  0.9770957  0.9993722
 0.99969375 0.97028166 0.92155415 0.9526199  0.9972849  0.99819404
 0.86573434 0.9952325  0.04093929 0.99822336 0.06760237 0.92767817
 0.975293   0.03248034 0.99922144 0.10398053 0.21016331 0.99682885
 0.9951001  0.9957624  0.91047907 0.99994826 0.04130502 0.99791723
 0.9157996  0.02510952 0.5898403 ]
[0.9978155  0.98002976 0.99943084 0.99978155 0.99981934 0.985416
 0.999946   0.9992035  0.9994122  0.99790907 0.9952976  0.25430968
 0.9997472  0.9897736  0.95761144 0.9594787  0.9874499  0.99527305
 0.47136962 0.8863727  0.9761377  0.99644995 0.83421177 0.9990995
 0.997936   0.9969797  0.99758625 0.99892753 0.9846294  0.9981981
 0.36564046 0.01788908 0.99792635 0.9999119  0.9970022  0.9990639
 0.97337455 0.841936   0.9950126 ]
[0.9748423  0.9976451  0.9994685  0.99981457 0.9998616  0.99355763
 0.9999279  0.99853635 0.996797   0.99673885 0.06444386 0.9982572
 0.9986493  0.99266386 0.9989987  0.9951213  0.9924091  0.972879
 0.95466435 0.9966552  0.9888825  0.9983675  0.99576133 0.9567367
 0.9954384  0.9935515  0.9064344  0.9853512  0.9794102  0.96762407
 0.99944204 0.97315794 0.99779594 0.99993885 0.99689484 0.9972242
 0.9236189  0.85071    0.9963392 ]
[0.9967257  0.99282235 0.9995322  0.9997911  0.9997012  0.9968329
 0.9999515  0.99884987 0.99427044 0.9962368  0.99678975 0.99934095
 0.8923342  0.9996063  0.98280543 0.87129205 0.02187061 0.98671174
 0.90065414 0.98576593 0.9945057  0.99848676 0.25019765 0.9981883
 0.05512561 0.989012   0.06522256 0.09623104 0.9935104  0.01821486
 0.99850935 0.97500086 0.996152   0.9999261  0.10816989 0.9922246
 0.99802977 0.99587256 0.9929329 ]
[0.9994894  0.99227166 0.9994116  0.9998016  0.9998399  0.99770594
 0.99989057 0.99886036 0.9987445  0.9882968  0.9045433  0.99958307
 0.28165305 0.99976736 0.9808631  0.03543185 0.9928236  0.9993755
 0.2964515  0.13498756 0.9986842  0.9977108  0.0407448  0.863711
 0.9997718  0.9382339  0.996012   0.1622287  0.977576   0.9464254
 0.69939363 0.9864731  0.9999218  0.97929984 0.9969796  0.9919688
 0.99871635 0.98225397 0.98983335]
[0.9968731  0.993349   0.999418   0.9998821  0.99989426 0.998075
 0.99994814 0.9994325  0.9993444  0.98049396 0.819854   0.9991326
 0.99979216 0.98512346 0.02466216 0.02621636 0.99833846 0.8550206
 0.6635973  0.99697566 0.9959358  0.9972173  0.7046419  0.3748596
 0.99136704 0.99799985 0.99531305 0.54799914 0.02709761 0.9713894
 0.9966934  0.01261339 0.99993515 0.9966515  0.8895703  0.94332767
 0.9988393  0.9938611  0.9896634 ]
[0.9993587  0.97513026 0.9911488  0.9995454  0.9997403  0.9888784
 0.9998029  0.99404293 0.96896714 0.8426779  0.08419154 0.9995951
 0.99836785 0.9996648  0.99722654 0.9537974  0.8685162  0.9674461
 0.99643624 0.02241157 0.9956393  0.99856657 0.9867844  0.9042079
 0.9970962  0.97326523 0.99990165 0.9955604  0.9996178  0.98858696
 0.9987006  0.99929523 0.9991204  0.99985576 0.99886775 0.9908023
 0.9896004  0.9936621  0.08643916]
[0.99872106 0.9660887  0.9994974  0.99986124 0.9998388  0.9985468
 0.9999596  0.9992611  0.99837613 0.9755342  0.9802036  0.9992687
 0.9997093  0.9873712  0.99814284 0.9978434  0.9933969  0.78512806
 0.73690176 0.9738438  0.9974765  0.99899095 0.9704564  0.9975406
 0.9976369  0.98946184 0.20275189 0.9878665  0.99556524 0.9988907
 0.96089923 0.84215236 0.9999206  0.999395   0.9046102  0.9934262
 0.9975387  0.99708074 0.98792773]
[0.99919266 0.98688066 0.9909039  0.9997582  0.9995782  0.993214
 0.99983776 0.9984291  0.9974955  0.97745436 0.03265239 0.9989298
 0.85431015 0.9993168  0.9709298  0.06096566 0.9969657  0.9987035
 0.98991257 0.9890793  0.99854726 0.99679524 0.10095933 0.01479684
 0.9377001  0.09058113 0.9999099  0.12895133 0.1559676  0.19974795
 0.05992608 0.99543023 0.05672854 0.02079351 0.9999089  0.99760145
 0.0477351  0.7188851  0.06110064]
[0.9992053  0.99200684 0.996203   0.99963677 0.9996308  0.9901354
 0.9998673  0.99859303 0.99905306 0.9864113  0.0275939  0.99929106
 0.9997613  0.9674443  0.0069032  0.03532106 0.9979784  0.01407684
 0.91220975 0.99680054 0.99805945 0.9987061  0.99462235 0.00932833
 0.789359   0.09563138 0.99987113 0.9947923  0.33442745 0.07016709
 0.93049854 0.73366356 0.98745584 0.99992216 0.99562526 0.834212
 0.9931492  0.99778783 0.02353968]
[0.9983271  0.9748174  0.9954413  0.99978834 0.99960023 0.99224323
 0.9998404  0.9978498  0.9949827  0.9933588  0.99899775 0.9992854
 0.99975306 0.9808156  0.73365253 0.06407438 0.9979971  0.78550726
 0.9832609  0.01281238 0.9979791  0.9971107  0.98340756 0.99563736
 0.01461477 0.08785477 0.9998803  0.9964713  0.2038352  0.21073551
 0.9741216  0.9863707  0.9998785  0.9938387  0.03124556 0.99723464
 0.99458814 0.9956071  0.12072369]
[0.9972155  0.9981183  0.9991872  0.9998598  0.99981076 0.97880894
 0.9999355  0.9974758  0.98718166 0.99619883 0.9977968  0.99761766
 0.98932284 0.99981207 0.9703572  0.08041605 0.9982083  0.99340266
 0.7944617  0.99711084 0.9912157  0.99647516 0.99572974 0.9977042
 0.9995505  0.02418338 0.96178037 0.9222978  0.99850595 0.99699306
 0.01824995 0.04608727 0.69418085 0.9998934  0.9830892  0.9969168
 0.9976533  0.9813277  0.44285566]
[0.99820423 0.9827886  0.9989446  0.99977046 0.9997969  0.99737084
 0.999946   0.9992167  0.99936646 0.9739649  0.8911403  0.99955994
 0.9996476  0.9847911  0.3695094  0.04151044 0.9991611  0.999468
 0.89138937 0.99700445 0.9990044  0.99813086 0.99655163 0.03759236
 0.08404602 0.9537838  0.9978807  0.9813933  0.61484635 0.9585576
 0.09119479 0.0096679  0.30517972 0.99993587 0.8295536  0.9551277
 0.2654653  0.99839103 0.96479636]
[0.9992661  0.9911306  0.99913245 0.9997588  0.9998493  0.9718936
 0.99996245 0.9990357  0.99939954 0.9902649  0.33459392 0.99947935
 0.97331583 0.9995795  0.98588806 0.28797448 0.97337216 0.99549556
 0.9912163  0.9157767  0.99798054 0.9946514  0.03149555 0.9947536
 0.6364431  0.963554   0.01396069 0.03442219 0.22274621 0.9485136
 0.9677224  0.9956995  0.9046775  0.9999168  0.0256592  0.17014769
 0.00692166 0.03289054 0.02675522]
[0.9990773  0.99220604 0.998919   0.99986684 0.9998394  0.99684036
 0.9999261  0.9983045  0.99856746 0.98108643 0.01642361 0.99713564
 0.99926525 0.9832781  0.9962012  0.7486322  0.9976538  0.9895331
 0.02520783 0.5096368  0.99884975 0.99808806 0.9788897  0.9798232
 0.78982234 0.94648176 0.9729169  0.95861083 0.96668273 0.99929786
 0.9821164  0.9986939  0.99360174 0.99993086 0.9728459  0.9312319
 0.01276144 0.9882664  0.40299112]
[0.997661   0.9832175  0.99958843 0.9997646  0.999843   0.9790729
 0.9999552  0.9988738  0.99843377 0.9730699  0.9985202  0.9990446
 0.999647   0.99285614 0.04258417 0.99603325 0.99479324 0.65967417
 0.95885015 0.9944596  0.99808794 0.99894017 0.99771047 0.9984659
 0.99718887 0.14202419 0.9956867  0.18580037 0.21164651 0.9992812
 0.01713206 0.9662573  0.9967338  0.99996066 0.7758849  0.9055685
 0.99590105 0.9974942  0.9970362 ]
[0.998621   0.99629056 0.9993299  0.99984777 0.99954504 0.97535104
 0.99996185 0.9970168  0.99377114 0.99454826 0.99555534 0.9974348
 0.99534047 0.9999242  0.9823622  0.99789363 0.99930525 0.9951137
 0.03036579 0.98709667 0.9985844  0.9973009  0.9990988  0.9968189
 0.30053225 0.85386795 0.9976344  0.27966487 0.99935037 0.94549465
 0.9965797  0.98818946 0.9777892  0.9999145  0.9980299  0.02516559
 0.9961837  0.9974166  0.9758424 ]
[0.9986822  0.98125046 0.99583095 0.9997682  0.9997794  0.99521047
 0.9997608  0.992401   0.99469143 0.97103596 0.02834741 0.9991654
 0.01511806 0.9994855  0.9764455  0.97766817 0.00897486 0.99726593
 0.9945707  0.9320898  0.9984561  0.9980111  0.41188678 0.01388153
 0.05004748 0.05321124 0.9999156  0.07279152 0.21015354 0.91059947
 0.03514872 0.9973573  0.08470788 0.9944776  0.9998518  0.06369686
 0.03779249 0.08050507 0.9550678 ]
[0.99908805 0.99421257 0.99936885 0.99966943 0.9998683  0.9968765
 0.9999324  0.9985121  0.99915564 0.9921619  0.9984505  0.9985279
 0.61948955 0.9998666  0.98353416 0.9852483  0.9954301  0.99803215
 0.94199187 0.98233277 0.99717283 0.9986773  0.97396517 0.99925774
 0.99927634 0.11840824 0.98631465 0.8324888  0.99396545 0.99592507
 0.99952877 0.9784495  0.99282104 0.99991393 0.9889375  0.01420092
 0.6009258  0.48587695 0.99598396]
[0.9982168  0.97363347 0.99960655 0.99976045 0.9998646  0.9856609
 0.99993384 0.99651116 0.99207896 0.9720462  0.9688885  0.9991667
 0.99973696 0.989305   0.9982237  0.02392846 0.99905974 0.97594166
 0.98850226 0.99082804 0.99718755 0.9943878  0.02058439 0.9960367
 0.99871016 0.9805542  0.99725574 0.99637455 0.96064734 0.99964035
 0.00631452 0.01195114 0.0653967  0.9999517  0.99359703 0.9990883
 0.00418009 0.9751415  0.1287519 ]
[0.9986462  0.98526275 0.9994209  0.9997335  0.99975985 0.9915353
 0.9999604  0.99763274 0.9731433  0.993107   0.95350695 0.9995202
 0.99968636 0.99240595 0.65178376 0.997712   0.9981299  0.97082806
 0.988485   0.9872959  0.9980184  0.9969891  0.13930215 0.9776119
 0.9954724  0.0485847  0.96413845 0.98621166 0.11372526 0.9984377
 0.97185856 0.33910853 0.0551177  0.9999269  0.6588349  0.346428
 0.0159146  0.72069407 0.3176217 ]
[0.99760336 0.9927993  0.9994136  0.999846   0.9997968  0.95822924
 0.9999509  0.9974847  0.9878435  0.9907526  0.99501824 0.99908054
 0.9997321  0.99158067 0.86873394 0.9944313  0.9980167  0.9259264
 0.94973385 0.9793641  0.9986179  0.998711   0.99510515 0.01032103
 0.99964    0.07227688 0.9715408  0.7326594  0.03573911 0.06531703
 0.9975974  0.9959971  0.9818308  0.9999541  0.94184166 0.99691737
 0.3525442  0.97523755 0.04456271]
[0.99836534 0.99344134 0.9949167  0.9997451  0.99985087 0.9981377
 0.9999368  0.99933666 0.9992865  0.995014   0.98859763 0.9986304
 0.9996302  0.9931028  0.70105267 0.9988887  0.98764604 0.9991622
 0.99690163 0.93706703 0.9992587  0.9970176  0.9818672  0.32149586
 0.78819823 0.99161166 0.96571    0.99240994 0.99646544 0.9985713
 0.25952366 0.00648186 0.8603549  0.99990225 0.99794835 0.04536987
 0.99558973 0.03463839 0.9687375 ]
[0.99900657 0.9931518  0.9994475  0.999691   0.9998416  0.9906159
 0.99995196 0.9989737  0.99889696 0.9955391  0.9315801  0.99597234
 0.9846016  0.9972264  0.99244434 0.9964832  0.99743253 0.99391973
 0.73971266 0.9036789  0.99767977 0.99826294 0.99170715 0.99449426
 0.9979899  0.9691113  0.99547845 0.9974241  0.98882574 0.99382037
 0.9997253  0.63095677 0.9856064  0.99992096 0.9770099  0.9953117
 0.98278934 0.03047303 0.74297357]
[0.99844366 0.9944883  0.9997112  0.9998486  0.9997979  0.9944325
 0.9999305  0.9983193  0.9980665  0.99279046 0.9756664  0.99911064
 0.9996381  0.9878847  0.45200944 0.9654245  0.9966865  0.67511797
 0.9961712  0.06299726 0.9993094  0.9983525  0.99385154 0.99865144
 0.01940922 0.99690825 0.88293034 0.9914231  0.05930439 0.616198
 0.8204225  0.9921504  0.03491826 0.99988794 0.99480104 0.00587283
 0.13900436 0.9933702  0.04479793]
[0.99864095 0.98832685 0.9995596  0.9998047  0.9998154  0.9947084
 0.9999646  0.9993481  0.999481   0.9797452  0.01748337 0.999448
 0.9982529  0.9861843  0.2671398  0.9856947  0.9993444  0.4785616
 0.9756531  0.9574113  0.99829894 0.9976382  0.9891517  0.04781475
 0.98987705 0.26626754 0.99448425 0.9772929  0.9985927  0.9897653
 0.4893158  0.9999013  0.05422422 0.99869233 0.8938008  0.95095974
 0.99872404 0.9964993  0.9932007 ]
[0.9982889  0.98978674 0.9961146  0.9998223  0.99974936 0.9965676
 0.9997923  0.9983646  0.9989479  0.9931224  0.09328915 0.99924856
 0.09882575 0.98309636 0.01690178 0.99986374 0.9977488  0.01056445
 0.9530393  0.9921365  0.9985879  0.99668735 0.91561615 0.01518237
 0.00532655 0.09916908 0.99992204 0.9942456  0.99539125 0.9075419
 0.9852822  0.9890988  0.9517475  0.9772635  0.9998379  0.995675
 0.03494146 0.9873186  0.9985991 ]
[0.999006   0.9774204  0.99937123 0.9997298  0.9997303  0.9903197
 0.99994993 0.9989511  0.99378586 0.9880855  0.9967816  0.9981027
 0.99981433 0.98998    0.04481452 0.04507308 0.99447423 0.99294114
 0.9707847  0.99063605 0.9957562  0.99841046 0.29509756 0.9857963
 0.99915504 0.22714426 0.21196637 0.9471969  0.9966993  0.9925569
 0.01697118 0.97990215 0.06261893 0.9998833  0.21516477 0.0277033
 0.99336034 0.8788312  0.03892791]
[0.9981862  0.9934191  0.9973029  0.99973005 0.999881   0.9974584
 0.99995077 0.9972203  0.9875795  0.9739813  0.98931855 0.9992174
 0.9984931  0.9538875  0.9981035  0.94885254 0.9956251  0.9992674
 0.98695    0.9858474  0.9961957  0.9976526  0.0947572  0.97849315
 0.03186206 0.13013229 0.99608374 0.49015564 0.04842483 0.9985808
 0.9965581  0.9984445  0.99690896 0.99992526 0.99742484 0.99884474
 0.05301692 0.5190658  0.99590814]
[0.99748456 0.99204975 0.99936885 0.9997969  0.9996177  0.9909333
 0.99994445 0.9975484  0.994823   0.9909883  0.9997422  0.99931765
 0.9320159  0.999759   0.97304946 0.95353675 0.11032145 0.99246407
 0.94602203 0.99292314 0.99818194 0.99731606 0.06270771 0.98201686
 0.9994947  0.9942351  0.99915016 0.23344515 0.9981139  0.12233299
 0.9105762  0.20527731 0.19697209 0.9997465  0.98974365 0.44230613
 0.98453367 0.9929512  0.05922359]
[0.9983736  0.99183226 0.99929965 0.9997564  0.99981695 0.98779
 0.9999614  0.9988462  0.9994796  0.97631276 0.14781027 0.99933237
 0.99974626 0.9773949  0.27633777 0.13357301 0.99803287 0.7746858
 0.9787956  0.97251475 0.99849796 0.99879116 0.99800426 0.04740947
 0.9289332  0.9924452  0.99696004 0.9659615  0.51398355 0.15362775
 0.00981163 0.8778297  0.9999186  0.9962171  0.20911737 0.9886003
 0.99839634 0.99386203 0.9917109 ]
[0.9989484  0.9955232  0.99918705 0.99975544 0.9996978  0.99016446
 0.9999552  0.99891233 0.99255943 0.9980179  0.9972711  0.99902344
 0.99963427 0.97937757 0.88371146 0.04750369 0.9896416  0.99784863
 0.29979852 0.9541465  0.28858414 0.99508506 0.9941703  0.9997075
 0.9985189  0.97925574 0.99054974 0.96518797 0.99874914 0.99233764
 0.9910272  0.4395864  0.9999038  0.99803704 0.99778134 0.3829044
 0.9953076  0.9992663  0.11363387]
[0.99698836 0.99523515 0.9991405  0.99975616 0.99965537 0.9833523
 0.999881   0.99695075 0.9824034  0.9960393  0.9941625  0.999143
 0.9989579  0.99022067 0.9982449  0.99560404 0.98971725 0.9843604
 0.9959521  0.20074864 0.9959258  0.9982266  0.99841917 0.95041305
 0.96530735 0.9978223  0.99982005 0.91995573 0.9953994  0.99957246
 0.98973596 0.97095764 0.9999368  0.9992859  0.9902202  0.9963356
 0.5894611  0.9958352  0.02535301]
[0.9992874  0.99569476 0.9987521  0.9996693  0.9998332  0.9976356
 0.99994016 0.9987167  0.9975217  0.99736315 0.09740176 0.9987601
 0.99973077 0.99334234 0.9976972  0.93718237 0.9986357  0.99959475
 0.9980354  0.988255   0.99880135 0.9977895  0.12025803 0.98474556
 0.9990558  0.802158   0.03262166 0.19069175 0.9410926  0.9810199
 0.9971522  0.98026145 0.03488564 0.99993587 0.9612566  0.7875929
 0.01109581 0.08164416 0.9881445 ]
[0.99915874 0.94694114 0.9968341  0.99985635 0.9997167  0.9937093
 0.9998764  0.9982158  0.9987056  0.9599926  0.01504827 0.9995382
 0.9994035  0.96929485 0.23038447 0.9946405  0.9982918  0.9924704
 0.02628204 0.63045716 0.9980459  0.9984328  0.1790305  0.02250802
 0.80026513 0.1208737  0.9998939  0.14124432 0.2234535  0.09288838
 0.01464729 0.04896697 0.9969054  0.15653941 0.99984205 0.03225363
 0.00981689 0.02171    0.6177941 ]
[0.99889296 0.9904737  0.99947685 0.9998404  0.9998399  0.992642
 0.9999547  0.9989617  0.9989716  0.9864259  0.20827663 0.99898773
 0.9552887  0.9994185  0.9892135  0.41407517 0.04148186 0.9993345
 0.9514363  0.99563885 0.99829835 0.9981438  0.9982298  0.06321102
 0.08203785 0.96317965 0.9982621  0.84906054 0.95502484 0.98889005
 0.09169438 0.01388583 0.8391224  0.9999155  0.98992026 0.29992953
 0.75024235 0.99906    0.98992455]
[0.9678515  0.99326056 0.9955134  0.9998118  0.99955946 0.98634607
 0.9998431  0.99863344 0.9990447  0.99045724 0.9986553  0.9984403
 0.9996662  0.9885393  0.01238803 0.9978254  0.9920995  0.9960324
 0.47648987 0.9974463  0.19288088 0.99301827 0.99791235 0.9890826
 0.10025726 0.00968787 0.99978083 0.09658588 0.99712855 0.9987356
 0.02213721 0.02606596 0.9921146  0.05437517 0.999892   0.45298454
 0.987946   0.99537116 0.9989649 ]
[0.9975368  0.98982555 0.99925417 0.9998109  0.99976724 0.99702245
 0.9999443  0.99937385 0.9995933  0.991966   0.9967637  0.99914503
 0.9997758  0.98719364 0.00477486 0.9995814  0.99848914 0.9952077
 0.7857938  0.98080057 0.99695325 0.99892443 0.61194175 0.03801213
 0.9962394  0.99725586 0.9974946  0.98893994 0.9127261  0.9144663
 0.9825005  0.9710035  0.9999603  0.41988593 0.02268463 0.99920255
 0.99723476 0.99682593 0.9908495 ]
[0.9990395  0.99658054 0.9992673  0.9996309  0.9998872  0.9663272
 0.9999299  0.99884146 0.9962974  0.9853424  0.0053222  0.99904794
 0.99983263 0.9866348  0.98731226 0.01691759 0.98557764 0.9804883
 0.70340794 0.91879267 0.9985393  0.9978775  0.9962083  0.9993013
 0.98597646 0.57211715 0.98004544 0.99839395 0.03026321 0.53514594
 0.8352551  0.99607193 0.03255    0.99989474 0.8091089  0.9873732
 0.99700004 0.06384449 0.10825685]
[0.9982482  0.9495012  0.9972308  0.99983203 0.99973434 0.99569136
 0.99980205 0.998544   0.9989993  0.97808814 0.01616192 0.99893445
 0.83393556 0.9996182  0.98648953 0.03882905 0.9914118  0.99472564
 0.99525416 0.9248585  0.99858654 0.99750465 0.09784145 0.00969872
 0.02267957 0.07159539 0.9999076  0.09077926 0.9174331  0.04255226
 0.99650466 0.09705655 0.02087499 0.02516509 0.99991786 0.9893344
 0.05672357 0.38413823 0.18924932]
[0.9994566  0.99520665 0.99912983 0.9996854  0.99984884 0.9947352
 0.99995804 0.9991171  0.9991584  0.98386604 0.41813567 0.99949276
 0.9997663  0.98502153 0.29506114 0.02994629 0.99786276 0.9932672
 0.9805998  0.9926367  0.9991665  0.9990023  0.99818605 0.05240773
 0.11108856 0.95588624 0.99854714 0.73009336 0.8463797  0.9933293
 0.8343344  0.0082735  0.42705703 0.9999527  0.99114895 0.18875624
 0.88458717 0.99908185 0.98573434]
[0.98823696 0.995993   0.99372536 0.99943215 0.99959236 0.9888043
 0.9998404  0.99839336 0.99859005 0.9951905  0.02061551 0.9993499
 0.99903476 0.964467   0.18827948 0.9981673  0.99383575 0.9968567
 0.9990558  0.03987413 0.9938158  0.9926933  0.1837541  0.976713
 0.99307245 0.98365885 0.9997712  0.12371168 0.9978567  0.03703444
 0.02626313 0.999383   0.9969944  0.9800829  0.99982303 0.9328888
 0.30639914 0.11215849 0.06916201]
[0.99894243 0.981558   0.9984419  0.9997013  0.99988127 0.9979382
 0.9999436  0.999608   0.9996232  0.9652115  0.01843684 0.99951077
 0.9997075  0.98491156 0.40973184 0.9992681  0.9977386  0.05895715
 0.94808054 0.99569476 0.01851475 0.9982237  0.06267349 0.6830272
 0.99811065 0.98412746 0.9803042  0.9829846  0.03109507 0.05383473
 0.9892643  0.01735748 0.86585414 0.99994016 0.9176267  0.01487103
 0.9956999  0.99633336 0.99730647]
[0.998247   0.9865763  0.9993032  0.99982774 0.9997844  0.9974988
 0.99994457 0.9993782  0.99856865 0.99338394 0.9991887  0.99909973
 0.99983287 0.9939131  0.9974517  0.99733955 0.99278146 0.9993024
 0.8552264  0.968139   0.99469346 0.998312   0.9976673  0.9441963
 0.9927174  0.9378587  0.9949291  0.95030284 0.3409704  0.9501107
 0.724422   0.99596584 0.99994564 0.99711263 0.9731706  0.97219443
 0.99846727 0.94502354 0.9967313 ]
[0.99928683 0.9818147  0.9912247  0.99976677 0.9997614  0.9929628
 0.99985766 0.9979917  0.99757344 0.9842673  0.06531852 0.9995365
 0.8977146  0.9996711  0.97967774 0.13528739 0.03161137 0.9989405
 0.9565911  0.9931384  0.99821043 0.9981481  0.9670998  0.04155408
 0.1021935  0.5762102  0.9998528  0.9948695  0.30068657 0.409574
 0.9886994  0.03939598 0.00752359 0.20408987 0.99982697 0.9946032
 0.9576803  0.9509953  0.9976745 ]
[0.9993679  0.9900463  0.9989139  0.9998     0.9995797  0.99775594
 0.99982315 0.9973335  0.987386   0.96830696 0.9894093  0.99924856
 0.9997155  0.97726715 0.289181   0.98607314 0.9963503  0.99857306
 0.32164964 0.2764385  0.9941245  0.9962036  0.9935208  0.99066025
 0.42877355 0.00988324 0.9998385  0.9988476  0.99029374 0.28696954
 0.06591503 0.9962482  0.02728952 0.14845762 0.9998292  0.01150029
 0.99646145 0.03090495 0.9831268 ]
[0.9958205  0.9956741  0.9994615  0.99969125 0.99987304 0.9947984
 0.99994063 0.9985247  0.9990396  0.97753406 0.9980026  0.9993861
 0.9991585  0.9894537  0.98427355 0.8372626  0.99762017 0.9224405
 0.9837335  0.99728584 0.998059   0.99800044 0.03699902 0.01606542
 0.9990859  0.96780574 0.0832277  0.4029006  0.99669516 0.99533635
 0.99877936 0.09104855 0.9948178  0.99994695 0.03442695 0.0201481
 0.99666864 0.22040775 0.99767286]
[0.99854136 0.9643088  0.9996165  0.9998776  0.99987316 0.99697924
 0.99993646 0.998214   0.99431026 0.99046916 0.90740687 0.99931955
 0.9793554  0.9998149  0.9809816  0.14727302 0.9960031  0.9978671
 0.9748728  0.1859918  0.9957503  0.03074061 0.97844005 0.9816097
 0.89861494 0.99510574 0.05956681 0.99568367 0.99756634 0.9871695
 0.03954416 0.99748176 0.0767362  0.0705959  0.9999012  0.07613666
 0.16669641 0.99824214 0.9989548 ]
[0.997834   0.9869304  0.9967849  0.9996947  0.9997136  0.9960194
 0.99981004 0.99648714 0.99574524 0.95734674 0.01368639 0.99955016
 0.9989943  0.9763514  0.05047055 0.9989536  0.9988599  0.52956736
 0.01420256 0.00986572 0.99884343 0.99662447 0.99734795 0.1984936
 0.08886812 0.9516653  0.9998994  0.01606737 0.9786905  0.99291575
 0.99811053 0.03589415 0.9927617  0.99852604 0.99985385 0.28120697
 0.9632338  0.06940283 0.9932539 ]
[0.9977982  0.99386746 0.99965084 0.9997186  0.9998258  0.9962179
 0.99992955 0.99809104 0.97288245 0.9928525  0.01193352 0.9993278
 0.8867423  0.99965155 0.9918074  0.9484033  0.0560596  0.99763346
 0.9941881  0.96871156 0.99889684 0.99868816 0.99435717 0.03541392
 0.99724424 0.88646287 0.01200896 0.9344737  0.01691227 0.60980344
 0.9962774  0.99732375 0.9998951  0.99723    0.3655246  0.9222126
 0.1867547  0.05083827 0.971185  ]
[0.99754095 0.99635243 0.99905986 0.99983966 0.9997272  0.9946374
 0.9999335  0.99886465 0.9974692  0.9809722  0.99817824 0.9984341
 0.9997838  0.9903556  0.17360526 0.99034435 0.99846137 0.6504505
 0.96356845 0.9883612  0.9985617  0.99819404 0.69675356 0.9994167
 0.9978052  0.98738    0.9856558  0.9988059  0.9953607  0.9949587
 0.9917208  0.99217767 0.99815136 0.99993694 0.9918378  0.97257644
 0.9969201  0.9919191  0.9473766 ]
[0.9988883  0.9982008  0.99891984 0.9996731  0.99972516 0.9966078
 0.9999454  0.9989279  0.9733762  0.78806615 0.96241254 0.9994474
 0.99988043 0.9280653  0.5787927  0.02967404 0.99728775 0.9851732
 0.99332076 0.9701148  0.01630461 0.9987614  0.2911333  0.99930537
 0.99841094 0.9878462  0.2637631  0.9978757  0.05000283 0.99000424
 0.9928774  0.93360376 0.04087973 0.99989665 0.9870703  0.9997054
 0.9967333  0.9959766  0.6567725  0.9816305  0.9860556  0.9998254
 0.9969247  0.9994531  0.99070203 0.05160122 0.98134184 0.01612693
 0.09007359]
[0.9984635  0.9839686  0.9911719  0.999798   0.99878603 0.9705518
 0.9998066  0.9985903  0.9687149  0.99763143 0.9992975  0.51946694
 0.999634   0.4355311  0.1159628  0.9884476  0.85364145 0.99170953
 0.5581523  0.995439   0.9949181  0.9987185  0.28161395 0.11914559
 0.0143027  0.05771626 0.08899266 0.9925961  0.91058946 0.25761563
 0.9993161  0.31961846 0.03057998 0.99978095 0.02899487 0.9987956
 0.98915035 0.08033065 0.15066405 0.86892223 0.99658173 0.99933606
 0.12221684 0.881494   0.9652646  0.9754499  0.01729464 0.01142807
 0.99988556]
[0.99947304 0.97184235 0.9962896  0.9997631  0.99930596 0.9939871
 0.9997812  0.9992724  0.9972241  0.979565   0.99065804 0.99920017
 0.99973136 0.9749018  0.1593103  0.02193302 0.99836165 0.4988347
 0.24840568 0.6575263  0.9981279  0.998259   0.09713604 0.0181006
 0.99919015 0.51046973 0.9998467  0.99680495 0.27239394 0.04287224
 0.98829925 0.02663637 0.01730244 0.3271993  0.99966836 0.99040586
 0.15172045 0.5423955  0.99826825 0.994839   0.99464357 0.9961457
 0.99299204 0.9945622  0.99967194 0.1439672  0.9880697  0.07718602
 0.28810474]
[0.99966514 0.92578137 0.99330527 0.9997193  0.9995049  0.9989372
 0.9999039  0.9994636  0.95194566 0.99526227 0.9872809  0.9992781
 0.9997938  0.9694901  0.99569833 0.99977857 0.9989403  0.99897575
 0.99188507 0.9901335  0.9997991  0.99405354 0.9865502  0.99925274
 0.9996252  0.9932708  0.9935191  0.6723395  0.48966432 0.88931286
 0.9901661  0.99123865 0.9973187  0.99991906 0.83463645 0.9960089
 0.9884134  0.98358214 0.00915804 0.9888924  0.9729478  0.9998474
 0.99893445 0.999546   0.9992323  0.9932893  0.99924016 0.9993438
 0.9102725 ]
[0.9991099  0.99907947 0.9857802  0.9996855  0.99886453 0.9841271
 0.9997347  0.9993037  0.98285    0.03869521 0.96270657 0.99857914
 0.9971808  0.8842003  0.88050693 0.06684426 0.61654246 0.9933709
 0.99917847 0.99303657 0.99610424 0.9926109  0.99299216 0.9111606
 0.98893344 0.9990565  0.99339396 0.02502113 0.99929416 0.9904421
 0.999113   0.9864335  0.15547654 0.99982315 0.97865206 0.9964964
 0.99976164 0.9998017  0.98392177 0.9975938  0.99542314 0.99965274
 0.9933002  0.9969723  0.997291   0.99966145 0.11275753 0.9986394
 0.99789596]
[0.9537953  0.99401855 0.9937541  0.9997991  0.99963987 0.99228823
 0.9997906  0.9964831  0.9423808  0.98756033 0.99949384 0.99855465
 0.9960747  0.79182065 0.99868184 0.97104824 0.9976968  0.05590804
 0.02283976 0.00389983 0.98477906 0.98168874 0.03209687 0.99342066
 0.01414741 0.9942959  0.928446   0.00299901 0.9990042  0.9984114
 0.9964774  0.98687035 0.99962544 0.9998548  0.93339443 0.99977034
 0.97859144 0.9990409  0.8494454  0.9954437  0.9942542  0.99779165
 0.9984409  0.99961334 0.9983354  0.9715598  0.9993599  0.99933976
 0.98028666]
[0.99734586 0.98489517 0.99556243 0.9998253  0.999401   0.9801963
 0.9999058  0.9990038  0.95715207 0.99907863 0.99914455 0.9990953
 0.9968491  0.9998123  0.7727617  0.02031951 0.06964649 0.9960114
 0.3236875  0.9946136  0.9988673  0.99801093 0.9639953  0.990776
 0.99352384 0.9973948  0.9976428  0.992968   0.12050736 0.01042459
 0.05119186 0.9902784  0.99985707 0.767605   0.9971173  0.99949
 0.9979461  0.02713495 0.4510596  0.99697256 0.9996642  0.99893993
 0.99063116 0.9814648  0.99990606 0.9343629  0.98819774 0.9962852
 0.73472595]
[0.9992889  0.98310167 0.9973832  0.9998869  0.9996302  0.99602544
 0.99996364 0.9994099  0.99781466 0.97304374 0.99566513 0.9994168
 0.99959916 0.97555274 0.2670448  0.01907966 0.9976808  0.9995938
 0.97273886 0.4319602  0.9986833  0.99877316 0.19540684 0.02306253
 0.9982407  0.51768386 0.9977011  0.19043353 0.03933406 0.9973793
 0.0455674  0.01293452 0.20087427 0.99987257 0.9427771  0.10187405
 0.13905784 0.99909055 0.9094202  0.9941202  0.99528414 0.98435193
 0.91813946 0.999757   0.9721609  0.9918479  0.9979663  0.11778077
 0.33146837]
[0.99714214 0.9936433  0.99938273 0.9998441  0.99969065 0.99712986
 0.9999201  0.9988844  0.98513585 0.15036133 0.98285186 0.99910104
 0.99957174 0.9681981  0.09316229 0.98588794 0.9983393  0.9936551
 0.03092135 0.99920624 0.9991875  0.99658954 0.04500818 0.98787063
 0.99961996 0.99957186 0.01715307 0.99728453 0.9666071  0.99761754
 0.96955264 0.01260134 0.9993799  0.9992367  0.6633855  0.07852586
 0.96057177 0.9923253  0.9947654  0.99875724 0.46782118 0.99767977
 0.9899884  0.09889883 0.97336936 0.9500555  0.9984073  0.99643457
 0.99928856]
[0.99733233 0.9903268  0.9962817  0.99983597 0.9993394  0.9575546
 0.9998523  0.9995316  0.9915099  0.05241706 0.9731847  0.99561924
 0.9996505  0.98843426 0.9868765  0.9950119  0.98840255 0.837214
 0.9975051  0.9875245  0.01344143 0.9954228  0.96241575 0.99695563
 0.9988049  0.01520898 0.85691524 0.9995969  0.999246   0.990624
 0.99959785 0.99964654 0.7227058  0.9992694  0.06768484 0.0155077
 0.9807953  0.03549665 0.9970892  0.9745916  0.9871     0.9954947
 0.9925938  0.990339   0.9652484  0.9994516  0.0108855  0.9895364
 0.999918  ]
[0.99894005 0.9691086  0.9988152  0.99979335 0.9993641  0.9823721
 0.9999193  0.999572   0.99275255 0.9978703  0.9968045  0.99284333
 0.99297416 0.99839395 0.99742043 0.9978356  0.9885182  0.8490165
 0.7889496  0.99193704 0.9984097  0.998524   0.9998274  0.99762017
 0.11212466 0.01993302 0.99374926 0.91953015 0.02483679 0.03484867
 0.999141   0.99165255 0.9997613  0.9993381  0.99932325 0.98212427
 0.9847089  0.9886596  0.997813   0.9771755  0.9997694  0.99640524
 0.87766457 0.99222916 0.998833   0.99901974 0.99878985 0.7880322
 0.9997241 ]
[0.99206734 0.9975351  0.97742873 0.99959594 0.99885297 0.9876231
 0.9997583  0.99759513 0.9535415  0.99715614 0.99533194 0.9996151
 0.99797994 0.83391947 0.9974137  0.9974916  0.98982376 0.21108931
 0.99902844 0.8854401  0.23996131 0.9978701  0.99935406 0.99003905
 0.9967386  0.9994405  0.99986446 0.2070124  0.999653   0.9976307
 0.07607327 0.99948823 0.93514806 0.18948281 0.99928457 0.9978555
 0.9922247  0.18041776 0.9530105  0.983362   0.9852963  0.9987457
 0.9989021  0.9937442  0.00506901 0.99844044 0.9878219  0.99950445
 0.9976127 ]
[0.99465805 0.9825581  0.99526525 0.9998584  0.999571   0.9936447
 0.9997739  0.9974159  0.92758256 0.9892512  0.993983   0.9994968
 0.9995334  0.9299903  0.12421976 0.2245537  0.9976547  0.01030697
 0.9813587  0.02727295 0.9885411  0.99793065 0.99475056 0.02919518
 0.03929681 0.07086761 0.99988353 0.9645485  0.11917026 0.01602343
 0.92399156 0.99438465 0.06684552 0.99982053 0.14010498 0.04486376
 0.06161948 0.08404165 0.99704915 0.99325514 0.9927884  0.9993143
 0.64256346 0.9831346  0.98587245 0.07735018 0.960313   0.99840266
 0.16896835]
[0.9971378  0.96004605 0.9938432  0.9996636  0.9996885  0.99443734
 0.99967134 0.9983531  0.94988054 0.99660873 0.9971929  0.0470812
 0.99810386 0.9490655  0.99970275 0.99667263 0.9917665  0.99871993
 0.00966663 0.05608522 0.8792437  0.9985398  0.99670357 0.98605204
 0.99102926 0.986384   0.99954164 0.9985998  0.9964508  0.96184975
 0.2653501  0.994772   0.04396925 0.9993467  0.9724415  0.01944441
 0.9985623  0.9972952  0.35214448 0.9961534  0.99190485 0.9851193
 0.23432212 0.99671644 0.99986637 0.9694755  0.99971443 0.99768543
 0.69375616]
[0.9981351  0.9991103  0.98200375 0.9996113  0.9997267  0.99702483
 0.9997003  0.9963362  0.9965797  0.24335115 0.9992694  0.9989888
 0.99967754 0.9385501  0.0192041  0.9763163  0.99490744 0.9450167
 0.64296395 0.9985759  0.99357057 0.99766374 0.9859633  0.9900029
 0.01322387 0.17108369 0.1139418  0.9895427  0.06917597 0.00897401
 0.0110549  0.9995296  0.9998908  0.95986396 0.99898225 0.0106869
 0.4791542  0.9986677  0.99673456 0.99712604 0.9921893  0.9917316
 0.9997161  0.01740241 0.9984139  0.9591503  0.97210747 0.31870362
 0.99969983]
[0.9993401  0.9877352  0.9383815  0.99971825 0.9996056  0.98029375
 0.999754   0.99614584 0.93931437 0.3421016  0.99936265 0.23292506
 0.9981974  0.03185672 0.89733684 0.9639625  0.6538062  0.8468958
 0.99458474 0.04710858 0.99967694 0.03539235 0.995223   0.999744
 0.9682027  0.9954135  0.9829305  0.9569083  0.9964059  0.03712118
 0.9906536  0.99595165 0.01122625 0.99942124 0.9989077  0.9768439
 0.10704534 0.9917173  0.23792483 0.0114673  0.11150343 0.02475236
 0.99668044 0.99857724 0.9992899  0.06594659 0.9998098  0.95652115
 0.9943473 ]
[0.9992312  0.9920476  0.99847907 0.9998901  0.99957436 0.9840814
 0.99995494 0.998835   0.97818553 0.45325127 0.9955943  0.9996377
 0.9997392  0.93596417 0.99784565 0.9925867  0.99877626 0.23687907
 0.01511106 0.9972466  0.02336972 0.9948843  0.00635958 0.95177513
 0.92782503 0.9879995  0.00574618 0.2142843  0.993662   0.977715
 0.99879634 0.18452525 0.9970065  0.9998299  0.99966776 0.97933644
 0.9915279  0.9979518  0.01492057 0.9992538  0.9922955  0.99911505
 0.99921227 0.99972874 0.8170227  0.97486794 0.9990657  0.99645364
 0.95564777]
[0.9984598  0.9838666  0.9987639  0.999765   0.9994618  0.99299777
 0.9999151  0.9992549  0.99120003 0.99646664 0.9992261  0.9976432
 0.9972378  0.99710935 0.9994029  0.99355435 0.986368   0.9991204
 0.99311125 0.22854832 0.98136383 0.9970451  0.96540684 0.9971716
 0.99345785 0.99220145 0.31315324 0.99794096 0.9963649  0.9998696
 0.88789046 0.9995158  0.9998343  0.9984465  0.02465023 0.98448586
 0.99786097 0.999263   0.97122395 0.951622   0.9998211  0.99618715
 0.9988073  0.9901142  0.98706776 0.9925208  0.9989502  0.9911596
 0.96665156]
[0.9965879  0.9667873  0.9971999  0.99961936 0.9997002  0.99596846
 0.9999199  0.999297   0.986948   0.23013976 0.9208304  0.89269996
 0.99802196 0.05440421 0.99751246 0.99717253 0.99686855 0.99973124
 0.97789097 0.99966097 0.19024633 0.99821883 0.9989579  0.99638027
 0.97888696 0.99971646 0.98416    0.88716215 0.5448761  0.98270226
 0.9941116  0.9998684  0.01073867 0.9998086  0.29287085 0.9985
 0.9840379  0.99876595 0.4718708  0.9973484  0.9926974  0.9996278
 0.9978649  0.9985072  0.9997489  0.9997485  0.9862563  0.9950989
 0.9784797 ]
[0.9991202  0.98825186 0.9931712  0.9994349  0.99957794 0.9950368
 0.9998123  0.99752146 0.991695   0.4166567  0.9992938  0.9974625
 0.19834949 0.33500963 0.08122206 0.9813539  0.9936174  0.9674732
 0.03049716 0.19011235 0.9979862  0.14658882 0.01058346 0.99952245
 0.9979631  0.985204   0.9998221  0.05767284 0.29457963 0.9988456
 0.95613986 0.01601546 0.9703654  0.9988908  0.9997931  0.9996412
 0.87700015 0.02873912 0.7939626  0.9993703  0.0657405  0.99407816
 0.9987999  0.8717703  0.9973673  0.97807604 0.9941592  0.92059964
 0.99614054]
[0.99603647 0.99196225 0.99744344 0.99980515 0.99970055 0.95616984
 0.99990594 0.99914706 0.98235345 0.99777955 0.23572697 0.999485
 0.9996443  0.94244653 0.857904   0.99703074 0.9940011  0.01570201
 0.9544759  0.99969757 0.99091864 0.99781764 0.01157091 0.96762395
 0.9992507  0.9834278  0.99525297 0.9937926  0.01851175 0.98251975
 0.99932086 0.96531105 0.9839256  0.9998616  0.12946376 0.12731193
 0.9974475  0.24683231 0.9951148  0.94592357 0.98595536 0.99626535
 0.9992487  0.9983046  0.97734994 0.9993672  0.999811   0.978732
 0.9947148 ]
[0.99887675 0.97964215 0.9995364  0.9998654  0.9995054  0.9992792
 0.99995685 0.9992816  0.97707844 0.99678    0.9976215  0.99965775
 0.9979215  0.9877922  0.14953917 0.04008041 0.99157566 0.9953004
 0.09745464 0.9924582  0.92308086 0.99916697 0.9983134  0.98820424
 0.01652833 0.02763768 0.9694439  0.99921525 0.99870026 0.03572836
 0.00937552 0.9956006  0.00602541 0.99987185 0.08524435 0.1540343
 0.14739019 0.99646807 0.72220975 0.94820666 0.17174876 0.99978966
 0.99794525 0.99816906 0.982822   0.97867376 0.9964599  0.87294084
 0.22200914]
