1.9654940543830997                  1.4287431946507207                  0.7790423546193117                 
1.9741101737658073                  1.4391587525158673                  0.777731239013783                  
1.959783008612713                   1.4256322648790147                  0.7801696700342948                 
1.962269944570985                   1.4268017266247723                  0.7800131098744313                 
1.9614762647516433                  1.426680421447372                   0.7799433826854771                 
1.956526317625113                   1.4233776437150347                  0.7810785711965785                 
1.9648685362167655                  1.432832716582893                   0.7789088154365801                 
1.9677864993806224                  1.4326367200435222                  0.7785472894355027                 
1.9545814764606573                  1.4196364010895814                  0.7815087374164834                 
1.9695717069460945                  1.4302930321182694                  0.7777432108713138                 
1.9642415124746508                  1.431008157548723                   0.7791044172507936                 
1.954512020013436                   1.4183175625863138                  0.7815890338706919                 
1.9713856078226693                  1.433308771542004                   0.7776455159960012                 
1.9851779905868794                  1.4433846669392782                  0.7750458167885974                 
1.9628673438461557                  1.42753714006823                    0.779581703896544                  
1.960306180128783                   1.4269780776164196                  0.7801456930222423                 
1.9626437840236615                  1.4302481881849043                  0.779891748509209                  
1.9668043856383803                  1.4304733992338896                  0.7790851422688327                 
1.9544046108546216                  1.4196700418556298                  0.7816388842111033                 
1.9565582312570715                  1.4245870664671019                  0.7813865017722674                 
1.961937762958658                   1.4280532611621632                  0.779985540475175                  
1.9661726967269697                  1.4308748660502848                  0.7786211477542607                 
1.9546294881155382                  1.4219128011583209                  0.7817320268437987                 
1.9610848810164174                  1.4268287934579171                  0.7800547247656099                 
1.9642435653538575                  1.4294716192556693                  0.7790568282196778                 
1.9650760487556245                  1.428238221474954                   0.7788431000860361                 
1.9629686253093677                  1.4249464377268657                  0.779491692868797                  
1.963307105277568                   1.4273269286265482                  0.7795564252727519                 
1.9629617779258586                  1.423431643733272                   0.7793691249266301                 
1.9661350350468145                  1.4275021185507406                  0.778679936692302                  
1.9455632523031634                  1.4149648439180147                  0.783847557436018                  
1.9503866564535792                  1.4187674327894255                  0.7828059773173293                 
1.970951616675375                   1.4362227427470196                  0.7773668176762965                 
1.9692949884813875                  1.4328325713599648                  0.7793697550426167                 
1.9864432897194413                  1.4478158638164684                  0.7733073535359065                 
1.978744694821956                   1.440576522319286                   0.7755522170780834                 
1.9666319123258877                  1.4315074864808504                  0.7784302094210399                 
1.9535713328853446                  1.4205373113935773                  0.7817537027314793                 
1.961154042372064                   1.426442072078869                   0.7801295594645798                 
1.9565539220103567                  1.4218873123268227                  0.7810196916334496                 
1.957624758997697                   1.4233031337325637                  0.7812236336721614                 
1.957610340211626                   1.4226466704894591                  0.7808453888227879                 
1.9595186890636345                  1.425734330941965                   0.7803544617114759                 
1.966128447286056                   1.4297324930941377                  0.7788096424470388                 
1.9657744159008836                  1.4285130963788495                  0.7796651387649567                 
1.977486210186332                   1.4479096397623286                  0.7757121660860234                 
1.9630624320583985                  1.4270843304432668                  0.7795131995846224                 
1.9548529643483668                  1.4218202028665934                  0.7814744251316554                 
1.957536808992793                   1.4220153027707272                  0.780762892016607                  
1.9553740179438945                  1.4231833865096022                  0.781773311647882                  
1.9557359925135698                  1.425912167694237                   0.7815345003569908                 
1.9687041326663595                  1.4314832329392075                  0.7779480815106461                 
1.9618856949004075                  1.4255855590612203                  0.7797451105479656                 
1.960041370055382                   1.425939665065036                   0.7807098103582313                 
1.9690493837860665                  1.4317604602874816                  0.7783757192374828                 
1.9581398956441833                  1.4244707516125135                  0.7807784986048276                 
1.9600399985353254                  1.4265490236941043                  0.7803720987855362                 
1.9557812892921578                  1.4197212735692541                  0.7812069901254887                 
1.9642432543116914                  1.4284011272338775                  0.7793282850270139                 
1.9622337025162908                  1.4285240851126395                  0.7796118552586981                 
1.958951332308591                   1.425978157732699                   0.7806919814418148                 
1.951935260760382                   1.4189321492408011                  0.7821726485279071                 
1.964511851983135                   1.4300054895269263                  0.7791455833382673                 
1.959607547808726                   1.4280282830571507                  0.7804435931027067                 
1.9567072379213206                  1.4187496896978613                  0.7813993517965816                 
1.9570827643162882                  1.42260538302623                    0.7814870632790161                 
1.9635834229993459                  1.4272652342990115                  0.7793223036270189                 
1.9695617184581804                  1.4342272848457664                  0.7778555827486069                 
1.966862784557117                   1.4310975964959558                  0.7784366397784678                 
1.951229560751855                   1.4192599788442388                  0.7823534034870897                 
1.9564911558192766                  1.4233340739726543                  0.7813664182576657                 
1.960739349243206                   1.4251747102708787                  0.7799409811435443                 
1.9628946100522175                  1.429752644117888                   0.7796342127061329                 
1.9610774662758697                  1.4282924615823709                  0.7799971680441041                 
1.9652611560726014                  1.4297085507615312                  0.7788551530807527                 
1.964905973422301                   1.4287150419271506                  0.779155046450502                  
1.9922513035917213                  1.4550057934807825                  0.7762787048822937                 
1.9770733358237436                  1.443144959372443                   0.7758843621114312                 
1.9596592399195905                  1.4237011130507644                  0.7807252186186405                 
1.961913722136975                   1.425630317197309                   0.7798104575183283                 
1.9562313885485063                  1.421709196464913                   0.7813657513068689                 
1.9546124841226427                  1.4237784678274925                  0.7818342354344125                 
1.9661905950943535                  1.4323424347886093                  0.7785937753357276                 
1.951550165894571                   1.4203710095421807                  0.7827624912850978                 
1.984687788161113                   1.4457359426133745                  0.7741016041118661                 
1.9707811803654807                  1.4332757233618736                  0.7774696723950514                 
1.965854227699326                   1.4302403592729234                  0.7786943278888608                 
1.9642993033147984                  1.430096965413671                   0.779503257790673                  
1.9637633820108717                  1.4256412255036104                  0.7791851910006131                 
1.96500795820451                    1.4321667630154569                  0.7788981934724097                 
1.9659399409677085                  1.4280158351730179                  0.7787719345565356                 
1.9632866288357107                  1.4302777753577933                  0.7792870423752514                 
1.956649472644353                   1.4236481717160276                  0.7810817900148714                 
1.9565233198403755                  1.4255461201176152                  0.7812566604165967                 
1.9649853851997026                  1.428871644271148                   0.7791534716886219                 
1.9589646184555596                  1.4272713490553923                  0.7803783864427105                 
1.9542852534739386                  1.42300987792564                    0.7816863475730418                 
1.9515489136332012                  1.417006474238139                   0.7828895645914646                 
1.9545757249854                     1.4204841835482105                  0.7814958514807644                 
1.956658465404953                   1.424082954605301                   0.780968316009917