Results for dataset 3 (AIC) (Mean-field):

RMSE:                               MAE:                                Corr:                              
1.9844993822990271                  1.4644278005078748                  0.7757319505709029                 
1.9894966118703605                  1.4688774428448759                  0.7744692301058586                 
2.000287009600629                   1.471396912922253                   0.7716466002549458                 
1.9887016937223425                  1.4637910976066246                  0.7746895346680028                 
1.9871141010459301                  1.4628162302889742                  0.7752436066989356                 
1.9784968046109794                  1.4567581332839645                  0.777312311022677                  
1.9961372471883634                  1.4699774167917155                  0.772685215699471                  
1.9850195483407198                  1.4676033345548                     0.776005976023625                  
1.9945157515842518                  1.4684083749343444                  0.7731957241250532                 
1.9819157403180565                  1.4645189360694006                  0.7764499499902123                 
1.9801319115733127                  1.4582735026801552                  0.7769020477737184                 
2.003990918804156                   1.4720373666799582                  0.7706483306412083                 
1.9904127695010885                  1.4648500474484953                  0.7742177308804089                 
1.9853943355466555                  1.4658406150710952                  0.7755145762447022                 
1.99368226114683                    1.4673523714353849                  0.7734757729349977                 
1.9787664315955937                  1.4579314405137713                  0.7775236885922623                 
1.990032603002024                   1.4670815785248597                  0.7743159758210005                 
1.9952815301888698                  1.4678362919403627                  0.7729869753236028                 
1.9906926906578621                  1.4676873889174666                  0.7741880682077659                 
1.9856036414752543                  1.4639479872939345                  0.7754628488767319                 
1.9904235128157386                  1.4695749313862354                  0.7742639679312715                 
1.9944228115566438                  1.4684701749870368                  0.7732482216905993                 
1.9924477463286145                  1.468461111978487                   0.7736863321670512                 
1.9906008612134336                  1.4688927043784965                  0.774179074650223                  
1.9862795348023776                  1.4618023985976332                  0.7753277168922529                 
1.9924950295277257                  1.468263569775525                   0.7736950231586862                 
1.9905362220387055                  1.4701708699609186                  0.7742306255137296                 
1.979714404311456                   1.4605692080310635                  0.7770856130891328                 
1.9930316857241133                  1.4688302033895009                  0.7735082153014623                 
1.9975011907633125                  1.467701161707247                   0.7723983859243542                 
1.9920814014957282                  1.4703396228221324                  0.7738026916370415                 
1.992604187491964                   1.4691211308564271                  0.7737697456786083                 
1.9891792355886189                  1.4691199506963935                  0.7745214366194089                 
1.9971907764557846                  1.4713578505797669                  0.7724158472137141                 
1.9929142738728456                  1.4685821456832808                  0.7735827610910374                 
1.991757995443325                   1.4687436347728495                  0.7739615681465177                 
1.9970003684048006                  1.4704164057761222                  0.7725444518311771                 
1.9748767493908728                  1.4534063021819275                  0.7782438319659526                 
1.9926178624783384                  1.4699035144305683                  0.7736302587099776                 
2.007152091619839                   1.483647905909144                   0.7697787813008666                 
1.9902905985868176                  1.4677872440597795                  0.7742292652657076                 
2.005773754181248                   1.47888998011569                    0.7701876600251032                 
2.004930621637275                   1.4791213639147647                  0.770369207615081                  
1.988647807169569                   1.466580811205569                   0.7746548439556146                 
1.9920827509557442                  1.469231485246538                   0.7738295768031636                 
1.9903949661662859                  1.467696933416991                   0.7742841045687725                 
1.987187460178963                   1.4683388575419292                  0.7752901015220233                 
1.9710692829082073                  1.4520074802118021                  0.7792313285220429                 
1.992099619128812                   1.46692407310188                    0.7737596172011063                 
1.985102648997857                   1.4655110964903961                  0.7756086802926871                 
1.9874373405401233                  1.4644434529620487                  0.7749694036109306                 
1.9834222932321208                  1.4586220933152392                  0.7760734077422344                 
1.9896693754683972                  1.4659218637792915                  0.7744774480366877                 
1.9881255173555468                  1.4657449508691813                  0.7748541457711982                 
1.986053811399133                   1.461696267963291                   0.7753450601053214                 
1.9909846015844137                  1.4678410280932177                  0.7741553748531735                 
1.988505433960929                   1.4657256590114818                  0.7747108240274833                 
1.9906203200791046                  1.4684088564253188                  0.7741564490011225                 
1.98223766996865                    1.4604543164685682                  0.7763291736050975                 
1.9875458540913882                  1.4657155895853664                  0.774980146897092                  
1.988191587007153                   1.4660213499575168                  0.7748265772253445                 
1.9851525692755774                  1.4615516576681051                  0.7756659294433234                 
1.991773209955113                   1.4671741525928776                  0.773860990077948                  
1.9877664288169727                  1.4655624719950053                  0.7749141913957072                 
1.9734387191770353                  1.456847073198916                   0.7786063224971822                 
1.991107098130642                   1.4684664763965167                  0.7740947178942488                 
1.9843908253095137                  1.463536771568092                   0.7757843502059727                 
1.9905567251001581                  1.471104912213735                   0.7741989696803635                 
1.9711842765753391                  1.4506955288790606                  0.7792072761861855                 
1.9930108402607591                  1.4677754668024805                  0.7735340591241224                 
1.9906235120515274                  1.4647535961550158                  0.7741481971261924                 
1.9914336778435529                  1.4692287655086727                  0.7739328838699332                 
1.9932955459197172                  1.469807692834207                   0.7734659232963507                 
1.9822352658620905                  1.4602018217663388                  0.7765081030873642                 
1.9768864294528796                  1.4512842131090593                  0.7777450610589305                 
1.9629553662632822                  1.4416864775083922                  0.7813289625440503                 
1.9875129010274375                  1.4668983658990107                  0.774988437012758                  
1.9896464681113748                  1.4658048778205544                  0.7743999208393846                 
1.9812469310769676                  1.4639925650051526                  0.7765920545858638                 
1.9886450421417305                  1.462249089528371                   0.7746771564310022                 
2.002251961959126                   1.4755413627719975                  0.7711028037359534                 
1.9945155677915032                  1.4690198590447594                  0.7732504687032774                 
1.9829688762059534                  1.4631937540567912                  0.7762600893960282                 
1.986300020284721                   1.4610334803034235                  0.7752821644180481                 
1.988992053823097                   1.4674203417322658                  0.7746518115584566                 
1.9841828078603945                  1.463568036382024                   0.7758435860870929                 
1.9882107621600744                  1.467159860484951                   0.7748094631763497                 
1.9819220289889032                  1.4631509814295802                  0.7764079310555312                 
2.006424582882271                   1.4802075645945094                  0.7699859736472273                 
1.9996145676996997                  1.4772384987698421                  0.7718291415797635                 
1.9871235093677764                  1.465123970945318                   0.7750813785628577                 
1.985263423504411                   1.4646571920560048                  0.7758349926945535                 
1.9901762177127493                  1.4682944513059355                  0.774334571903748                  
1.9923694291451555                  1.4697319026943203                  0.7737298847697996                 
1.9923851296259854                  1.4709259475673642                  0.7736934247254734                 
1.9758258461952671                  1.4580425734037872                  0.7780860927111322                 
1.9798276614724908                  1.461191082382584                   0.776966282476305                  
1.995342831221707                   1.4698916240497395                  0.7729108777028169                 
1.985260407563442                   1.463749642725344                   0.7755435084743236                 
2.0023914050247624                  1.4742090002791182                  0.771077452388978                  
