Mprobs for dataset 3 (BIC)

[0.9977429  0.99852353 0.9970681  0.99907374 0.9950146  0.99847573
 0.9953296  0.999091   0.99503845 0.9961837  0.99762064 0.99769706
 0.9984213  0.9964575  0.9949098  0.99540967 0.99647176 0.99778277
 0.9979329  0.99787104 0.99559635 0.9992225  0.99874145 0.9977575
 0.9981534  0.9962501  0.9947141  0.9976169  0.998099   0.9977715
 0.9982339  0.99818784 0.996046   0.99893516 0.9975223  0.99910384
 0.99663585 0.99752    0.99855715 0.9986198  0.99876213 0.9974132
 0.9962759  0.9959032  0.9989517  0.9971336  0.998348   0.9987639
 0.9983564  0.9981583  0.99746966 0.9972076  0.9955883  0.99570614
 0.9978669  0.9982008  0.9963767  0.9725978  0.9490557  0.9818672
 0.7923832  0.7371744 ]
[0.99795914 0.9983777  0.99713147 0.9981437  0.99928015 0.99798644
 0.9979329  0.99713695 0.9975988  0.9955179  0.9967901  0.99838257
 0.99814665 0.9968726  0.9913599  0.9978707  0.99543226 0.9975095
 0.9988796  0.9982956  0.99777275 0.99872106 0.997191   0.9969035
 0.996986   0.99655247 0.9959369  0.99803954 0.9983517  0.9970348
 0.99712235 0.99773896 0.9979851  0.9981402  0.9981785  0.99903274
 0.9953915  0.99801034 0.99898356 0.99833435 0.9983442  0.99785256
 0.9968779  0.9979887  0.9991573  0.9962936  0.99733377 0.99884665
 0.99831545 0.9985732  0.99717534 0.99463034 0.99583983 0.9991128
 0.9983986  0.9973652  0.9935261  0.9980718  0.9672765  0.98765266
 0.9503579  0.9555901 ]
[0.99690044 0.9984819  0.9972427  0.9988041  0.99710256 0.9990452
 0.993105   0.9956807  0.9936702  0.9897106  0.9965455  0.9949425
 0.9972952  0.99614185 0.9883862  0.9948198  0.98640335 0.99754095
 0.99899966 0.9984067  0.9843785  0.9990804  0.99735606 0.9943487
 0.99226874 0.98207927 0.9883802  0.98897076 0.99559516 0.99767166
 0.9988643  0.99770397 0.997954   0.99909484 0.9965861  0.9987348
 0.9974446  0.9983335  0.9976655  0.9975249  0.99640924 0.9969254
 0.99620914 0.99691296 0.99886405 0.99523586 0.9981046  0.99847907
 0.99745625 0.99788207 0.9978459  0.98827296 0.99414766 0.99812967
 0.9967976  0.99573636 0.9862962  0.6830184  0.96259576 0.9684616 ]
[0.99743253 0.9973207  0.9975007  0.99903995 0.99583757 0.99729687
 0.99565387 0.9993555  0.9975441  0.9958425  0.9971307  0.9979564
 0.997799   0.9959073  0.996274   0.9975091  0.99458367 0.9966911
 0.9972191  0.99654204 0.9958054  0.9971512  0.9979354  0.994518
 0.9937401  0.9981047  0.996305   0.9980683  0.99802566 0.9990307
 0.99836916 0.9977094  0.99785763 0.9990445  0.9978592  0.99757046
 0.99522555 0.9975504  0.9984242  0.9988218  0.9987023  0.99695075
 0.99724376 0.99754494 0.99880564 0.99449205 0.9976931  0.9985468
 0.99844474 0.9985355  0.9983321  0.9966534  0.9960083  0.99613357
 0.9986499  0.9962519  0.9970366  0.93040514 0.95174325 0.93499666
 0.9840656  0.6335298 ]
[0.9963672  0.99776495 0.99751055 0.9992594  0.99568707 0.99773836
 0.995904   0.9983339  0.99683553 0.99563026 0.99698836 0.9964477
 0.9982973  0.9960879  0.99524164 0.99876034 0.99663216 0.9981521
 0.9978136  0.99589455 0.99442047 0.99930406 0.99752015 0.99648774
 0.9966846  0.9873586  0.99392337 0.99652547 0.9989507  0.99790394
 0.99827254 0.997804   0.9976615  0.99900085 0.99826413 0.9986909
 0.9962081  0.9984755  0.9980488  0.99846834 0.99779475 0.99805814
 0.9976413  0.9977404  0.99934787 0.9976755  0.99650335 0.9988393
 0.9991297  0.9985366  0.99782264 0.99805593 0.99530244 0.99868554
 0.9986766  0.9986596  0.9965655  0.90057796 0.98881733 0.73426026
 0.70895725]
[0.99756145 0.9981651  0.9978492  0.99721247 0.9962441  0.9988341
 0.9959494  0.9978586  0.997792   0.9967918  0.9969764  0.9980394
 0.99731356 0.9965486  0.99596137 0.9970649  0.9987313  0.99702245
 0.9985695  0.9981529  0.9947277  0.9982115  0.9991511  0.9973386
 0.99571973 0.99326164 0.99447495 0.9974842  0.9976915  0.99843603
 0.9989266  0.9985513  0.9972621  0.9988586  0.9985637  0.9984731
 0.9970475  0.9979863  0.9968266  0.998458   0.99855393 0.9972752
 0.99786085 0.99761474 0.9986588  0.99709713 0.99828833 0.9986733
 0.99891746 0.9978549  0.9975453  0.9976     0.9976618  0.9987871
 0.9987564  0.9981406  0.996806   0.9647008  0.87340766 0.9726423
 0.963639   0.7180089 ]
[0.9969989  0.9970772  0.9975267  0.998985   0.9954249  0.99645185
 0.99317557 0.99793065 0.99402    0.9898892  0.9955687  0.9974523
 0.99762946 0.9955065  0.99257267 0.9983975  0.9946402  0.9982222
 0.9982248  0.9962878  0.9949817  0.9991234  0.9978789  0.9975802
 0.9954401  0.9962837  0.9938591  0.99764556 0.9985661  0.9969658
 0.998395   0.9976701  0.99738425 0.99819213 0.9979128  0.9989222
 0.9974221  0.994351   0.99864525 0.9983803  0.99843293 0.9976566
 0.9971915  0.9918841  0.99919015 0.99501723 0.99629635 0.99857855
 0.9983998  0.993779   0.99852055 0.9942907  0.9959323  0.99856406
 0.99740285 0.99486864 0.99088424 0.98505473 0.71766895 0.68044204]
[0.9977196  0.99726784 0.99697495 0.9977558  0.9965622  0.99850535
 0.9945333  0.99795246 0.99635303 0.9974468  0.9971872  0.998727
 0.99708384 0.9968323  0.9916909  0.99903166 0.9961649  0.997712
 0.9971591  0.99814725 0.99712425 0.9983631  0.99758816 0.99395657
 0.9959365  0.9938     0.9960233  0.9964765  0.9978917  0.99765825
 0.9984389  0.9985033  0.9964946  0.9981065  0.99724185 0.9990182
 0.99704236 0.9982596  0.99885345 0.99885404 0.996897   0.99581003
 0.9978327  0.9972356  0.9993579  0.99524766 0.9980755  0.9970919
 0.9986481  0.997521   0.9977604  0.9903532  0.99715304 0.998497
 0.9973901  0.9970299  0.99512464 0.5787407  0.9854146  0.9489808
 0.51637846 0.9258616 ]
[0.99684626 0.9983968  0.9976247  0.9971655  0.99925846 0.99767286
 0.9978327  0.99796605 0.9974878  0.9920344  0.9975466  0.99738973
 0.9963779  0.995464   0.9948436  0.99841714 0.9940083  0.99757093
 0.9966318  0.9974771  0.99577856 0.9988741  0.9957203  0.99788684
 0.9969194  0.9849235  0.9957398  0.99599946 0.9916551  0.9953525
 0.99747133 0.99750215 0.9976555  0.99818724 0.99301034 0.9959746
 0.994292   0.99671054 0.99738294 0.99631184 0.9971727  0.9963618
 0.99439704 0.99169475 0.99879813 0.9933687  0.9951805  0.99797446
 0.99788505 0.99753344 0.9971433  0.9965515  0.9963111  0.9981469
 0.99718106 0.9961338  0.9736839  0.89374715 0.99019027 0.9325712
 0.9877741 ]
[0.9964521  0.99839056 0.99732155 0.99869835 0.99685127 0.99769956
 0.9952455  0.99759054 0.99649686 0.9973393  0.9969056  0.99869376
 0.99803716 0.9962275  0.9947733  0.9985543  0.9959215  0.99802315
 0.9982292  0.99857116 0.99679047 0.99875593 0.9975624  0.9982191
 0.99881184 0.99112064 0.9951139  0.9959798  0.9978624  0.99652267
 0.99839944 0.9988268  0.99727434 0.99875355 0.99689853 0.9985096
 0.9959811  0.99699724 0.9978562  0.9988758  0.9985825  0.9975453
 0.9978363  0.99761873 0.999005   0.9981773  0.9980811  0.9983814
 0.9989195  0.9985532  0.9974063  0.99548775 0.9951929  0.9959602
 0.99837154 0.99791926 0.9969202  0.88311017 0.9819812  0.9782835
 0.98124987]
[0.9974904  0.99866366 0.99632484 0.9986119  0.9972826  0.9979456
 0.9983979  0.99877936 0.9970017  0.9967103  0.99706906 0.99834394
 0.99673575 0.99704736 0.9937676  0.9987306  0.994399   0.9967013
 0.9975948  0.99612856 0.99133986 0.99884206 0.9978835  0.9938763
 0.99578613 0.99447    0.997157   0.9979025  0.9980767  0.9973679
 0.9978811  0.997609   0.99663794 0.9986639  0.99772924 0.99840945
 0.9970391  0.995142   0.9966049  0.99829584 0.99865746 0.9959413
 0.9974021  0.9980313  0.999062   0.9964897  0.9976368  0.9974051
 0.9980428  0.9967257  0.9984316  0.9952743  0.9965365  0.9986442
 0.9981635  0.9977391  0.99574184 0.97785646 0.9977791  0.9672677 ]
[0.99412894 0.9972038  0.9965366  0.99451643 0.99141496 0.99643034
 0.99801445 0.9983979  0.99635565 0.99484384 0.9959268  0.99869496
 0.9967709  0.9909819  0.99368685 0.9986914  0.99716455 0.9975885
 0.997577   0.9977187  0.9976545  0.99774027 0.99657637 0.9922605
 0.99736255 0.99116373 0.99000895 0.99717796 0.9976284  0.99716896
 0.9978376  0.99788994 0.9975038  0.9983034  0.99703985 0.99819237
 0.9957325  0.997804   0.997387   0.9982981  0.9968811  0.9971884
 0.99708515 0.9974981  0.99820685 0.99324495 0.9966474  0.99617034
 0.99747413 0.99744844 0.99566853 0.9907402  0.9950598  0.99481815
 0.996161   0.9970504  0.994619   0.95672    0.9645604 ]
[0.99563414 0.99826175 0.9923224  0.99767417 0.99681914 0.99838793
 0.99575704 0.99633825 0.9940439  0.9959693  0.9966118  0.99822694
 0.99661094 0.9957937  0.9883966  0.9978521  0.99329525 0.9947307
 0.99642533 0.99485296 0.99698323 0.9959559  0.99165255 0.99295264
 0.99538225 0.99036074 0.9930728  0.99836296 0.9956332  0.9971105
 0.9983259  0.9983204  0.9975604  0.9983639  0.99840134 0.99879956
 0.9964276  0.99710685 0.99698997 0.9981212  0.9980415  0.9964424
 0.9962429  0.9944193  0.99857247 0.9964127  0.9965842  0.99719316
 0.99584335 0.99809104 0.9973986  0.9927711  0.9988839  0.9989409
 0.9931043  0.98990566 0.997997  ]
[0.99668044 0.9979249  0.9968009  0.99873036 0.9965262  0.9988977
 0.99661523 0.9985324  0.9961582  0.99566925 0.9974636  0.9970974
 0.99748755 0.99733704 0.9943757  0.9974323  0.99702305 0.99750406
 0.9974623  0.99640876 0.993238   0.9991697  0.9973895  0.99652064
 0.997282   0.9923218  0.99289435 0.99722844 0.995076   0.99653375
 0.997771   0.99833894 0.99090475 0.99774843 0.99534154 0.9988808
 0.9964747  0.99672395 0.99897814 0.9979213  0.9984763  0.9953556
 0.9966691  0.9966097  0.9991473  0.99658656 0.9988104  0.99836093
 0.99886763 0.99644655 0.9982944  0.9964587  0.99417466 0.99792
 0.9985246  0.99864644 0.9967836  0.90150166 0.9338264 ]
[0.99703217 0.99734217 0.9939014  0.99468505 0.9971052  0.9974522
 0.99420303 0.9963649  0.9948631  0.9933635  0.99643385 0.9980769
 0.9965571  0.9962167  0.99077916 0.99582314 0.9946226  0.9940626
 0.99664366 0.9958916  0.993371   0.99605477 0.99062777 0.991991
 0.9962792  0.98701185 0.9950198  0.9972121  0.9949608  0.996287
 0.9965551  0.998536   0.9966049  0.99812645 0.99810505 0.9982722
 0.9961832  0.9958697  0.9956086  0.9978915  0.99820364 0.9964014
 0.99668103 0.99656796 0.99742436 0.9953589  0.9977703  0.99532205
 0.9968098  0.99815196 0.9971982  0.9724191  0.99804664 0.99857736
 0.994495   0.990703   0.9971149 ]
[0.99798846 0.9983254  0.99762434 0.9983222  0.9954144  0.99825054
 0.994693   0.99839103 0.9980855  0.99595636 0.9972011  0.9965927
 0.99780256 0.9955225  0.9936645  0.9986388  0.9981932  0.9973911
 0.99780124 0.9983553  0.99865013 0.99796534 0.99740654 0.99791247
 0.99728143 0.9883257  0.9970469  0.9963348  0.9970989  0.9986852
 0.9981231  0.998555   0.9964025  0.998874   0.9983935  0.99875104
 0.9963217  0.9981797  0.9976406  0.9980483  0.9983766  0.9985374
 0.9984043  0.998432   0.9995177  0.9956043  0.998147   0.99783534
 0.9984658  0.9988304  0.9977271  0.9924851  0.99597734 0.9978818
 0.9985911  0.99508166 0.9971693  0.83889127 0.89088464 0.983634
 0.8325015 ]
[0.99810874 0.9982932  0.9971826  0.99869233 0.9950655  0.99828845
 0.99682754 0.99837315 0.9955739  0.99582386 0.9977773  0.99868363
 0.99759465 0.99646336 0.9928798  0.9967596  0.9992386  0.9978004
 0.9975847  0.99771166 0.9986663  0.99871314 0.9977576  0.99220675
 0.9963432  0.99252254 0.99427706 0.9959408  0.9977418  0.99546623
 0.9985827  0.9975358  0.99768066 0.9986411  0.99753726 0.99889165
 0.99632627 0.99792945 0.9987644  0.9982418  0.99848384 0.9975656
 0.99752516 0.9969003  0.99868804 0.9929501  0.99745923 0.9990656
 0.99658906 0.99799746 0.9980927  0.99227095 0.9953236  0.99847
 0.998855   0.9983961  0.9947232  0.9780979  0.7091635  0.9652474
 0.9054146  0.75956917]
[0.99707043 0.9979399  0.9978332  0.9975673  0.9951249  0.99809605
 0.9952933  0.9985311  0.9958916  0.99612206 0.99760807 0.9984968
 0.9979284  0.9962012  0.9955792  0.9986142  0.9940632  0.99717593
 0.998406   0.9981602  0.99516416 0.9993476  0.9961139  0.99647397
 0.99624336 0.99769384 0.99512804 0.99819213 0.99750525 0.99841726
 0.99869835 0.99871385 0.99557424 0.9984497  0.99818975 0.9983992
 0.9968855  0.99866176 0.9990445  0.9978515  0.99764234 0.9977042
 0.99672735 0.9972345  0.99903727 0.99452126 0.99695754 0.9984598
 0.99756074 0.99863917 0.9981305  0.9943763  0.99598974 0.99595535
 0.99780077 0.9946037  0.9940408  0.9043017  0.86988866 0.9885798
 0.9043769 ]
[0.99711883 0.99784684 0.9963529  0.99737513 0.9961844  0.99804986
 0.99224174 0.9956298  0.99624217 0.99514246 0.9972139  0.9981018
 0.99628747 0.9966884  0.9927033  0.9974183  0.9960037  0.99653316
 0.9969516  0.99616134 0.99313    0.99732566 0.99263024 0.9903616
 0.9956809  0.99350315 0.99661046 0.99746776 0.9974694  0.996357
 0.9977736  0.9984635  0.9954882  0.99850947 0.99792933 0.9979978
 0.9968491  0.9967355  0.9952186  0.9985129  0.99731916 0.99498653
 0.9969427  0.99595934 0.99847084 0.9942772  0.9982338  0.99730873
 0.9961184  0.9968263  0.9975974  0.97825485 0.99841535 0.999154
 0.99813783 0.99121886 0.9963347 ]
[0.9967284  0.9985545  0.99736375 0.9982589  0.99505275 0.9991253
 0.9970585  0.99748623 0.9970921  0.9963929  0.9966402  0.9980876
 0.9979473  0.99692494 0.9972339  0.99602807 0.99745935 0.99701285
 0.9973706  0.9972209  0.9965024  0.9989135  0.9985311  0.99591225
 0.9940049  0.99801254 0.9955686  0.9981331  0.9961054  0.9979201
 0.9981743  0.9977975  0.99578434 0.99868375 0.99837434 0.9985442
 0.99747676 0.99740595 0.99823123 0.99673414 0.9983437  0.99682546
 0.99813974 0.9984843  0.99884677 0.9947508  0.99722457 0.99845815
 0.9987086  0.99814725 0.99549    0.998133   0.9970387  0.9975327
 0.99783915 0.99758804 0.99624556 0.97163063 0.9037756  0.98866594
 0.9741698  0.5867893 ]
[0.9964032  0.9973355  0.9973864  0.99523133 0.9840703  0.9969765
 0.99627763 0.9979538  0.9976477  0.995374   0.9976413  0.9919962
 0.99410003 0.99558926 0.9886559  0.99862385 0.9921382  0.99631613
 0.99825674 0.9971601  0.9867634  0.99779797 0.99549896 0.9964026
 0.99281454 0.97943497 0.99159724 0.98986864 0.99066895 0.9919831
 0.9969592  0.9917434  0.996576   0.9976877  0.993803   0.9970734
 0.9922158  0.9960693  0.99687034 0.99548376 0.9953413  0.9918938
 0.99704355 0.98922557 0.99610704 0.9930815  0.99102426 0.9952769
 0.996985   0.9986339  0.997886   0.9914381  0.9946773  0.99176425
 0.9952845  0.99442    0.992706   0.6881641  0.9414378  0.94636863
 0.68107504 0.98940945]
[0.99777776 0.99855083 0.99741495 0.99822944 0.98273957 0.9982994
 0.9971048  0.9982443  0.9973642  0.9974184  0.9973253  0.9967055
 0.9976705  0.9974899  0.9929501  0.99792695 0.9883959  0.99801946
 0.99782324 0.99791664 0.99715877 0.9990201  0.9987055  0.9987469
 0.99690396 0.99696344 0.997366   0.9972318  0.9979073  0.99290574
 0.99829584 0.9974553  0.9977859  0.99822825 0.9950228  0.99859077
 0.9962521  0.9957694  0.9980336  0.9977233  0.99821776 0.9980318
 0.9975134  0.99685824 0.99924916 0.99700886 0.9979735  0.99837685
 0.9989699  0.9979102  0.9966993  0.9934384  0.9956928  0.9972862
 0.9980653  0.9970945  0.99441105 0.9739429  0.99146116 0.72652787]
[0.99730265 0.998895   0.99638546 0.9985812  0.99298275 0.9975629
 0.994776   0.99647695 0.996498   0.994001   0.9968767  0.99680495
 0.99694    0.9960271  0.9951534  0.9990144  0.99572146 0.9974158
 0.9980014  0.9987067  0.9955303  0.9993048  0.9983652  0.9925075
 0.9962935  0.9936512  0.99551636 0.9965114  0.99826354 0.99715674
 0.9972932  0.99760276 0.99301344 0.9990038  0.9980179  0.9978219
 0.99703526 0.99797314 0.9972861  0.9987822  0.9990356  0.9970632
 0.99592113 0.9971981  0.99871194 0.9952479  0.99836665 0.9974681
 0.9989023  0.9973455  0.99831605 0.9959538  0.99602616 0.9981389
 0.99846005 0.99860966 0.99578923 0.91503596 0.990149   0.5298418 ]
[0.9970981  0.9986792  0.9971988  0.9982351  0.9971513  0.9971187
 0.9966217  0.99776053 0.9964347  0.99628854 0.99618703 0.9987581
 0.99832827 0.9959508  0.9958377  0.9981938  0.997759   0.99756527
 0.9984413  0.9982399  0.99534565 0.9989857  0.9964574  0.9951917
 0.99646264 0.9951977  0.9936727  0.998018   0.99822575 0.99691075
 0.99774456 0.99862957 0.99742764 0.9989421  0.99787056 0.99869007
 0.99858826 0.99833304 0.9967372  0.9980325  0.99796873 0.99730647
 0.9966274  0.99781704 0.99877447 0.99513066 0.9978149  0.9966047
 0.99864    0.9983525  0.99804926 0.9921422  0.99705803 0.9979134
 0.9981621  0.9948178  0.9969048  0.85176057 0.98320293 0.9926542
 0.96026003]
[0.99695194 0.9977794  0.9958372  0.99842846 0.99545753 0.9981073
 0.9950541  0.9954007  0.9975593  0.99193937 0.99696845 0.9973928
 0.99690753 0.9955384  0.9934681  0.9988594  0.99186873 0.9975132
 0.9966703  0.9974657  0.9902108  0.99887294 0.99548966 0.99828655
 0.9931458  0.9913032  0.9956268  0.994942   0.99711275 0.99687934
 0.9982797  0.9978204  0.99505377 0.99812824 0.99592245 0.99626046
 0.997497   0.99306595 0.9975327  0.9981092  0.99801624 0.99576014
 0.99743456 0.994038   0.99895716 0.99728477 0.99679106 0.9978807
 0.9986168  0.9980261  0.9974623  0.9965384  0.9967535  0.9938083
 0.99837095 0.99357927 0.99247736 0.979079   0.80236983 0.9923437
 0.96921545 0.5032148 ]
[0.99643385 0.99756646 0.9967313  0.9969799  0.9944946  0.9979321
 0.99636453 0.99835914 0.99537563 0.99637324 0.9962203  0.99736756
 0.99757165 0.99567956 0.988122   0.9985885  0.98667556 0.9967577
 0.9972097  0.99694353 0.9918355  0.9984363  0.99660814 0.9896293
 0.9873683  0.9852764  0.9960348  0.9965828  0.9962224  0.9947542
 0.9988248  0.99830854 0.9954     0.9979881  0.9975259  0.99723154
 0.9968323  0.99654645 0.99730814 0.99705887 0.995862   0.9885318
 0.9933563  0.98842174 0.9970028  0.9889761  0.99304646 0.9890189
 0.9975032  0.9966523  0.9976846  0.9948861  0.9904985  0.99462306
 0.9975938  0.9867819  0.9848488  0.5988081  0.8729228  0.94992584
 0.7677201  0.806465  ]
[0.99594146 0.997322   0.99427116 0.9962186  0.99706906 0.9975967
 0.9956209  0.99581933 0.9953322  0.9949827  0.99767095 0.99770194
 0.9962774  0.9968534  0.99428284 0.9981583  0.99456316 0.996011
 0.99675554 0.99517524 0.99394894 0.99791175 0.99298394 0.99052083
 0.9949862  0.99391997 0.9960742  0.9983302  0.99645907 0.9960503
 0.99496293 0.9986571  0.996172   0.9982566  0.99772257 0.99899954
 0.99558544 0.9959699  0.9958002  0.99821234 0.99834466 0.99619555
 0.99403906 0.9957367  0.99756396 0.9925251  0.99827456 0.9957177
 0.9973181  0.99786097 0.997719   0.986796   0.99891436 0.9981529
 0.99641514 0.9870487  0.9963238 ]
[0.9964425  0.99780136 0.99725866 0.99739707 0.99575317 0.99857545
 0.992673   0.999126   0.99651283 0.9963342  0.99789536 0.99810374
 0.9974305  0.9965933  0.99232894 0.9984542  0.99346316 0.99815035
 0.99713385 0.9973105  0.99768114 0.9985928  0.9920551  0.996139
 0.9892792  0.9929803  0.9975666  0.9977076  0.9968111  0.995096
 0.9985832  0.99608314 0.99633586 0.9975975  0.9967955  0.99763453
 0.9960492  0.9975752  0.9986413  0.99714583 0.9963432  0.99576014
 0.9973163  0.9951106  0.9974177  0.98781896 0.99712855 0.9983411
 0.99887973 0.9985598  0.99809116 0.99608934 0.99442166 0.9968925
 0.99799514 0.99208164 0.9940141  0.9565473  0.93050516 0.99688727]
[0.996317   0.9986971  0.99699414 0.99741614 0.9948133  0.9979114
 0.996491   0.99795294 0.9972192  0.99770844 0.99764204 0.99201375
 0.9979651  0.9959572  0.99601763 0.99724716 0.99585634 0.99780506
 0.9979462  0.9975218  0.99738497 0.9990452  0.9971488  0.9935882
 0.9964831  0.9919614  0.9945175  0.99559504 0.99665594 0.9977849
 0.9979505  0.99797994 0.9973864  0.9989536  0.9969332  0.99876946
 0.99610114 0.9972024  0.99690694 0.9986298  0.9989298  0.9972832
 0.9958835  0.9982968  0.9985677  0.99461126 0.99737763 0.99854124
 0.9974957  0.9986873  0.9982541  0.99321425 0.99641293 0.99660456
 0.99793684 0.99824786 0.99561405 0.82983315 0.71947044 0.9836268
 0.7659988 ]
[0.99702734 0.9978003  0.99709177 0.99814487 0.9953105  0.9971238
 0.99645764 0.9988519  0.9964671  0.99712735 0.9974437  0.9965759
 0.9970049  0.99529475 0.99468946 0.99913883 0.9991906  0.9973999
 0.99794847 0.9972113  0.99583495 0.9991722  0.99756634 0.992796
 0.9976731  0.98631346 0.996102   0.9965454  0.997326   0.99691004
 0.9985252  0.9987206  0.9962226  0.99878615 0.99754107 0.9985404
 0.9958549  0.9979056  0.9981876  0.9989772  0.9984372  0.9966204
 0.9966203  0.9979032  0.99904555 0.9970962  0.99768436 0.99877197
 0.99913824 0.9979479  0.9978701  0.9965146  0.996108   0.9984883
 0.9984829  0.9982768  0.9973373  0.95705575 0.97801775 0.9737925 ]
[0.99713254 0.99840385 0.9964581  0.9987962  0.99390644 0.9991715
 0.9976496  0.9983537  0.9969199  0.99463487 0.9974141  0.9958121
 0.99740964 0.9971718  0.9936998  0.99869734 0.9991153  0.99704355
 0.99765295 0.9976488  0.9966498  0.99790823 0.99811566 0.9932284
 0.9975248  0.9827188  0.9956905  0.99683595 0.9975656  0.9972397
 0.99847    0.9982008  0.9963463  0.99775875 0.9983333  0.99842584
 0.9962599  0.9974596  0.9972269  0.99833965 0.9980692  0.9972078
 0.9976647  0.99274945 0.99829906 0.9966515  0.9980096  0.99889755
 0.9982408  0.99583167 0.9981968  0.99784553 0.9958819  0.99696475
 0.9976567  0.9967379  0.9957832  0.8977639  0.9860583  0.9738512
 0.6686795 ]
[0.99801385 0.9987709  0.99593747 0.9984395  0.9940321  0.99844766
 0.99549544 0.99880326 0.9970572  0.9964598  0.9971934  0.99854773
 0.9985574  0.9963432  0.99413186 0.9985942  0.9949621  0.99681705
 0.9960318  0.997171   0.9958585  0.99890566 0.9964455  0.99644274
 0.9973585  0.99076957 0.9960459  0.9982944  0.9981263  0.99769765
 0.9982962  0.9974624  0.99806875 0.9985655  0.99860793 0.99905115
 0.9981311  0.99860966 0.9983228  0.9986897  0.99877185 0.99652535
 0.9976799  0.9968836  0.99900204 0.9955603  0.99760556 0.9984958
 0.9966666  0.99768555 0.99818915 0.99873275 0.99653625 0.9976199
 0.9984603  0.9948349  0.9936174  0.9241066  0.50011134 0.9877127
 0.9401176  0.9639248  0.6342805 ]
[0.9971295  0.99804115 0.996207   0.9985275  0.9946792  0.9973339
 0.99619293 0.99869114 0.997654   0.99688464 0.9971138  0.99770445
 0.9979972  0.9963735  0.9953133  0.9982798  0.9978162  0.99726653
 0.9964933  0.99759907 0.99659073 0.99934393 0.9980216  0.99412423
 0.99784195 0.9942688  0.99714476 0.996662   0.9981865  0.9974517
 0.9984522  0.998618   0.9980592  0.9985744  0.9968652  0.99938524
 0.99536717 0.99755716 0.99878544 0.99839896 0.9984102  0.9986401
 0.9973109  0.998159   0.99938893 0.9970487  0.9976174  0.99811906
 0.9976037  0.99815255 0.9980281  0.9935495  0.9966504  0.999188
 0.99874735 0.999035   0.99685174 0.875212   0.9900463  0.898358  ]
[0.9966922  0.9972777  0.99575645 0.99596584 0.99804413 0.9982058
 0.99617094 0.9956306  0.9959638  0.9951068  0.99666095 0.9983883
 0.9968731  0.9968533  0.99398154 0.9979438  0.99226296 0.9951591
 0.9962125  0.9962262  0.99273175 0.9968104  0.9912293  0.99245435
 0.99516594 0.9910913  0.9960782  0.9978167  0.99460727 0.9961731
 0.9983065  0.9977539  0.9951509  0.9982565  0.9981034  0.99802965
 0.9957539  0.99559313 0.9940084  0.9982698  0.9983889  0.99435544
 0.9951761  0.99644285 0.99715745 0.9934981  0.99714595 0.9975733
 0.99692696 0.9978149  0.9974611  0.9953897  0.9986576  0.9985856
 0.99252445 0.99246675 0.9962276 ]
[0.9966011  0.99881184 0.9975847  0.99853885 0.99840885 0.99623007
 0.9981851  0.9949077  0.9970157  0.9959967  0.99704164 0.99671566
 0.9969795  0.9869306  0.99873215 0.9918291  0.99690646 0.9981724
 0.9973882  0.99821883 0.999003   0.9973884  0.9972977  0.9958377
 0.9949285  0.9953637  0.99802303 0.99855775 0.9956898  0.99864453
 0.99812263 0.99583733 0.9979361  0.9979924  0.9983311  0.99627566
 0.99771345 0.9980172  0.99609035 0.99791104 0.99911076 0.99772924
 0.99865377 0.99844176 0.99649733 0.9954566  0.9986211  0.9967259
 0.9963977  0.99773115 0.99634284 0.99530077 0.99867404 0.99748373
 0.9977235  0.9953955  0.8220557  0.95272434 0.9661849 ]
[0.99797016 0.9986714  0.9976788  0.998762   0.9960716  0.9989177
 0.9967566  0.9984723  0.99672    0.9966612  0.9962973  0.99675447
 0.99805814 0.9955102  0.9923654  0.9979468  0.99834204 0.99751306
 0.99641174 0.998738   0.9959841  0.9987614  0.9967885  0.9956085
 0.9972736  0.99167776 0.99801874 0.9975128  0.9976714  0.9975726
 0.9985285  0.9981817  0.9968346  0.99804085 0.99846065 0.9988619
 0.99520737 0.9984987  0.99787855 0.9990771  0.99831533 0.99884737
 0.9974504  0.99816316 0.99908316 0.99498606 0.99820745 0.9989361
 0.9985085  0.9982132  0.99848866 0.9915726  0.99643975 0.99765164
 0.9978465  0.99488246 0.99681634 0.61491424 0.9842067  0.95808697]
[0.9979546  0.99807596 0.99746335 0.9986106  0.9950782  0.99807286
 0.99656445 0.99846447 0.9974552  0.9969284  0.9971355  0.99772316
 0.99682117 0.9960433  0.9944049  0.9990326  0.99775887 0.99799997
 0.996192   0.99821126 0.99382883 0.99945444 0.99626017 0.9974261
 0.9971848  0.99230945 0.9959336  0.9976794  0.99778384 0.99733114
 0.99764353 0.9976866  0.9956879  0.99844664 0.9982674  0.99786794
 0.9973968  0.996976   0.998242   0.9985026  0.9979473  0.9971982
 0.9958311  0.9964011  0.9989183  0.99719894 0.99708456 0.999265
 0.9979031  0.99760556 0.9982401  0.99847025 0.9969645  0.9982368
 0.9985636  0.9980223  0.9958047  0.9326457  0.985045   0.9844037 ]
[0.9977836  0.99799097 0.9966972  0.99841833 0.9993186  0.9979626
 0.9959751  0.99814785 0.99662256 0.99641645 0.9967013  0.99737823
 0.99745744 0.99683136 0.99564797 0.9984478  0.99815    0.9977983
 0.9967811  0.99751437 0.99433845 0.99907124 0.99873465 0.99892765
 0.9971194  0.9970016  0.9976084  0.9966294  0.99784243 0.99824524
 0.9988188  0.9978551  0.99819946 0.99826056 0.9970688  0.9988067
 0.9973475  0.99723876 0.9968303  0.9988323  0.9971783  0.99711144
 0.99758506 0.99637336 0.9989784  0.9966035  0.99752957 0.9989365
 0.9983     0.9978928  0.997592   0.99334323 0.9977825  0.9967713
 0.9986337  0.99735105 0.99496317 0.58083326 0.9458831  0.9823468
 0.66931355]
[0.9979087  0.9982705  0.99689615 0.99698406 0.9966582  0.9978224
 0.99626404 0.9973181  0.9972217  0.9968123  0.99631196 0.9979929
 0.997134   0.9962787  0.993891   0.99768233 0.9965295  0.9973667
 0.99812037 0.9978263  0.9960402  0.9982541  0.9970482  0.99787796
 0.997934   0.9922125  0.99497235 0.99590427 0.99784625 0.9970751
 0.99758196 0.99899966 0.9984187  0.99846715 0.9980311  0.9983791
 0.9963407  0.9981225  0.9965282  0.9988136  0.9984498  0.9976064
 0.99742943 0.99471855 0.99846894 0.9957487  0.9982889  0.9991241
 0.9978961  0.9978054  0.9975369  0.9932294  0.99642974 0.9981785
 0.99826425 0.9937377  0.994422   0.8060677  0.9824258  0.9850721
 0.5198848 ]
[0.9969092  0.99849427 0.99690586 0.9984156  0.99561393 0.9987651
 0.996084   0.9984144  0.9960517  0.99517846 0.9967355  0.9985267
 0.99706    0.9968822  0.9939448  0.9988201  0.9991917  0.9974521
 0.99835485 0.99670935 0.9973671  0.99844044 0.99822193 0.9951467
 0.9971956  0.9953544  0.9938585  0.99651754 0.99758375 0.99737823
 0.99856573 0.9972366  0.99723464 0.9985281  0.99713933 0.9988306
 0.99659663 0.9987105  0.9977925  0.99882656 0.9980268  0.9969068
 0.99763584 0.9951308  0.999343   0.9982243  0.99837863 0.9991085
 0.99923587 0.9975313  0.9983608  0.9925001  0.99561787 0.99595803
 0.998256   0.99711835 0.9919252  0.5386169  0.9753956  0.9567389
 0.71755844]
[0.99642795 0.9970198  0.9955949  0.99604106 0.99726593 0.9971077
 0.99449784 0.99609584 0.9963038  0.9946643  0.9969234  0.9981711
 0.99670345 0.99577445 0.99080396 0.9976888  0.99277824 0.99639684
 0.9970776  0.99295443 0.9967624  0.9973015  0.9892842  0.99297583
 0.9915337  0.993869   0.9958876  0.99734724 0.9974348  0.9960626
 0.99851495 0.99789494 0.9963381  0.9977837  0.9971111  0.9978028
 0.99571383 0.9978047  0.9954508  0.99703705 0.99859697 0.9968592
 0.9973054  0.99736446 0.9982698  0.99560344 0.9976083  0.9970488
 0.99719894 0.99740416 0.9971493  0.97804296 0.99855274 0.99874854
 0.99806875 0.9890444  0.9982145 ]
[0.99686795 0.99795926 0.99681336 0.9990959  0.9936699  0.99787784
 0.99616855 0.9988158  0.99583435 0.9954817  0.9971564  0.99740666
 0.9982399  0.99694496 0.99378324 0.9990682  0.9956589  0.9981523
 0.99843365 0.9986376  0.9964568  0.99835014 0.9972283  0.99737346
 0.996811   0.9947631  0.99212074 0.9982546  0.99797434 0.99744105
 0.9973605  0.9974147  0.9967044  0.99885404 0.99807405 0.99852717
 0.9975193  0.9970005  0.99833363 0.9979972  0.9987897  0.9976705
 0.9969421  0.9976319  0.9990075  0.9963567  0.9984187  0.99793744
 0.9985759  0.9988865  0.9983835  0.99823475 0.99650586 0.99722725
 0.99827445 0.9976241  0.9942601  0.9778436  0.9501012  0.9737716
 0.9941491 ]
[0.9972108  0.9980932  0.9978243  0.9989937  0.9957235  0.99788326
 0.99542964 0.9973949  0.9975926  0.99686396 0.9973846  0.99780613
 0.99777055 0.99615115 0.994472   0.99852294 0.99667215 0.9974948
 0.9966978  0.99796367 0.99540037 0.9991823  0.99728465 0.99390346
 0.9993585  0.9944528  0.9964295  0.9972154  0.9976405  0.9968136
 0.99771345 0.9982969  0.9979024  0.9986833  0.99708325 0.9980215
 0.99385756 0.9968972  0.9976701  0.9981552  0.998401   0.9973443
 0.9977106  0.998923   0.9987789  0.99836856 0.9984831  0.9983734
 0.99769104 0.99782795 0.9970427  0.9973584  0.99493474 0.999087
 0.9980129  0.998302   0.9972248  0.99130857 0.89767724 0.8027753 ]
[0.9977133  0.9990029  0.994882   0.99866915 0.99150604 0.9983637
 0.9951566  0.9972824  0.9979107  0.9955207  0.99545765 0.9982496
 0.9971993  0.9964568  0.9943816  0.9990976  0.99633765 0.99594325
 0.9983455  0.9982765  0.99579203 0.99860305 0.9985683  0.99386734
 0.9949917  0.9946232  0.9961171  0.99691844 0.9976285  0.9972978
 0.9980269  0.9972922  0.9985879  0.9982829  0.998243   0.9989207
 0.99601126 0.99866474 0.99805474 0.9987363  0.9985964  0.9982324
 0.99647933 0.99640524 0.9981723  0.99674404 0.9967193  0.9985668
 0.9970583  0.9986418  0.9987025  0.99756277 0.9963245  0.9977552
 0.99766016 0.9981205  0.99126023 0.9349337  0.9289183  0.9831565
 0.99149245 0.9513436 ]
[0.99742043 0.9983234  0.997115   0.99796283 0.9949478  0.99758804
 0.99530846 0.99569064 0.9964295  0.9968094  0.99775344 0.9985852
 0.9981375  0.9946532  0.9953916  0.998431   0.99570066 0.99639195
 0.99758685 0.9977976  0.9941455  0.9989768  0.99690044 0.99560744
 0.99790764 0.9868134  0.9931786  0.9912129  0.99862564 0.9925477
 0.9978631  0.9981331  0.99595624 0.99846625 0.9977216  0.9933385
 0.9944218  0.9978928  0.998071   0.99751544 0.9976636  0.9972428
 0.99552417 0.99812955 0.99874324 0.99466574 0.9980563  0.99875104
 0.9977981  0.9940851  0.99852693 0.9951994  0.996292   0.9920156
 0.99813724 0.99654144 0.9922464  0.84096575 0.9777427  0.971227  ]
[0.99703145 0.9988682  0.9963737  0.998198   0.99683607 0.9986934
 0.9956713  0.99663675 0.99699855 0.9960063  0.99747306 0.9966703
 0.9979954  0.9965005  0.99562645 0.99776435 0.9973532  0.99832267
 0.99686146 0.9974535  0.99834347 0.99894434 0.99785954 0.9926933
 0.99682695 0.99556315 0.99305314 0.997255   0.9932829  0.99650913
 0.9977798  0.99770725 0.99717194 0.9981679  0.99862266 0.9980964
 0.99727744 0.9962352  0.9981357  0.99878865 0.9970386  0.9955473
 0.9977209  0.99766624 0.9992951  0.9964399  0.99662435 0.9983334
 0.9991284  0.99705017 0.99741495 0.99482095 0.9960717  0.9974164
 0.99738294 0.9975727  0.9967894  0.95322394 0.9049912  0.9961521 ]
[0.9977932  0.9988556  0.99557626 0.9982381  0.9906883  0.99773717
 0.99646145 0.99777156 0.99714655 0.99679524 0.99765825 0.997426
 0.9976127  0.99580187 0.9976286  0.99920696 0.99154925 0.9971859
 0.9973907  0.9982179  0.9946903  0.9981516  0.99879044 0.9924799
 0.99679273 0.99052495 0.99543154 0.99588495 0.9960561  0.9967277
 0.99763644 0.99829644 0.99615115 0.998257   0.9968376  0.99869305
 0.9961784  0.99809164 0.99901676 0.99637777 0.9955989  0.9977168
 0.99662054 0.9979387  0.9991609  0.99308527 0.998288   0.9986922
 0.9984205  0.99809057 0.99809724 0.9970764  0.99425876 0.9960949
 0.9988986  0.9987369  0.9950342  0.7593264  0.75973916 0.98187155
 0.78870463]
[0.9964749  0.998214   0.9978734  0.9989998  0.9975024  0.99817526
 0.9962185  0.9984194  0.9956863  0.99569327 0.997894   0.9970619
 0.99841535 0.99683005 0.9931478  0.9975107  0.9916822  0.9981377
 0.9988405  0.9974324  0.9936978  0.9994306  0.99794966 0.9946061
 0.9951008  0.9882731  0.9921272  0.9983517  0.997943   0.9981048
 0.9981363  0.99848676 0.9981913  0.9982521  0.99820626 0.9984642
 0.99581903 0.9965148  0.9980563  0.99812835 0.99840623 0.9974769
 0.99799144 0.9973304  0.99899703 0.99759656 0.9974885  0.9988708
 0.99915063 0.9984515  0.99811316 0.99774593 0.9945785  0.9983601
 0.99845946 0.9961015  0.995112   0.6707398  0.91186935 0.94977796
 0.9377787  0.68451065]
[0.99660254 0.99855095 0.9968363  0.9985246  0.9932591  0.9977489
 0.9948744  0.99849117 0.9969796  0.99598557 0.99689215 0.9976794
 0.9979831  0.99622834 0.9926091  0.99876803 0.9946778  0.9969138
 0.9960163  0.9962894  0.9945292  0.999064   0.9981516  0.9971042
 0.9950164  0.9970546  0.9959974  0.99708885 0.99292314 0.9966625
 0.9987644  0.99695706 0.99752194 0.9987684  0.9970426  0.9975885
 0.9961522  0.9982742  0.9979317  0.99875724 0.9927776  0.997101
 0.99728143 0.9981589  0.9990947  0.99591726 0.99761873 0.99876034
 0.9984366  0.9978617  0.9984841  0.9965275  0.99578875 0.9984674
 0.9988223  0.99343663 0.99466264 0.93314826 0.98689926 0.7830652
 0.8494196 ]
[0.9967399  0.9973955  0.99355584 0.9953016  0.99735874 0.9980247
 0.9933553  0.9946241  0.99567634 0.9954893  0.99613523 0.99804014
 0.9968695  0.99669063 0.9930241  0.99643207 0.996014   0.9962096
 0.9957585  0.9949315  0.99550796 0.99430424 0.98723954 0.9920026
 0.9930226  0.99348795 0.9961081  0.9972728  0.9956552  0.99688596
 0.99767536 0.99801457 0.9980975  0.9977277  0.9975822  0.99872917
 0.995877   0.9965745  0.9959378  0.9974721  0.9986796  0.99462813
 0.9951572  0.9957171  0.9984598  0.9940896  0.99807525 0.99726653
 0.99826187 0.99858654 0.9979899  0.9913216  0.9978867  0.9991472
 0.99547416 0.9927079  0.99776745]
[0.99786866 0.9977114  0.99779177 0.99905926 0.99611086 0.9981639
 0.99658114 0.9986651  0.99605954 0.9965103  0.9972281  0.99770737
 0.9974241  0.995197   0.99309665 0.9976634  0.996539   0.99782795
 0.99849117 0.99821424 0.9942053  0.99855477 0.99922705 0.99193865
 0.99665725 0.9896728  0.9964651  0.99705017 0.99724764 0.9985979
 0.99804676 0.99765414 0.9972234  0.99829584 0.9924865  0.9978796
 0.9963952  0.99778026 0.998708   0.99864894 0.9990833  0.9976503
 0.9959657  0.9929945  0.9992873  0.9971438  0.9981798  0.9988998
 0.9972941  0.9966754  0.99759763 0.99032354 0.99757    0.99026126
 0.998103   0.997575   0.99541533 0.9882903  0.9651886 ]
[0.9972355  0.99881965 0.9977531  0.9983156  0.997209   0.9980039
 0.9977192  0.9982529  0.99671197 0.99665606 0.9977773  0.99847406
 0.99717367 0.9959764  0.99689865 0.9973653  0.9941544  0.99734867
 0.9973756  0.9957671  0.9950348  0.99856865 0.9986847  0.99596965
 0.9947524  0.9973369  0.993651   0.9969914  0.99869734 0.99770397
 0.99884725 0.9983423  0.99549794 0.9982242  0.9985247  0.99812084
 0.9955729  0.9953957  0.9975746  0.9973207  0.9983884  0.9969222
 0.9936318  0.99825925 0.9991829  0.9958774  0.9971572  0.9979825
 0.9979025  0.9985758  0.99843353 0.99686074 0.9965346  0.99762803
 0.99759007 0.99584454 0.9952371  0.93844104 0.9780743  0.96880955]
[0.9973788  0.9985286  0.99683964 0.998698   0.99427986 0.99919957
 0.99587005 0.9980452  0.9961163  0.99641526 0.99722314 0.99603784
 0.99757165 0.99586236 0.99303305 0.996005   0.99703    0.996579
 0.9974698  0.99841    0.99790895 0.99919623 0.99833196 0.99364096
 0.997373   0.98706704 0.99717724 0.99759716 0.9980788  0.99790996
 0.9981413  0.9980813  0.99664825 0.99775296 0.99617434 0.99832004
 0.99625105 0.9969119  0.9986738  0.9972326  0.997849   0.9962697
 0.9968528  0.9986077  0.9986267  0.9946278  0.99847263 0.9979729
 0.9980652  0.9969988  0.9967619  0.9983151  0.9957877  0.9982987
 0.997589   0.9973809  0.99670744 0.9501278  0.9477548  0.98415136
 0.64463615 0.6146296 ]
[0.99701226 0.99624014 0.9976483  0.99851257 0.9970374  0.99609035
 0.98969626 0.9936474  0.9955375  0.99756217 0.99753076 0.99816954
 0.99812645 0.99663866 0.92347    0.9959105  0.9922409  0.9975563
 0.9969133  0.99878925 0.99633837 0.9990421  0.9980829  0.99888784
 0.99795854 0.99313194 0.98423034 0.98946536 0.998544   0.9974222
 0.99841225 0.9983394  0.99465275 0.99868935 0.9961857  0.99667776
 0.9969537  0.9987483  0.9981515  0.99890697 0.99587727 0.9967585
 0.82457656 0.99687177 0.9991429  0.992277   0.99552923 0.9990157
 0.9992125  0.9985122  0.9981299  0.9930709  0.9946666  0.99752194
 0.99876213 0.9990734  0.9319014  0.9272425  0.98686165 0.79653424]
[0.99687237 0.99871874 0.9912799  0.9976763  0.9967847  0.9983006
 0.996265   0.99665487 0.995676   0.99499017 0.99675226 0.99856037
 0.9968546  0.99485046 0.99511105 0.99662775 0.99621326 0.9966821
 0.996648   0.9939487  0.9949811  0.9977933  0.9932473  0.9937476
 0.99413574 0.9922942  0.99476117 0.99749786 0.9966168  0.99712473
 0.99756515 0.99800533 0.99640745 0.99865425 0.99750924 0.9990227
 0.99676824 0.997938   0.99722064 0.9977864  0.997056   0.99520504
 0.99539465 0.9969938  0.9983429  0.9935502  0.9973374  0.9970419
 0.99564195 0.9975551  0.9975606  0.98310226 0.99819106 0.99871886
 0.99552804 0.9930281  0.997347  ]
[0.99694234 0.99817145 0.9975914  0.99742067 0.99721104 0.99755704
 0.99572325 0.9978331  0.9965898  0.996192   0.9964013  0.99751353
 0.99721354 0.9958994  0.9925662  0.9992581  0.99094385 0.99692106
 0.9970747  0.9976634  0.9926103  0.99924624 0.9977157  0.99285203
 0.9972983  0.9961511  0.9943176  0.9957698  0.99804676 0.99757046
 0.9975732  0.99740523 0.9974412  0.999      0.99545276 0.99890554
 0.99708265 0.99629164 0.99815685 0.9983552  0.9975666  0.9974183
 0.99806327 0.9958555  0.9991767  0.9953933  0.99795926 0.99864036
 0.9988117  0.99779224 0.997698   0.9979558  0.9958247  0.99550027
 0.9983865  0.99716717 0.9956026  0.90967745 0.962502   0.6189305
 0.80745995]
[0.99796045 0.998063   0.9958982  0.9981299  0.9900738  0.9978517
 0.9967096  0.9958956  0.9964896  0.99685836 0.9963425  0.9979468
 0.99733907 0.996601   0.9924509  0.9977336  0.9974673  0.99667215
 0.99618953 0.99713707 0.99537    0.99924254 0.9985285  0.9942836
 0.9975193  0.99515605 0.99466926 0.99771607 0.99736196 0.99390256
 0.997546   0.9971842  0.9964101  0.99805886 0.99339926 0.99635786
 0.99688524 0.9982445  0.99803513 0.99740654 0.99694616 0.9967288
 0.9975432  0.9960819  0.9986658  0.9968681  0.99817276 0.99841774
 0.9987606  0.99758947 0.99799734 0.9928845  0.9957396  0.99683565
 0.9987243  0.9965749  0.9944969  0.94508535 0.807358   0.9838743
 0.7998031 ]
[0.99702483 0.99701285 0.9967991  0.9958276  0.9964491  0.99825364
 0.9961377  0.99067795 0.9963736  0.9954633  0.9963278  0.997988
 0.99562246 0.99639136 0.9949856  0.998013   0.9961428  0.9961358
 0.99796224 0.99522483 0.995333   0.9976968  0.9920042  0.9886895
 0.9941147  0.9902768  0.9959021  0.99828655 0.99696594 0.9971867
 0.99766064 0.9973425  0.99493045 0.99895346 0.99776125 0.9984856
 0.99678135 0.9971035  0.99483746 0.998221   0.99867284 0.99422705
 0.9944674  0.9950584  0.9985216  0.99634933 0.9983316  0.995843
 0.99580115 0.9977557  0.996347   0.98984736 0.9981102  0.99826187
 0.99137855 0.9902698  0.99673283]
[0.997572   0.9952884  0.99697256 0.9975673  0.9959978  0.99758375
 0.995675   0.997581   0.9948521  0.9963981  0.9973574  0.99352515
 0.99746156 0.99458545 0.9913434  0.99805355 0.99861264 0.9975667
 0.997398   0.99710006 0.99768543 0.9949228  0.99630606 0.9879837
 0.9942855  0.9849844  0.9977526  0.9950879  0.99780697 0.99564433
 0.99683315 0.99745613 0.99596584 0.9980052  0.9918765  0.9963558
 0.99306595 0.9905449  0.99703884 0.9971475  0.9933476  0.99464166
 0.9956611  0.9935401  0.9986726  0.9883786  0.99162406 0.9973871
 0.99783427 0.9960211  0.9976701  0.9978638  0.99466264 0.9985367
 0.99593914 0.9935015  0.99287015 0.62312865 0.9050989  0.9633521
 0.95222574 0.50753385]
[0.9978236  0.9988489  0.9962819  0.998577   0.99731845 0.9986223
 0.9968188  0.9978607  0.9961837  0.9948236  0.9960995  0.9974975
 0.9964322  0.99552155 0.99292725 0.9983675  0.99858737 0.99802953
 0.99797434 0.99790156 0.996521   0.99837863 0.9982451  0.9952017
 0.9973597  0.9888306  0.99746203 0.99697304 0.9975388  0.9977798
 0.9977314  0.99784887 0.99685645 0.99920017 0.9977736  0.9982603
 0.9956176  0.9974533  0.99849737 0.9982664  0.9971621  0.9964307
 0.9981444  0.9950663  0.99926275 0.9967217  0.9971945  0.99870706
 0.9989176  0.9985481  0.9984585  0.99765885 0.9962083  0.99703383
 0.997832   0.9947568  0.9969415  0.93307966 0.9604419  0.96111315
 0.80972826]
[0.9975561  0.99874604 0.99682486 0.99881196 0.9922575  0.9986193
 0.99334794 0.9975293  0.9971295  0.9946009  0.9969001  0.998028
 0.99801207 0.99589145 0.992389   0.99907315 0.99021226 0.99774796
 0.997858   0.9984261  0.9973558  0.99887997 0.99861205 0.99041945
 0.9952325  0.98726463 0.99532735 0.9969934  0.9982516  0.9986065
 0.9983662  0.99892265 0.9947103  0.9989666  0.9955415  0.99914074
 0.99731416 0.99899286 0.99909425 0.99760556 0.99604744 0.9944166
 0.99829453 0.99699306 0.9992704  0.99468106 0.99841285 0.9986972
 0.9990821  0.99850535 0.99775726 0.99114424 0.99432844 0.9987804
 0.9988373  0.99711394 0.996539   0.8244551  0.9820203 ]
[0.9974841  0.9985806  0.9963044  0.99827373 0.99562496 0.9985561
 0.99809283 0.9971576  0.9963793  0.9968528  0.9968252  0.9984303
 0.9979365  0.99724483 0.9917384  0.99782467 0.99669313 0.997696
 0.9969393  0.99719185 0.9967872  0.9990657  0.999008   0.996716
 0.995972   0.99391276 0.9947391  0.9977977  0.9978815  0.99790215
 0.99851424 0.99863964 0.9970632  0.9978514  0.9986659  0.9983966
 0.9936458  0.9986796  0.99863285 0.99840313 0.99868196 0.99666744
 0.9971433  0.9955153  0.99944144 0.99775356 0.99737966 0.99737537
 0.9983492  0.9982431  0.99790984 0.9973037  0.9969592  0.9978179
 0.997969   0.99650973 0.99705553 0.98231137 0.6976147 ]
[0.99758434 0.9983082  0.9960407  0.99895644 0.9960807  0.9980757
 0.9969472  0.9978562  0.9960361  0.99584335 0.99611866 0.9976921
 0.9970432  0.9965983  0.994716   0.9982799  0.9983393  0.9983176
 0.99660265 0.9980883  0.9979982  0.9993868  0.99779344 0.9934645
 0.99695575 0.99256366 0.99495333 0.9970584  0.9978211  0.9929202
 0.99780566 0.9975159  0.99867356 0.99801815 0.9976889  0.9979678
 0.99713576 0.9980007  0.9987356  0.9985753  0.99755293 0.9968522
 0.9983215  0.99727494 0.99856997 0.99522275 0.9975915  0.9984921
 0.99807763 0.9969007  0.99842227 0.99322975 0.9972257  0.999044
 0.99878997 0.9939313  0.99301815 0.7714702  0.8831158  0.97350425
 0.94264346]
[0.9977665  0.99829966 0.9973363  0.9986889  0.9946477  0.9990109
 0.9958637  0.9975126  0.99881893 0.9963224  0.9975509  0.99758255
 0.9972536  0.99674654 0.9958125  0.9960925  0.9948336  0.9970715
 0.9977053  0.99782985 0.9962159  0.9989743  0.9971853  0.9980394
 0.9971     0.99847454 0.99650204 0.9968713  0.9965618  0.99715865
 0.99824774 0.99817276 0.9964796  0.9982364  0.998434   0.99864405
 0.9945127  0.99882215 0.9989071  0.9986181  0.998686   0.9974711
 0.9963421  0.99880064 0.99836665 0.99657816 0.998616   0.9984101
 0.99618113 0.99736816 0.99854374 0.99873585 0.99691844 0.9978168
 0.9986676  0.9944969  0.9921543  0.9869185  0.9781771  0.9225155
 0.9823646  0.8123194 ]
[0.99698216 0.99776363 0.99756455 0.9988226  0.99576664 0.9993255
 0.9955813  0.99908197 0.99616134 0.9973067  0.9985405  0.9983523
 0.9920487  0.9941168  0.99917525 0.9975533  0.9959829  0.997159
 0.99870396 0.99634475 0.9973749  0.9953668  0.9974366  0.99790466
 0.99816847 0.99794966 0.9985012  0.99726284 0.9973206  0.9981249
 0.99809927 0.9988412  0.99807584 0.99815816 0.99850464 0.9958674
 0.9978046  0.9978672  0.9973158  0.9987657  0.9968264  0.9982413
 0.99765116 0.99915445 0.99717426 0.9981792  0.9972377  0.99888486
 0.998533   0.99744165 0.9950139  0.99757427 0.9983758  0.9984995
 0.994076   0.99578613 0.9837427  0.98359585 0.9976775  0.8152165 ]
[0.99698013 0.99842405 0.9967123  0.9989593  0.9967643  0.99881554
 0.9978933  0.9986052  0.9978333  0.9960796  0.99693537 0.99807054
 0.9979475  0.9958028  0.9950781  0.9990928  0.9922665  0.9972584
 0.99689156 0.9987368  0.9974515  0.99934584 0.9986811  0.9980817
 0.99558926 0.9923752  0.99652004 0.9971349  0.9987896  0.997416
 0.99779886 0.9983057  0.9969357  0.99808705 0.9972447  0.9965262
 0.9969909  0.99849665 0.99838495 0.99826896 0.9984194  0.997426
 0.9969331  0.99768    0.99898225 0.99520856 0.9977003  0.9987109
 0.9988951  0.9970626  0.99720675 0.991742   0.9969221  0.99782723
 0.9974269  0.9967803  0.9968262  0.6995059  0.9818955  0.9825859 ]
[0.9972364  0.99687815 0.9955914  0.9967685  0.99423176 0.9967159
 0.9963486  0.995865   0.9946589  0.9972709  0.9974197  0.98769486
 0.99674726 0.99572915 0.9859635  0.99865    0.99553466 0.99803406
 0.9975637  0.9960674  0.9912674  0.999373   0.99856013 0.99493486
 0.99486464 0.9566078  0.98486114 0.9942432  0.9937273  0.99758995
 0.99730194 0.99826753 0.9951674  0.99815387 0.99734974 0.9984925
 0.9952376  0.9968934  0.99728096 0.99809057 0.998059   0.9976427
 0.9977756  0.99610424 0.9994265  0.9968515  0.9974201  0.99427235
 0.99900407 0.997612   0.99806637 0.9946142  0.990765   0.9962017
 0.9977683  0.99782723 0.9939619  0.6224294  0.9887615  0.7346389 ]
[0.99802953 0.9984573  0.9964701  0.9984053  0.9951798  0.998432
 0.99424016 0.99849224 0.99606496 0.9969035  0.9973719  0.99809235
 0.9972084  0.99669975 0.99417335 0.9989785  0.99440527 0.99758375
 0.99714476 0.99718934 0.99874854 0.998928   0.99761295 0.9961966
 0.99757427 0.99484634 0.9961771  0.9981774  0.99678934 0.9983835
 0.99873847 0.99852234 0.9956879  0.9989059  0.997721   0.9991296
 0.997607   0.9978358  0.9979621  0.9985001  0.99918    0.99649614
 0.9976902  0.99853003 0.9990351  0.9975182  0.9965024  0.9969567
 0.99880123 0.99743986 0.9987783  0.997242   0.99720025 0.9971232
 0.9982407  0.99869907 0.99688655 0.92448735 0.98028195 0.69111675]
[0.9967829  0.9943937  0.9973937  0.99758875 0.986771   0.99629945
 0.9965603  0.99798846 0.9959015  0.99113995 0.9964637  0.9971867
 0.99684155 0.9952732  0.9938007  0.9946955  0.9907232  0.99686855
 0.99619734 0.9965314  0.998176   0.99809617 0.9981148  0.9967128
 0.9956567  0.9880415  0.9882201  0.9906426  0.9962852  0.99798477
 0.99675363 0.99856454 0.9917197  0.998623   0.9965725  0.9949462
 0.9975382  0.9928596  0.9983084  0.99698216 0.9984648  0.9984763
 0.9954117  0.99614835 0.9988011  0.99691135 0.990292   0.9985083
 0.9962471  0.9977943  0.9987293  0.9945235  0.99612695 0.9945516
 0.99732983 0.99295104 0.9886938  0.79491585 0.6288147  0.7493039
 0.8170968  0.9963677 ]
[0.99767154 0.99798393 0.9966625  0.99782926 0.9922764  0.9974016
 0.9974322  0.99737203 0.9966683  0.9961224  0.9964954  0.9973424
 0.99798524 0.99742824 0.9921072  0.99759763 0.99731004 0.9964707
 0.9991743  0.9977228  0.9959378  0.9985441  0.998049   0.996351
 0.99675107 0.9946637  0.9949727  0.99706167 0.99818856 0.9965454
 0.9982998  0.9961915  0.9978769  0.9978955  0.99546164 0.99707377
 0.9969844  0.99581224 0.9949927  0.9978148  0.9972408  0.99684924
 0.9980982  0.99811894 0.9989893  0.9947885  0.9975515  0.998106
 0.9975217  0.9969606  0.9985764  0.9930548  0.9953762  0.99704486
 0.998678   0.99451077 0.9940106  0.989331   0.98234206 0.9774631
 0.75336677]
[0.9972249  0.9982925  0.99770254 0.9983045  0.9879677  0.9977442
 0.99507433 0.99594975 0.99691343 0.9953915  0.99637383 0.99780387
 0.99715865 0.9965154  0.9935214  0.9985207  0.9967834  0.9968264
 0.9972439  0.99678135 0.9967558  0.9994081  0.9974607  0.9969252
 0.99600595 0.9893925  0.99539447 0.998273   0.9963206  0.99749583
 0.9978696  0.9976186  0.9945529  0.99840873 0.99745077 0.9990164
 0.99543285 0.998539   0.9975304  0.9980413  0.99804676 0.9969324
 0.99654645 0.9967229  0.99878496 0.99448425 0.9975395  0.9987424
 0.9975526  0.99522424 0.9974692  0.9968823  0.9961927  0.9975466
 0.9979207  0.99850345 0.997851   0.9383911  0.98729044 0.61140555]
[0.9979354  0.99830866 0.9967187  0.9985781  0.99523157 0.9975777
 0.996068   0.9977272  0.99680245 0.9931171  0.99777055 0.99803656
 0.9969465  0.9964875  0.9923962  0.9978132  0.99516404 0.9966503
 0.99822694 0.9983375  0.9973654  0.99903214 0.9973808  0.9936765
 0.9970963  0.9899413  0.99602216 0.99652606 0.99643826 0.9975407
 0.99782324 0.99813855 0.9975751  0.99818605 0.99737954 0.9987496
 0.9958955  0.9975134  0.9978666  0.9984359  0.99877495 0.9956086
 0.9978242  0.99619764 0.9990816  0.9970203  0.997414   0.99881506
 0.9987822  0.9985952  0.9985852  0.995849   0.9967008  0.9985879
 0.9989679  0.9959817  0.99676824 0.94759613 0.8729162  0.98828936
 0.59892076]
[0.99680054 0.99861896 0.9969194  0.9988312  0.9965599  0.9980792
 0.99463356 0.99857545 0.9974483  0.9962358  0.9978016  0.99769956
 0.99845505 0.9966658  0.99438745 0.99864036 0.9930661  0.9968453
 0.9985744  0.99851686 0.99623567 0.998681   0.99760455 0.998429
 0.9979055  0.9958923  0.99307597 0.9984067  0.9988557  0.99736136
 0.99851185 0.9981583  0.99724317 0.99835604 0.9982754  0.9989735
 0.9958698  0.9956493  0.9978192  0.99900925 0.997623   0.9983358
 0.99667895 0.99840075 0.9992131  0.9961428  0.9975055  0.9981242
 0.9987047  0.9976292  0.9984945  0.9926252  0.9958974  0.9981755
 0.997303   0.9947131  0.99626535 0.8872272  0.9916889  0.95158005
 0.60313165]
[0.9968284  0.99785537 0.9971662  0.99833316 0.99807954 0.99710697
 0.99561703 0.9975527  0.99331737 0.9969483  0.9976115  0.9976096
 0.99781895 0.9973972  0.989627   0.99901736 0.99677247 0.9980574
 0.9969428  0.9983907  0.99237555 0.9986614  0.9971712  0.99546236
 0.99800915 0.996772   0.99659306 0.9974464  0.9972063  0.99712473
 0.9960549  0.99762875 0.99657345 0.9977087  0.99717546 0.9988212
 0.99742043 0.9980578  0.9983323  0.99838305 0.99824107 0.99768794
 0.9953028  0.9985775  0.9986779  0.99423486 0.9967636  0.9977042
 0.9992384  0.99846435 0.9978005  0.9921678  0.99292725 0.99819595
 0.9989153  0.9980216  0.99298733 0.96067894 0.9648435  0.99640995
 0.64686024]
[0.9976113  0.9982309  0.9964289  0.99840194 0.99615246 0.9990006
 0.9939084  0.99864906 0.99785304 0.99574584 0.99708074 0.99658126
 0.997922   0.9958806  0.9950577  0.99896586 0.99411315 0.9971662
 0.9982987  0.9984848  0.99508333 0.99869734 0.9971938  0.99884295
 0.99596393 0.99545693 0.9962075  0.9971257  0.99847823 0.9969156
 0.99788934 0.99839205 0.9969127  0.99850404 0.99541914 0.99828655
 0.99652463 0.9988182  0.9979929  0.9977951  0.9988782  0.9980478
 0.99799985 0.99883944 0.99876535 0.9944946  0.9983487  0.99885166
 0.999451   0.9966511  0.99857116 0.99704045 0.9966704  0.99849296
 0.99849653 0.9968624  0.9949255  0.981928   0.9741819 ]
[0.99747294 0.9974789  0.9975164  0.9966455  0.99687356 0.9977482
 0.99499136 0.9976157  0.9958995  0.99712497 0.99759585 0.9978795
 0.9967237  0.99740016 0.9915869  0.99793196 0.99913764 0.9969183
 0.99746007 0.99758625 0.9982102  0.998618   0.99720913 0.99449253
 0.9972753  0.9904213  0.9956447  0.99804986 0.99423164 0.99817836
 0.9977099  0.9981609  0.9968317  0.99850094 0.99714416 0.9984302
 0.996287   0.9975292  0.99736136 0.9983639  0.9991128  0.9971738
 0.99819535 0.9984915  0.99894196 0.9990971  0.9969869  0.99872977
 0.9988833  0.99824345 0.99763143 0.99671066 0.9952898  0.9983394
 0.9981799  0.9931814  0.9955687  0.8937546  0.9846954  0.9361192
 0.5199742 ]
[0.9976726  0.99908435 0.99665594 0.99899656 0.9927227  0.9984358
 0.9963695  0.9986186  0.9969988  0.9929081  0.99744165 0.99781823
 0.9970157  0.9868629  0.9901992  0.99696046 0.9912747  0.99668497
 0.99736255 0.9978992  0.99767214 0.99803287 0.99678123 0.99171126
 0.99601763 0.9977247  0.99446553 0.9959364  0.9986051  0.99674314
 0.99851614 0.9985501  0.99315804 0.998718   0.99298686 0.9982509
 0.9953407  0.99811697 0.9986085  0.997701   0.99644    0.9966119
 0.9957041  0.9949333  0.9990214  0.9959925  0.9974076  0.9979266
 0.9975903  0.99769706 0.99827075 0.99727887 0.9963205  0.9816109
 0.9989654  0.9945417  0.9963462  0.7980869  0.98332083]
[0.9979492  0.9982346  0.99655896 0.9987024  0.99559695 0.9981487
 0.9984237  0.99692184 0.99931526 0.9970534  0.9985733  0.99811053
 0.997013   0.9946877  0.99816495 0.9953826  0.9979961  0.9979767
 0.99746287 0.9970335  0.99880755 0.9940785  0.99680895 0.99765956
 0.9915174  0.9926462  0.9966575  0.9971533  0.99731296 0.99829286
 0.99841046 0.9975502  0.9983631  0.9976503  0.99882954 0.99814034
 0.9956061  0.9981263  0.99898964 0.9986167  0.99759823 0.99681634
 0.9968419  0.9988061  0.99550605 0.99779546 0.9987471  0.99390864
 0.99817514 0.9976127  0.99766976 0.99693406 0.9983144  0.9977719
 0.9974763  0.9947108  0.9852572  0.91264564 0.93526137 0.9784842
 0.98494    0.9733666 ]
[0.99685186 0.99883777 0.9967573  0.99854726 0.9973002  0.9976578
 0.9958125  0.99654084 0.9967777  0.99688786 0.9963834  0.99746454
 0.9980216  0.9966041  0.9935149  0.99920267 0.9988527  0.9967714
 0.99788433 0.9979315  0.99390453 0.9989151  0.9985102  0.9975205
 0.9983215  0.9906238  0.9946543  0.9961718  0.99679    0.99687356
 0.99877805 0.99707127 0.996141   0.99868804 0.99473983 0.9980749
 0.9966641  0.99796885 0.9985013  0.99888366 0.99889994 0.9969003
 0.9948565  0.99860317 0.99887294 0.9964148  0.9983748  0.99865675
 0.99813616 0.99828917 0.99775046 0.99330795 0.9957831  0.9986318
 0.9978509  0.9958253  0.99440855 0.97291505 0.9299653  0.736126  ]
[0.99664366 0.9984517  0.99727875 0.99852896 0.99564326 0.99885225
 0.99724233 0.99878246 0.9958104  0.99604887 0.99649787 0.99730325
 0.9966959  0.99687886 0.9928358  0.99905056 0.9946097  0.99762255
 0.99555874 0.9977654  0.99734074 0.99856037 0.9969823  0.99529403
 0.9968394  0.99114335 0.9969139  0.9958067  0.99786925 0.9978962
 0.9986634  0.9975327  0.9960567  0.99876654 0.99689853 0.9990908
 0.997124   0.99859947 0.99820256 0.9988367  0.99827766 0.9971343
 0.9966858  0.998161   0.99831957 0.99693596 0.9973387  0.9986273
 0.99898654 0.99704117 0.9983683  0.997493   0.99516356 0.9978521
 0.99759704 0.9958611  0.99374735 0.91875046 0.98268676 0.95418036
 0.6369381 ]
[0.9970156  0.99837935 0.9973538  0.99917245 0.99491715 0.9990427
 0.99517125 0.9976756  0.9974178  0.99589044 0.9969958  0.997883
 0.99769837 0.99611294 0.9914888  0.99755174 0.9884327  0.99721104
 0.998811   0.9983912  0.9935573  0.99873155 0.9991128  0.9940601
 0.9946825  0.99437135 0.99443746 0.99644274 0.99714065 0.9982742
 0.99797386 0.99822384 0.99108446 0.99840826 0.99804556 0.99823976
 0.997615   0.9985715  0.99913675 0.99772483 0.99767846 0.99814093
 0.99799085 0.99675316 0.9993135  0.9961932  0.99821883 0.99902487
 0.9966425  0.9971802  0.99779546 0.99828595 0.9376716  0.99853945
 0.99773276 0.9995407  0.99797827 0.8989428  0.9862775  0.9198709
 0.61781263]
[0.9978574  0.99883646 0.99731714 0.9984646  0.99514633 0.9945702
 0.9949904  0.9974027  0.9950913  0.99643815 0.9972005  0.9975472
 0.9976714  0.99696225 0.9893233  0.9984585  0.9934797  0.9970567
 0.99730325 0.9979876  0.99820685 0.99888426 0.9989542  0.99450195
 0.99550253 0.98994803 0.99464864 0.9962359  0.9978941  0.99518305
 0.9970626  0.99734277 0.997416   0.9987483  0.9967495  0.9990288
 0.99512404 0.9986707  0.9983072  0.99873966 0.99847215 0.9960891
 0.998558   0.9962657  0.99862695 0.9993375  0.9987092  0.9987149
 0.99947685 0.9975618  0.9978236  0.99786395 0.9948201  0.9978083
 0.99810827 0.99645495 0.99158657 0.7922969  0.9378366  0.96484727
 0.8815078  0.6607582 ]
[0.9977518  0.99789786 0.99701285 0.9989573  0.9950753  0.9977635
 0.996838   0.9965655  0.99644876 0.9957408  0.996788   0.99839705
 0.99693966 0.9971616  0.9962005  0.9985876  0.99342126 0.99695957
 0.99682295 0.99841285 0.99676126 0.9987909  0.99800843 0.99735826
 0.9970342  0.99091184 0.99643075 0.9971058  0.9980574  0.99790525
 0.9974571  0.99810636 0.9966073  0.9982193  0.99839705 0.99859756
 0.9969458  0.9982704  0.99804235 0.99797446 0.99658453 0.996986
 0.9972675  0.9918731  0.9989146  0.99620336 0.9979679  0.9984479
 0.997059   0.9974841  0.9980259  0.997724   0.9960741  0.99777883
 0.9981724  0.9953754  0.9974057  0.82376295 0.9193512  0.9778832
 0.955145   0.7105962 ]
[0.9974486  0.9988438  0.99621934 0.9986203  0.99494463 0.99667597
 0.9961583  0.9984401  0.9951272  0.9969764  0.9970554  0.998541
 0.99751675 0.99732023 0.99546546 0.99854267 0.9925269  0.99765515
 0.99814785 0.99748564 0.9972519  0.99889165 0.99698454 0.99527776
 0.99885464 0.9952992  0.99703634 0.997451   0.9975126  0.9977385
 0.9975793  0.9977963  0.99676275 0.9984328  0.9985025  0.99836797
 0.9970155  0.99855965 0.99795014 0.9986033  0.99764544 0.9960068
 0.9977576  0.99784887 0.99905163 0.9963994  0.99676406 0.9984388
 0.99934226 0.9970335  0.99853706 0.9980782  0.9949955  0.99834883
 0.9982982  0.99780387 0.99442106 0.95109826 0.99058926 0.7717575 ]
[0.99794656 0.99842656 0.9971806  0.9982805  0.9976084  0.9981285
 0.9950105  0.9966788  0.996393   0.9963651  0.9974246  0.99770963
 0.998268   0.9964612  0.99514824 0.9981205  0.9977552  0.997577
 0.998019   0.99872714 0.99489826 0.99853766 0.99702567 0.9945275
 0.99757165 0.99463403 0.995379   0.9969553  0.9974759  0.9968688
 0.9986525  0.99804544 0.9974251  0.9985764  0.99835616 0.9987752
 0.9960484  0.9978941  0.99822325 0.99779737 0.99852693 0.9972752
 0.9976439  0.9972988  0.9991233  0.99646497 0.9982498  0.9976908
 0.9986265  0.99852246 0.9982083  0.9976393  0.99567884 0.9981846
 0.9985279  0.99825925 0.99690527 0.9434352  0.9883808  0.8870053
 0.7636805 ]
[0.9974106  0.9988925  0.9970669  0.9984421  0.99671954 0.9977368
 0.9966028  0.999062   0.99647826 0.995741   0.9964729  0.9933293
 0.9976357  0.9965342  0.99144053 0.99729663 0.99932647 0.9973597
 0.99617445 0.998281   0.99436283 0.9985763  0.9978206  0.99634176
 0.9976169  0.9945885  0.9897383  0.99704736 0.9981705  0.99497014
 0.99790657 0.99803406 0.9973239  0.9986363  0.99263316 0.9983468
 0.99723524 0.9977124  0.99748284 0.99807006 0.99871254 0.9957242
 0.9972909  0.9971257  0.998767   0.99521977 0.99785835 0.99837434
 0.9947647  0.9969446  0.9979486  0.99823797 0.99479395 0.9991704
 0.99869186 0.9962476  0.9951747  0.8486603  0.83559895 0.8981899
 0.9431851  0.9585899 ]
[0.9961957  0.99754435 0.9958125  0.99604577 0.99593997 0.9972247
 0.99591994 0.9955129  0.9937962  0.9954686  0.99670035 0.99778545
 0.9966356  0.9972625  0.9917659  0.9974437  0.99205375 0.9958118
 0.9959401  0.9930715  0.99551976 0.9949274  0.99365556 0.9886955
 0.99472874 0.9930862  0.9957761  0.9965855  0.99576557 0.9969946
 0.99690187 0.99710745 0.99656576 0.99763453 0.9971744  0.99814177
 0.99563    0.9967272  0.9953685  0.9978816  0.9988187  0.99348044
 0.9973929  0.99627554 0.9984665  0.9954324  0.9979786  0.99719787
 0.99765563 0.99740714 0.9978096  0.98508275 0.9982698  0.998727
 0.9926334  0.99107856 0.997393  ]
[0.9968263  0.9981755  0.9963561  0.9989353  0.9966055  0.99900144
 0.9948402  0.9972579  0.9954638  0.9971745  0.9965048  0.9964664
 0.99814844 0.9961075  0.99351984 0.9984309  0.9932592  0.9969031
 0.99881315 0.9988938  0.9957546  0.9990451  0.99863523 0.9943037
 0.9972295  0.9845607  0.99211544 0.9965893  0.99738485 0.99600345
 0.99810505 0.99754274 0.9970595  0.99868137 0.9964734  0.99860877
 0.9946312  0.99847525 0.9984602  0.997413   0.99813676 0.9953886
 0.99787664 0.9960324  0.99953103 0.9937767  0.99697244 0.9988085
 0.99885976 0.99808407 0.9978713  0.99750346 0.9956722  0.9985576
 0.99851364 0.9972928  0.9957384  0.93452466 0.9838996  0.8657319
 0.6443496 ]
[0.9972625  0.99828255 0.99741805 0.9982326  0.99641883 0.998755
 0.99672854 0.99788946 0.9969079  0.99653697 0.9975139  0.9982734
 0.99774146 0.9966186  0.9952035  0.9993561  0.99655044 0.99706334
 0.9980058  0.9972863  0.99756014 0.9987257  0.99753344 0.9962592
 0.9965448  0.98790246 0.9941222  0.9972671  0.9961719  0.9986952
 0.9981499  0.99801326 0.9967078  0.99838877 0.99698156 0.9988569
 0.9971426  0.99841154 0.9984781  0.9989471  0.9982139  0.99746525
 0.99698347 0.9978248  0.9990465  0.99522036 0.9978416  0.9980496
 0.9989243  0.99765354 0.99844676 0.99709165 0.99579346 0.99793625
 0.99880314 0.9979091  0.9962393  0.9542923  0.98637056 0.9680499
 0.6022675 ]
[0.99704677 0.99838567 0.9977969  0.99901605 0.99501604 0.998774
 0.99477494 0.9991732  0.99550545 0.9964359  0.9968334  0.9976617
 0.99793386 0.99635834 0.9949144  0.998678   0.994544   0.9975631
 0.9981622  0.99794275 0.9954229  0.9983279  0.9979346  0.9970101
 0.99552983 0.9862098  0.9946942  0.9985135  0.99784577 0.9971456
 0.99847704 0.9984432  0.99690527 0.998365   0.9986891  0.9988213
 0.9965622  0.998418   0.9977678  0.9985331  0.9971445  0.99764544
 0.99762076 0.9993573  0.9989078  0.99532974 0.99816626 0.998804
 0.99844533 0.9974667  0.9963582  0.99680305 0.9984308  0.99696785
 0.996405   0.996505   0.99858165 0.9810574  0.9679125  0.9972699 ]
[0.99784505 0.9984694  0.99608433 0.99844825 0.9970421  0.99841285
 0.9974252  0.9975313  0.99563956 0.99658114 0.99754214 0.9978836
 0.997021   0.9966143  0.9942088  0.99816316 0.99737203 0.9966018
 0.9986314  0.99847835 0.9985176  0.99831283 0.9955721  0.9949582
 0.99881375 0.99251443 0.9967879  0.99752873 0.9984408  0.9979486
 0.9982383  0.9985744  0.9971955  0.9990325  0.9981364  0.99915385
 0.9957808  0.99835616 0.9986755  0.9975827  0.9983424  0.9966024
 0.9976115  0.99806124 0.998587   0.99760866 0.9978543  0.9988481
 0.9980647  0.9986325  0.99709785 0.99967873 0.99716043 0.996311
 0.9977847  0.99769515 0.99431664 0.98969626 0.8314054 ]
[0.9975714  0.99814904 0.9968354  0.9985697  0.9979316  0.997633
 0.99707305 0.99855345 0.9959627  0.9965251  0.9975943  0.9978922
 0.9969675  0.9954874  0.989819   0.9984768  0.99802136 0.99680734
 0.99899036 0.996545   0.9979346  0.99936885 0.9983026  0.99668247
 0.9970023  0.98982227 0.99474335 0.9966878  0.9894824  0.9977761
 0.9982278  0.99743515 0.9897512  0.99815553 0.99783355 0.99774677
 0.99567235 0.9968911  0.9975012  0.99721414 0.9977958  0.9970114
 0.99702924 0.9968286  0.9986284  0.9964407  0.9962998  0.99608946
 0.9990996  0.9973617  0.9976776  0.99785846 0.99560297 0.9983833
 0.99726295 0.99409455 0.9960866  0.95047295 0.97789794 0.9861227 ]
[0.99696046 0.9979786  0.99749124 0.99902904 0.99652016 0.99863523
 0.996439   0.99928707 0.99743265 0.9969824  0.9961396  0.9978338
 0.99691075 0.99628437 0.9927061  0.99641705 0.9986085  0.99757725
 0.99751246 0.9986588  0.9950825  0.99869764 0.99796826 0.99815804
 0.9974421  0.99101174 0.9947126  0.9961546  0.9951527  0.9980009
 0.99814355 0.9980867  0.99677604 0.99796116 0.9972499  0.9988852
 0.99582916 0.9974732  0.99795413 0.99772984 0.9979528  0.9969202
 0.9971808  0.9969388  0.9993782  0.9965708  0.9983535  0.9977204
 0.9991906  0.9973864  0.99733055 0.99761826 0.99513596 0.9983046
 0.9976283  0.99796814 0.99701345 0.83283705 0.923779   0.9859524
 0.64592206]
[0.9971113  0.99812275 0.9962048  0.99922323 0.9961546  0.9979442
 0.99633527 0.9980155  0.9964361  0.99707294 0.9974369  0.9953165
 0.9973908  0.996183   0.997253   0.9988279  0.9974432  0.9960157
 0.99647176 0.9987662  0.9952087  0.99854785 0.99845076 0.99854076
 0.9963779  0.9880924  0.9947514  0.9973623  0.9831276  0.99567044
 0.99814856 0.9966235  0.99790645 0.99785054 0.9959507  0.99820614
 0.9945966  0.9978257  0.9985267  0.99670416 0.9976927  0.9988199
 0.9956988  0.9965048  0.9991831  0.9989022  0.9967527  0.9991524
 0.999448   0.9984937  0.9980799  0.9961659  0.9973847  0.99617934
 0.9976675  0.9978942  0.992669   0.64305454 0.95062554 0.9781571
 0.56423956 0.7385259 ]
[0.9979169  0.9981335  0.9971354  0.9986952  0.9968919  0.99803704
 0.99578804 0.99758863 0.99665606 0.99647576 0.99658954 0.99818027
 0.9978503  0.9963695  0.99536127 0.9984144  0.9973017  0.9974305
 0.99931943 0.99825543 0.9958697  0.9987318  0.997528   0.9960479
 0.9972555  0.99501497 0.9970298  0.9978818  0.99790657 0.9972535
 0.99822813 0.99791056 0.9976908  0.99840933 0.99820995 0.9983839
 0.9972807  0.99832386 0.99827313 0.99902534 0.99826187 0.99527824
 0.9978035  0.9958188  0.99843603 0.9949185  0.9979152  0.9989034
 0.9986424  0.9979735  0.99731475 0.9979646  0.9971572  0.99874675
 0.9982527  0.9972293  0.9964265  0.927353   0.99176824 0.983502
 0.99525625 0.6557553 ]
[0.9976793  0.9986029  0.9968375  0.99883264 0.9939965  0.9984327
 0.99684024 0.9983005  0.9972475  0.99599445 0.99740595 0.99826765
 0.997755   0.9964463  0.99218583 0.999265   0.99754024 0.99679214
 0.9983469  0.99794763 0.9960156  0.9985072  0.9955319  0.99452907
 0.99584335 0.9911396  0.9960406  0.9959764  0.99820197 0.9977835
 0.9987937  0.99849033 0.99572706 0.99770504 0.99696106 0.9991793
 0.99628145 0.99707854 0.9989681  0.9981805  0.99878365 0.9988637
 0.99650735 0.99744725 0.99842453 0.99623317 0.9981652  0.9986512
 0.99878675 0.99762815 0.99749327 0.9949437  0.99699676 0.9990012
 0.9968093  0.9916045  0.9948113  0.9817168  0.93257684 0.9836767
 0.78893775]
[0.9964101  0.99807227 0.9974905  0.9985317  0.9955063  0.9972595
 0.99583036 0.9972511  0.99618125 0.997347   0.9975915  0.995466
 0.99802077 0.9967417  0.99167824 0.99876994 0.99784493 0.9978649
 0.9953152  0.99859184 0.9962101  0.9983474  0.9979779  0.9971552
 0.99796045 0.9891396  0.9954022  0.9954188  0.99850947 0.99370074
 0.99752694 0.9981705  0.99811447 0.99899226 0.998242   0.9985018
 0.9957936  0.9964624  0.997775   0.9981179  0.9975268  0.9976847
 0.99575365 0.99399626 0.9986786  0.9989121  0.9979226  0.99866617
 0.9991511  0.9979678  0.9983006  0.983769   0.99439114 0.9977901
 0.9977107  0.99682486 0.99494547 0.9717827  0.8336203  0.99830073
 0.5122667 ]
[0.9975981  0.9984219  0.99504304 0.99816424 0.996573   0.997514
 0.9975739  0.9978142  0.9968149  0.9941527  0.9978002  0.99708337
 0.99822944 0.99653375 0.9940897  0.99869555 0.9904385  0.9963081
 0.99662685 0.99805874 0.99517065 0.99871683 0.9987827  0.99063486
 0.99768794 0.9790678  0.99329174 0.9968219  0.9935042  0.99467385
 0.99767023 0.9965661  0.99187535 0.996637   0.993292   0.9969535
 0.994752   0.9975224  0.99763584 0.99570054 0.9957824  0.9967548
 0.9968725  0.9976719  0.9987801  0.9947966  0.9977837  0.99687153
 0.9977189  0.99832886 0.99823356 0.99714345 0.99459237 0.9975479
 0.9972614  0.9942008  0.9943125  0.78012556 0.83992314 0.9977416 ]
[0.99736196 0.9978771  0.99415106 0.99659747 0.99790514 0.99795973
 0.9964539  0.9939564  0.9946683  0.99396837 0.99693704 0.9981536
 0.996734   0.99675    0.99409336 0.9976853  0.996669   0.9967007
 0.9958812  0.99432474 0.99528766 0.9980793  0.9878279  0.99280894
 0.99679273 0.9926601  0.9943674  0.996259   0.9976083  0.99446553
 0.998175   0.9970933  0.99667645 0.9990119  0.99724567 0.9986064
 0.99506515 0.9954656  0.9944324  0.9975097  0.9987128  0.99640924
 0.9972446  0.9959876  0.9984316  0.9960957  0.9972389  0.995754
 0.997021   0.9966151  0.9964898  0.99498475 0.9982389  0.9982216
 0.9857027  0.9895036  0.99670464]
[0.99734455 0.99817026 0.99809176 0.99892396 0.9983203  0.9986817
 0.9964773  0.99364567 0.9953176  0.9959961  0.9968946  0.9967014
 0.9978829  0.9959863  0.9912623  0.99840134 0.998216   0.9984024
 0.9972029  0.99777067 0.9969715  0.99835134 0.99669826 0.99085313
 0.9957118  0.98991686 0.99569714 0.9981445  0.9978666  0.99346256
 0.99694425 0.9971411  0.99289495 0.99841225 0.9955531  0.99745494
 0.99553853 0.9986039  0.9982482  0.9982377  0.99775887 0.99555475
 0.9979962  0.99687564 0.9992822  0.99585295 0.9975434  0.9969999
 0.999231   0.9968413  0.998738   0.98259395 0.9966618  0.9982474
 0.99761176 0.995449   0.980893   0.80379367 0.9977342 ]
