Mprobs for dataset 3 (AIC)

[0.9979407  0.99648416 0.99717796 0.9983455  0.99930024 0.9961725
 0.9892239  0.99716264 0.99585885 0.9964413  0.9973265  0.99851686
 0.9978527  0.99564207 0.99242425 0.9986173  0.9902727  0.99639183
 0.994586   0.9981852  0.99705803 0.9988366  0.9986576  0.9968395
 0.98876524 0.9941857  0.99912196 0.9967181  0.998185   0.9971624
 0.9977921  0.99760664 0.9972779  0.9989384  0.99832505 0.99743134
 0.9967687  0.99843615 0.9983348  0.9987411  0.99873    0.9969361
 0.9978011  0.99799347 0.99644476 0.99832743 0.9988318  0.9988171
 0.9978067  0.99751616 0.9855619  0.9857846  0.99801457 0.9987815
 0.9992111  0.9959533  0.85001445 0.9626376  0.8883685  0.9111203
 0.99143267 0.98235667 0.92704237 0.95977116 0.9955005  0.99632925]
[0.997615   0.99694484 0.99926466 0.997687   0.9960907  0.99759597
 0.9959556  0.99818534 0.9964257  0.99806577 0.99719256 0.9983563
 0.9981206  0.995415   0.9936951  0.9909033  0.9922884  0.9973131
 0.99700445 0.9986387  0.9925961  0.99868625 0.9979949  0.99538064
 0.9981846  0.99821544 0.9945903  0.99726117 0.997741   0.9985441
 0.9977956  0.99867827 0.99766976 0.99821246 0.99830735 0.99864525
 0.9974497  0.99571663 0.99836653 0.99769574 0.99790716 0.9961665
 0.9972626  0.9975426  0.9992192  0.99691975 0.99823415 0.9981567
 0.9976295  0.9982222  0.99884284 0.9971732  0.9970073  0.99566394
 0.9984267  0.9990926  0.9963883  0.80306023 0.97761476 0.9912021
 0.95421684 0.8905484  0.9769793  0.91068906 0.9779051  0.92563534
 0.742515   0.70677096 0.95994806]
[0.9969446  0.9983193  0.9957058  0.998995   0.99732757 0.9986951
 0.995977   0.9982535  0.99673694 0.99563015 0.99724627 0.99782217
 0.99676764 0.9962955  0.99586123 0.997647   0.9916843  0.99746144
 0.99850684 0.99818903 0.9959914  0.9984131  0.9987016  0.99785775
 0.998173   0.994547   0.9955817  0.9978922  0.9978853  0.9964011
 0.9983437  0.99830073 0.99563    0.99873155 0.9981446  0.999074
 0.9961004  0.9981852  0.99865854 0.9989473  0.99858993 0.9962298
 0.9979498  0.996698   0.9992611  0.9969029  0.9976471  0.99813473
 0.9980361  0.99655676 0.99854636 0.99835914 0.9979025  0.9984112
 0.9981166  0.99812967 0.99357706 0.7742138  0.8161024  0.67441565
 0.91482544 0.86422795 0.9945774  0.97071654 0.5151075  0.9741353
 0.86076564 0.8974244 ]
[0.99680257 0.9988115  0.9965043  0.9980488  0.9964174  0.99783605
 0.99682045 0.9979658  0.9970477  0.9955974  0.9976121  0.9987072
 0.99783117 0.99493814 0.9949753  0.99744993 0.99372995 0.99731296
 0.9972474  0.9974089  0.9968791  0.9988427  0.99669373 0.9990934
 0.995764   0.99233776 0.9968081  0.9982657  0.9942753  0.9940499
 0.9980671  0.9985232  0.9976502  0.99885166 0.9969598  0.9988154
 0.99670994 0.9986004  0.9985863  0.9984937  0.9949307  0.9973471
 0.9973683  0.9961564  0.9991899  0.99758184 0.99800855 0.99760735
 0.99421823 0.99892277 0.9984219  0.99799037 0.99621    0.99808455
 0.9985317  0.9969824  0.9954888  0.9145105  0.95939845 0.8771695
 0.9900592  0.9717566  0.944985   0.74771714 0.8915027  0.8719914
 0.99629706]
[0.99746454 0.9980507  0.99684286 0.99873704 0.9961265  0.9980704
 0.9958038  0.9983152  0.99765354 0.9959947  0.997115   0.9977188
 0.99763274 0.99489486 0.99238425 0.9916157  0.99607074 0.99798894
 0.9982114  0.9845969  0.9993186  0.9984635  0.9966898  0.9958204
 0.99554056 0.9944746  0.9980392  0.9973949  0.99722064 0.9985245
 0.9987923  0.9958882  0.99893266 0.9976921  0.9989801  0.99586946
 0.9979505  0.99792755 0.99812454 0.99704415 0.9965515  0.9969086
 0.9985998  0.998741   0.99783033 0.99834776 0.9982601  0.99790657
 0.99666435 0.99748576 0.99703085 0.99526167 0.9969157  0.99845195
 0.99846005 0.9946637  0.63201326 0.99272823 0.95932454 0.9063303
 0.9931988  0.8949863  0.9123037  0.64180416 0.995836  ]
[0.99802077 0.998517   0.9973936  0.99883896 0.99441874 0.9967145
 0.9964982  0.99803513 0.99705964 0.99737984 0.99803156 0.9975298
 0.99743515 0.9956564  0.99415016 0.9953147  0.9980842  0.99718577
 0.99922884 0.99861205 0.9943024  0.9991216  0.99746823 0.9966221
 0.99495405 0.99514043 0.99589074 0.9981511  0.9970529  0.9986229
 0.99758923 0.998005   0.9953473  0.9983865  0.9972812  0.9981516
 0.99669915 0.99859124 0.9970607  0.99807644 0.9978981  0.9974558
 0.9957795  0.9979672  0.9992225  0.99364716 0.9984925  0.9965863
 0.99619776 0.99762326 0.99875176 0.99682826 0.99419266 0.9989165
 0.99821717 0.9944066  0.9948513  0.9937443  0.99094075 0.9033516
 0.9694547  0.98724246 0.9661912  0.9439727  0.89855313]
[0.997785   0.99842227 0.99761873 0.99870586 0.9997292  0.99846435
 0.99664056 0.9985399  0.9964972  0.99666023 0.9972856  0.9985141
 0.9978824  0.9960712  0.9932365  0.9977055  0.99808145 0.9978163
 0.996988   0.9983354  0.99550617 0.9994987  0.9979367  0.99064726
 0.9951422  0.9904165  0.99616194 0.99656457 0.9982665  0.9987024
 0.998664   0.9986656  0.9971777  0.9986355  0.9968637  0.9990306
 0.9972752  0.99657935 0.9970579  0.99810386 0.99877185 0.9979963
 0.9976618  0.99725205 0.9991485  0.9946221  0.9983783  0.9984794
 0.9981287  0.99768686 0.9977284  0.99715376 0.9964978  0.99867564
 0.9986505  0.99419975 0.8646646  0.9866458  0.9812858  0.8797522
 0.98483175 0.6134135  0.86348    0.896529  ]
[0.99789786 0.99876094 0.9972838  0.99804074 0.99806947 0.99862087
 0.99356705 0.99673164 0.9971578  0.9971455  0.9974927  0.9983902
 0.9977907  0.9972893  0.993962   0.99827814 0.99878246 0.9968136
 0.99800724 0.99760264 0.99526453 0.99829596 0.9969799  0.9975484
 0.9968305  0.99102753 0.9984806  0.9971686  0.9982316  0.9986739
 0.9979194  0.9977902  0.99807227 0.99888545 0.99783415 0.99776304
 0.996813   0.99567044 0.9971807  0.9984041  0.99813443 0.9971137
 0.99774396 0.9990044  0.9988294  0.99706644 0.99950063 0.9979867
 0.9978393  0.9977138  0.99841654 0.9971258  0.9969258  0.9975561
 0.99863106 0.9980963  0.99557364 0.96950793 0.9946979  0.7688894
 0.98723364 0.8039058  0.52950877 0.8456019  0.6835188  0.8057128
 0.9913215  0.9558435 ]
[0.9980044  0.9980381  0.99673235 0.9991264  0.9969807  0.9983851
 0.9953992  0.99843127 0.9975025  0.99702436 0.99656737 0.99811375
 0.9983223  0.9955096  0.9914868  0.9969381  0.99850345 0.99749446
 0.9984242  0.9972331  0.99564016 0.99849343 0.99602437 0.99552685
 0.9974412  0.9906171  0.993916   0.99733293 0.99786925 0.99642617
 0.9982962  0.9987545  0.9975999  0.9990652  0.9976375  0.9971206
 0.9962542  0.9959902  0.9979505  0.9986211  0.99767476 0.99746335
 0.9979576  0.9968015  0.99892753 0.9962496  0.9965604  0.9978562
 0.9965432  0.9983387  0.9973405  0.9972365  0.9969702  0.9983234
 0.9980149  0.996646   0.9973568  0.94345164 0.91487753 0.9255377
 0.9885421  0.96063757 0.83726054 0.87317675 0.5341542  0.98689866
 0.847763  ]
[0.9974921  0.9983216  0.99709105 0.99874663 0.9967706  0.99546754
 0.9929275  0.998408   0.9987814  0.996345   0.99796754 0.99765235
 0.9981652  0.99709916 0.989481   0.998209   0.9966509  0.9968964
 0.99672556 0.99652785 0.9929155  0.9982816  0.99493045 0.99825126
 0.99627423 0.9944171  0.9917337  0.9968779  0.99807006 0.9980996
 0.9986792  0.99759525 0.9972361  0.99846065 0.99749655 0.9982711
 0.99632674 0.9976199  0.9979881  0.99817693 0.995344   0.99759007
 0.9979907  0.99789965 0.99940515 0.99793124 0.99777657 0.9983291
 0.988166   0.9990809  0.99784994 0.99595886 0.9943538  0.996289
 0.99830014 0.9970162  0.9922943  0.8905236  0.7043761  0.8889389
 0.98246574 0.9188182  0.6751275  0.99450666 0.6594692  0.98809695
 0.9918108  0.91597897 0.9135707  0.5354759 ]
[0.99730396 0.99907935 0.99760073 0.9978809  0.9994374  0.9976127
 0.9958587  0.9977124  0.996777   0.9954711  0.9964754  0.99722666
 0.9972867  0.9967874  0.99733657 0.9973584  0.9943604  0.9967368
 0.9975285  0.99781716 0.9962249  0.99893063 0.9982559  0.99503195
 0.995596   0.98896337 0.99393904 0.9969177  0.9977975  0.99804
 0.9979849  0.9982917  0.99799913 0.9983632  0.9980413  0.9990043
 0.99578744 0.9986193  0.9980052  0.9981668  0.9975666  0.99861
 0.9980661  0.9951702  0.9988444  0.9991904  0.9985973  0.9992274
 0.99664587 0.99792933 0.99787223 0.99650383 0.9962375  0.99842656
 0.9987521  0.9985876  0.9967884  0.9363892  0.9440513  0.9922941
 0.94613457 0.95325017 0.5524198  0.95518243 0.9305324  0.56358576]
[0.9979462  0.9967097  0.9981937  0.9985875  0.99772435 0.99785197
 0.9937523  0.99509674 0.99350935 0.99660987 0.9982796  0.99833655
 0.9969722  0.9946661  0.9961408  0.9972811  0.9983726  0.9954691
 0.99724174 0.9983575  0.9980565  0.996795   0.9963308  0.9962584
 0.9927239  0.99627006 0.99309653 0.99802303 0.9975374  0.9962913
 0.99840766 0.9968675  0.997569   0.99616796 0.99529296 0.9963075
 0.8947666  0.9979266  0.98286957 0.9971813  0.9973922  0.9981013
 0.99900657 0.9985967  0.99694747 0.7185608  0.9985576  0.99553704
 0.99521375 0.99842143 0.99672407 0.9919143  0.9991179  0.9985512
 0.9982309  0.99486864 0.95173913 0.9432383  0.96837246 0.8559004
 0.67766756 0.83261883 0.5581703  0.6347082  0.8647034 ]
[0.9967422  0.99776626 0.9972779  0.9976521  0.9975132  0.999111
 0.99594647 0.9980848  0.9969739  0.9968599  0.9972289  0.99856734
 0.99736506 0.9970463  0.9966048  0.9990932  0.9988655  0.9970055
 0.9979867  0.9979578  0.9978946  0.9977998  0.99309087 0.9958941
 0.9961468  0.992516   0.99616444 0.9968509  0.99760276 0.99591404
 0.9985734  0.99806064 0.9975326  0.9984609  0.99799806 0.9979948
 0.9977342  0.99763274 0.99817336 0.9984302  0.9974021  0.99740356
 0.9970192  0.99764305 0.9986179  0.99576306 0.9982492  0.99681926
 0.99810106 0.9986512  0.9968225  0.9978148  0.9945193  0.9983204
 0.99805343 0.99627787 0.9959144  0.9546889  0.99565226 0.9878406
 0.9869142  0.9820833  0.902941   0.9494389  0.9718078  0.922186
 0.6907589 ]
[0.99702257 0.9959436  0.9964379  0.9992524  0.9608947  0.99697495
 0.9882457  0.99812    0.9936521  0.9990382  0.99820054 0.9985807
 0.9980065  0.9964886  0.98699397 0.99671316 0.9902739  0.9963715
 0.9966725  0.9982828  0.98018736 0.9982527  0.997408   0.99464226
 0.99085146 0.9965888  0.99745816 0.9944852  0.998055   0.99645114
 0.99792695 0.9978671  0.76445335 0.9985671  0.99566466 0.9982674
 0.9953349  0.9982672  0.9988213  0.9987307  0.99683833 0.9979988
 0.9960038  0.99817586 0.9991185  0.9985361  0.99905664 0.99660504
 0.9988734  0.99601305 0.9983531  0.9817359  0.99449474 0.9986625
 0.99811894 0.993895   0.99060035 0.9911773  0.7992765  0.6777544
 0.9382927  0.96858793 0.85566014 0.9837008  0.85164165 0.94343406
 0.99276274]
[0.9977902  0.99810165 0.9966312  0.9986952  0.9973999  0.9972844
 0.9957968  0.99896777 0.9968817  0.9972473  0.9974076  0.9967378
 0.99784267 0.9958525  0.99590683 0.99840635 0.99522614 0.997436
 0.9979741  0.9969778  0.9926676  0.99842286 0.9979728  0.9947806
 0.9981316  0.990101   0.9933421  0.9963193  0.99645495 0.99407417
 0.9985317  0.9976999  0.99813443 0.99848276 0.99736834 0.999121
 0.99539423 0.9964478  0.99863964 0.998566   0.9975871  0.9977581
 0.9981944  0.99681854 0.9990343  0.9940341  0.9975539  0.9975623
 0.99919873 0.9985201  0.9988949  0.9977362  0.9928644  0.9952808
 0.9978806  0.99682343 0.99639136 0.973623   0.93886787 0.96630627
 0.8040319  0.987936   0.9882343  0.56016123 0.55942684 0.9372628
 0.69756037]
[0.99801874 0.99865353 0.99673504 0.9991241  0.9964904  0.9982633
 0.99734384 0.9988636  0.99706775 0.99740964 0.9970251  0.9975635
 0.9981299  0.9966635  0.9959194  0.9966394  0.99811566 0.9964805
 0.9979765  0.998575   0.9937266  0.99799216 0.9986498  0.99441636
 0.99661523 0.9914808  0.99331903 0.99777055 0.99844766 0.99408025
 0.99859303 0.99837494 0.9946694  0.99886924 0.99667513 0.9982408
 0.99131596 0.9971915  0.9977187  0.9984181  0.99859697 0.9963098
 0.9970789  0.99547666 0.9992011  0.99678576 0.9978136  0.9986035
 0.99638534 0.997666   0.998577   0.9973947  0.9955236  0.9978308
 0.99803597 0.9981071  0.99793494 0.9689067  0.691223   0.9498824
 0.95159394 0.995246   0.97781175 0.5142472  0.92149705 0.82792646]
[0.9971993  0.99826247 0.996752   0.99836785 0.9945075  0.9968059
 0.99600875 0.9984043  0.99718934 0.99621373 0.99688005 0.9977336
 0.99738854 0.99685526 0.9950936  0.99570304 0.998613   0.997355
 0.99794716 0.99817073 0.9971424  0.99806136 0.9963335  0.9965314
 0.9970651  0.99512404 0.99330294 0.9971938  0.99809843 0.997584
 0.997378   0.9981798  0.99700385 0.9977411  0.99830866 0.9985493
 0.99435437 0.99760675 0.9982482  0.9980958  0.9975546  0.99872464
 0.9983354  0.9971144  0.99915767 0.99502254 0.9978967  0.9961915
 0.99901533 0.99727446 0.99871516 0.9981141  0.9948872  0.99883324
 0.9983699  0.9985178  0.99567646 0.981516   0.9662514  0.9925162
 0.97501117 0.9551728  0.93852127 0.78137076]
[0.99476105 0.99462444 0.9961563  0.99713    0.9897649  0.9983865
 0.9937401  0.9982426  0.9967435  0.9942994  0.99590504 0.9962309
 0.99617887 0.9960603  0.9974253  0.9961987  0.9971969  0.9958973
 0.9969266  0.9983273  0.99627185 0.99801695 0.993619   0.99600947
 0.98277897 0.9828895  0.9943336  0.9970433  0.9924521  0.99433446
 0.9965526  0.99732095 0.9946247  0.9977563  0.99383163 0.9962752
 0.99311864 0.996203   0.9974874  0.9989644  0.99649686 0.9970611
 0.997071   0.9965598  0.99891925 0.997021   0.9886774  0.99887675
 0.99532676 0.99355847 0.99694365 0.9945205  0.99485934 0.991568
 0.9965078  0.9948938  0.995235   0.9676482  0.99156946 0.78485584
 0.7661666  0.9934407  0.8962792  0.97062194 0.51794785 0.8480399
 0.7669852 ]
[0.9965168  0.9989241  0.9969754  0.99858284 0.99797124 0.997733
 0.99404514 0.99747616 0.9967901  0.99190277 0.9967313  0.99769187
 0.9971595  0.9972132  0.9942372  0.99796945 0.99871695 0.996947
 0.9977181  0.9976908  0.99251646 0.99759406 0.99788946 0.9983348
 0.9955214  0.99333405 0.99703145 0.99653256 0.9976065  0.9974897
 0.9979134  0.9979227  0.9959358  0.9989002  0.9980095  0.99887794
 0.99928707 0.997715   0.99819726 0.99720615 0.9974866  0.99825996
 0.99743456 0.996269   0.99922323 0.99720156 0.9978667  0.9975568
 0.99356294 0.99811494 0.998324   0.9968997  0.99692863 0.9971585
 0.99842644 0.99794465 0.9961624  0.92982864 0.8574873  0.96606886
 0.80788785 0.99005836 0.9018084  0.9492279  0.9956131  0.965474
 0.93512374 0.98995626 0.74522173 0.67640567]
[0.99684024 0.99780434 0.99519914 0.9952864  0.9966348  0.99801034
 0.9949498  0.99543387 0.995069   0.99402505 0.99726886 0.99745136
 0.9972946  0.99576217 0.9926553  0.99689937 0.9958241  0.99479127
 0.99789053 0.9951475  0.9945287  0.9966363  0.9924844  0.99390984
 0.99536127 0.99140525 0.99464464 0.99763656 0.996968   0.9969591
 0.9976427  0.9981792  0.997051   0.9978606  0.9975236  0.9981432
 0.99634486 0.99595225 0.99326867 0.9974928  0.9982492  0.9969253
 0.9944976  0.9969217  0.9980116  0.99352324 0.99747145 0.9976064
 0.99714833 0.9978806  0.99615943 0.9963127  0.99792874 0.9989636
 0.9956352  0.9895817  0.9979632 ]
[0.9977315  0.9979849  0.99606735 0.9988826  0.9952434  0.99853265
 0.99433136 0.9966613  0.9978187  0.9957975  0.9978776  0.99665004
 0.99771404 0.99587715 0.9957176  0.9962029  0.99350774 0.997554
 0.99710566 0.99778974 0.9962042  0.99813616 0.9969452  0.99615616
 0.99578863 0.9970034  0.9935448  0.9964223  0.99827564 0.9980478
 0.9980142  0.9975393  0.99690044 0.99869764 0.9973909  0.99795157
 0.9917903  0.99811554 0.9966108  0.9987521  0.99865484 0.99667215
 0.99781215 0.99844897 0.99935025 0.9964264  0.99741024 0.9976367
 0.9984322  0.9978155  0.9982412  0.9969861  0.99641585 0.99726665
 0.99882656 0.99467105 0.997065   0.9916284  0.9740534  0.9609298
 0.95376337 0.87637717 0.86463284 0.94918525 0.64552325]
[0.9969928  0.9985807  0.9964359  0.9980094  0.9996044  0.9964228
 0.9978586  0.9970913  0.99677026 0.9972494  0.9985831  0.9983463
 0.99560046 0.99265665 0.9963446  0.99581003 0.99708396 0.9976138
 0.9980762  0.9958294  0.99935216 0.99819607 0.9974427  0.99614847
 0.99454415 0.9960834  0.99702746 0.9985279  0.9983316  0.9980896
 0.99782616 0.9973701  0.9977719  0.9977743  0.99835443 0.9981299
 0.9979243  0.9954543  0.99822754 0.9964695  0.9977927  0.99659365
 0.99888295 0.9988537  0.99740857 0.9971584  0.9985039  0.99737215
 0.99809855 0.9980744  0.99532276 0.99556535 0.99892527 0.9979475
 0.9969133  0.9959139  0.9917915  0.9805551  0.9349797  0.6227736
 0.9687433  0.88281    0.8057158  0.9654434  0.89819163 0.5581305
 0.84555113 0.9744567 ]
[0.9979925  0.99893576 0.996739   0.9984464  0.9959377  0.9951049
 0.9343228  0.99783784 0.99767965 0.9942542  0.9976902  0.9982206
 0.9977202  0.9975205  0.97509354 0.9971208  0.90854895 0.9974923
 0.99833786 0.99876297 0.99789053 0.99806815 0.99866605 0.9978648
 0.99484587 0.9916359  0.98408115 0.996655   0.9975932  0.99574727
 0.995706   0.9953779  0.9957137  0.9983253  0.99642134 0.998744
 0.9981438  0.9964484  0.9976699  0.9974179  0.9976029  0.99771583
 0.9977708  0.9978744  0.99874026 0.99816316 0.99718314 0.99923813
 0.99588376 0.9980738  0.997884   0.99615306 0.9924159  0.9990709
 0.99817073 0.9957818  0.9446339  0.85401565 0.5593563  0.9378342
 0.825797   0.9246553  0.96700054 0.7752786  0.9285442  0.7751649
 0.71016353 0.63501894]
[0.9971981  0.9980819  0.9966478  0.9986652  0.99586064 0.99916995
 0.9960317  0.99817526 0.9968778  0.99525344 0.99775726 0.9980476
 0.9974547  0.99690443 0.99447954 0.99700135 0.99701893 0.9966535
 0.99849    0.99832433 0.99607253 0.9982718  0.9965469  0.998319
 0.99486935 0.9921366  0.99518543 0.99776995 0.99789846 0.99573416
 0.99784565 0.9978557  0.9961606  0.99813086 0.9975293  0.9983027
 0.995291   0.996546   0.9977729  0.99878913 0.99771845 0.99613094
 0.9974819  0.9978859  0.998362   0.99354583 0.99866354 0.99762315
 0.99791425 0.99733055 0.99907327 0.9983065  0.9876644  0.99751914
 0.9974521  0.99629384 0.99548054 0.97658175 0.91309166 0.5901255
 0.96412516 0.989021   0.99591416 0.99278414 0.9016966 ]
[0.99745876 0.99797827 0.99648535 0.99903524 0.9984724  0.99874073
 0.99592423 0.9983637  0.99823606 0.99676216 0.99757606 0.9989753
 0.99740076 0.99644816 0.99256164 0.99889416 0.9979266  0.9970989
 0.9984456  0.9973182  0.9968265  0.99893564 0.99855787 0.99486417
 0.9960323  0.99451905 0.9956073  0.9973755  0.99413884 0.9978886
 0.9973857  0.9985348  0.99692875 0.99806005 0.9972224  0.9979048
 0.99712014 0.9978561  0.99812156 0.9986714  0.99806315 0.99799395
 0.9978309  0.99667126 0.99883    0.995743   0.9974662  0.99829155
 0.9951963  0.9971119  0.9978828  0.99813    0.99607027 0.99753904
 0.99896455 0.996461   0.9974486  0.94752026 0.97155356 0.8422386
 0.955603   0.969157   0.86955154 0.9914893  0.9395152 ]
[0.99724066 0.9978516  0.99752873 0.999014   0.99497706 0.99793905
 0.9973431  0.99910635 0.99754214 0.99639124 0.997486   0.99851567
 0.9975459  0.99578494 0.99478287 0.9984913  0.997623   0.9974764
 0.99763775 0.99850804 0.99647695 0.99934477 0.9980261  0.9973756
 0.99741155 0.9946903  0.9966987  0.9964122  0.9972011  0.9985234
 0.9985146  0.9979348  0.9982333  0.9987256  0.9979036  0.99898607
 0.9957157  0.9983494  0.9978556  0.99823797 0.9978969  0.99801433
 0.9955995  0.99702257 0.9989072  0.99698335 0.99896824 0.99661463
 0.99831164 0.9986609  0.9952506  0.9970804  0.9985037  0.9979724
 0.997997   0.9982845  0.67970663 0.938773   0.8832747  0.9921646
 0.9984981  0.98083454 0.83739483]
[0.996349   0.99770254 0.9964169  0.9976547  0.99479264 0.9984623
 0.9978212  0.9983022  0.99518126 0.9964095  0.99639744 0.9971717
 0.9979963  0.9972184  0.9953241  0.99712104 0.9989008  0.99643457
 0.99566346 0.998302   0.99567634 0.999121   0.99771035 0.995676
 0.99520725 0.995336   0.9959258  0.9971872  0.99543095 0.99653554
 0.998575   0.9975401  0.9963559  0.99797064 0.9981756  0.9990422
 0.99693215 0.99758565 0.99776757 0.998058   0.99784136 0.9959104
 0.99706715 0.99723697 0.9987858  0.99850345 0.99533844 0.9989064
 0.99795425 0.99831414 0.99841404 0.99320954 0.99705434 0.99855787
 0.99857926 0.99716884 0.9958045  0.8025747  0.8769321  0.91809475
 0.93714917 0.99578696 0.99281836 0.8682663 ]
[0.99809724 0.99816173 0.9974717  0.9967313  0.9966409  0.9985043
 0.9952573  0.99911064 0.99700075 0.9964437  0.99781114 0.99790275
 0.9983333  0.99695325 0.9919431  0.99921536 0.98705393 0.9975502
 0.9971554  0.9965108  0.9932381  0.9981832  0.99807173 0.9936401
 0.99756193 0.99165183 0.99644035 0.9978764  0.99820197 0.9983444
 0.9988116  0.998569   0.9979615  0.9983771  0.99773175 0.99889815
 0.996924   0.9985927  0.9983516  0.9973761  0.99855417 0.9966145
 0.9970126  0.99618715 0.9986437  0.99597496 0.9979658  0.9986089
 0.9986578  0.99824476 0.99842775 0.99777967 0.9963731  0.996845
 0.9989355  0.9975569  0.99772114 0.9894672  0.88980746 0.91126823
 0.97431165 0.7724475  0.780518   0.94503874 0.6213092 ]
[0.9979918  0.9977114  0.99686474 0.9974975  0.9942762  0.99814606
 0.9969764  0.9965605  0.9980428  0.99539065 0.99762005 0.997497
 0.99742115 0.9962895  0.9942311  0.9980959  0.9886789  0.99792516
 0.99768114 0.9966625  0.99850625 0.9990048  0.99619436 0.9934465
 0.9964295  0.9926139  0.9978962  0.99564976 0.9975107  0.9978915
 0.99863845 0.99829215 0.99741095 0.9985751  0.99857414 0.9987612
 0.9965563  0.99432594 0.99737215 0.9985051  0.99628663 0.9983943
 0.99832684 0.9979305  0.99905974 0.9961468  0.99724305 0.9976508
 0.99754673 0.9983827  0.9984236  0.99467814 0.99745136 0.9965647
 0.99860305 0.9986588  0.99547786 0.810529   0.839332   0.98806214
 0.8837128  0.98919326 0.7000738  0.6192156  0.67613995 0.8907608
 0.57202435 0.7917299  0.56965625]
[0.9976051  0.9986299  0.9976126  0.9990664  0.9976675  0.9976496
 0.9933342  0.9970599  0.99731845 0.9972826  0.9978915  0.99748635
 0.99783033 0.9973213  0.9961882  0.9978551  0.9810457  0.9969408
 0.996971   0.9979772  0.9972927  0.9987196  0.9955823  0.9956761
 0.9959417  0.99598026 0.993185   0.99716634 0.9981774  0.9973442
 0.9989072  0.9986916  0.9972488  0.9987129  0.9980261  0.99875283
 0.99621636 0.99856573 0.9983602  0.9982597  0.99807227 0.99415463
 0.99607784 0.998395   0.99761224 0.99928707 0.99874914 0.9984276
 0.9988877  0.9977616  0.9988115  0.997387   0.99744225 0.999196
 0.997623   0.9955036  0.9957267  0.9868151  0.97026473 0.90057313
 0.78100663 0.8522659  0.75418985 0.5751817  0.9403022  0.90289366
 0.99414885 0.79528177]
[0.9978249  0.99795735 0.996689   0.9978537  0.9949315  0.9980573
 0.9991327  0.9984295  0.9966377  0.99449337 0.9966858  0.99808854
 0.9973911  0.99599564 0.9953517  0.9952242  0.99546766 0.9969297
 0.99700564 0.9983646  0.9979012  0.9970125  0.9966036  0.99671906
 0.99705935 0.9897261  0.99555874 0.99784493 0.99746835 0.99514884
 0.99847263 0.99757797 0.99631184 0.99860483 0.998016   0.9985102
 0.9959537  0.9973465  0.9971284  0.99859124 0.99748766 0.99806124
 0.9979481  0.99626344 0.9988532  0.99639124 0.9981578  0.9979087
 0.9967384  0.99734396 0.9973219  0.9966107  0.9949391  0.99665254
 0.9985152  0.99901426 0.9973508  0.9524797  0.922645   0.96084243
 0.96033907 0.9878275  0.9209316  0.67719203 0.7406628  0.9449648
 0.91147155]
[0.99757034 0.9990181  0.99885666 0.9991192  0.9945879  0.9979055
 0.9983191  0.99943894 0.9973908  0.99655664 0.99826896 0.9984225
 0.9983182  0.9966767  0.99277085 0.9975153  0.9990777  0.99749917
 0.9978219  0.9975216  0.99315214 0.99800116 0.9981646  0.9975884
 0.9971623  0.99614596 0.9963558  0.9965346  0.99819523 0.99816245
 0.99839824 0.9980179  0.996813   0.9987991  0.9972812  0.9989291
 0.9968004  0.99809545 0.9973586  0.99794835 0.9990362  0.9984308
 0.9974165  0.9962702  0.9989411  0.9943395  0.9984976  0.9979334
 0.99583924 0.99868196 0.9989749  0.98930794 0.99654144 0.9978599
 0.99823475 0.9988821  0.9977041  0.9916013  0.94964224 0.82200927
 0.99294466 0.99661225 0.8425141  0.9913026  0.84156084 0.9250929
 0.5583711  0.98830473 0.5283494  0.9220076 ]
[0.99734145 0.99868053 0.99763584 0.99812967 0.9927376  0.9981212
 0.9966419  0.99898607 0.99716824 0.9971111  0.9972198  0.99829215
 0.9974154  0.99668115 0.9961436  0.99794716 0.9960771  0.9978065
 0.99892825 0.9980531  0.99694127 0.99878913 0.99887925 0.9961355
 0.9974529  0.99544454 0.9964233  0.9962753  0.99868244 0.99641067
 0.9975157  0.9985045  0.99651766 0.9983224  0.99822444 0.99888974
 0.9994019  0.998259   0.99825937 0.99882346 0.9974444  0.99585366
 0.9964896  0.9969548  0.9986796  0.9906865  0.99875414 0.99743086
 0.99552035 0.99776375 0.99768364 0.9978756  0.99467295 0.99879384
 0.99793184 0.99835086 0.9972681  0.9896515  0.9645559  0.96539426
 0.99562705 0.9782361  0.8883631  0.91802686 0.996033   0.9244553
 0.72697335 0.8242285 ]
[0.99739933 0.9985096  0.99721503 0.99762183 0.9906126  0.99870217
 0.9956173  0.9978817  0.997311   0.9966834  0.99753124 0.99764204
 0.99764556 0.9961727  0.9906557  0.9975262  0.9972361  0.9967583
 0.99873286 0.99849296 0.9981567  0.9987519  0.9971589  0.9958646
 0.99565613 0.9911109  0.99619055 0.9973099  0.99770063 0.99767894
 0.99859184 0.99758077 0.996639   0.9980596  0.9973762  0.9988226
 0.99566334 0.9986235  0.99817085 0.9988512  0.9981463  0.99666256
 0.99766123 0.9971968  0.9994041  0.9949249  0.9984005  0.9986767
 0.9963972  0.9983473  0.99810046 0.99458176 0.99529797 0.99878854
 0.9975854  0.99551183 0.9943606  0.7860326  0.9288032  0.8356388
 0.9924763  0.98658425 0.52671313 0.90497553 0.8026298 ]
[0.99782383 0.9986313  0.99725974 0.99914193 0.99817944 0.9988825
 0.99618286 0.99871385 0.9968726  0.9968546  0.99778336 0.9969995
 0.9972933  0.9971348  0.9942532  0.99779236 0.99790704 0.9982576
 0.996888   0.99818426 0.99303484 0.9965295  0.99763095 0.9969574
 0.99741346 0.99538726 0.9952127  0.99776864 0.9963225  0.9971295
 0.9987471  0.9983094  0.9960206  0.9989221  0.9980573  0.9987847
 0.9960794  0.99794585 0.99799466 0.99915266 0.99714845 0.9963735
 0.9969772  0.99770784 0.99852633 0.99640995 0.998553   0.9964585
 0.99739623 0.9986545  0.9991756  0.99105155 0.99666226 0.9979042
 0.99822026 0.99675614 0.9952018  0.94877344 0.9495155  0.9915543
 0.94806695 0.6622175  0.9896047  0.99747926 0.86890936 0.91763437
 0.8706509  0.80567443]
[0.99739623 0.99766964 0.9975419  0.9986625  0.9954561  0.99833256
 0.9944523  0.99904937 0.99609995 0.996974   0.9960872  0.9970095
 0.99798405 0.996772   0.9944471  0.9989749  0.99671435 0.9961384
 0.9981919  0.99796355 0.99846435 0.999363   0.9978795  0.99639136
 0.9958406  0.99777824 0.9946466  0.9977133  0.998662   0.99717677
 0.99851626 0.99791294 0.99838006 0.9987363  0.9979851  0.9988772
 0.9962341  0.99836034 0.997886   0.9974623  0.9982894  0.9977869
 0.9966151  0.99766266 0.99926263 0.99627787 0.9976737  0.9988224
 0.99725634 0.9962638  0.9972825  0.9955081  0.9942919  0.99819475
 0.9977895  0.9963085  0.9976463  0.9964959  0.9707664  0.9056445
 0.9927676  0.99556476 0.8177824  0.8800736  0.9838628  0.98056716
 0.92055184 0.87639165 0.5879857  0.98557913]
[0.99732816 0.99829334 0.997681   0.9989801  0.9977921  0.99862146
 0.99720615 0.99920446 0.995216   0.9971294  0.99765694 0.99836105
 0.9981388  0.99669623 0.99678963 0.99892455 0.9964637  0.99762326
 0.9975979  0.9970964  0.9969426  0.99886394 0.99718744 0.99875367
 0.9972473  0.99114674 0.9976659  0.99702173 0.99799913 0.9985097
 0.9989913  0.99854195 0.9965168  0.9984831  0.99756795 0.99860966
 0.9938758  0.9972439  0.9989598  0.998287   0.99838936 0.99683505
 0.9974548  0.9978719  0.9987796  0.99628323 0.9979755  0.9989041
 0.9983896  0.99798465 0.99749124 0.99779296 0.9954242  0.99853325
 0.9979468  0.99724317 0.99648917 0.62406826 0.99354786 0.9863403
 0.9979778  0.97792894 0.9584218  0.90464085 0.9502707 ]
[0.9979519  0.9979971  0.9964425  0.9974026  0.9968928  0.9983038
 0.99283373 0.9980794  0.9953289  0.9945529  0.9962457  0.99758923
 0.9964772  0.99685115 0.99433243 0.9971034  0.9956195  0.9952265
 0.9925417  0.99734074 0.99624604 0.99794775 0.99639016 0.99453825
 0.9951916  0.9964529  0.9969664  0.99363023 0.99763894 0.9975067
 0.9981775  0.997013   0.9960848  0.9977301  0.9979054  0.99772936
 0.996673   0.9957846  0.99734676 0.9963889  0.99631244 0.9877094
 0.9956801  0.99700135 0.9979394  0.9926328  0.9919636  0.99776304
 0.9966162  0.9983864  0.99632555 0.9961582  0.9903937  0.99833965
 0.99716127 0.99176204 0.99606776 0.74929434 0.99062645 0.9663481
 0.98552173 0.88142306 0.9139273  0.9227614  0.8714001  0.5387567
 0.9167914  0.6233103  0.88070726 0.8887752 ]
[0.99779415 0.99872005 0.9975707  0.9989427  0.9953408  0.99737096
 0.9934411  0.99818295 0.99900514 0.99597186 0.99710745 0.9967661
 0.9985794  0.9962016  0.99760133 0.9976126  0.98382807 0.9971867
 0.99907136 0.996806   0.995754   0.9985781  0.99773777 0.99498785
 0.99903274 0.99527305 0.99588555 0.9962528  0.9965765  0.9979341
 0.99848264 0.9977672  0.99591535 0.9989986  0.9962902  0.99906164
 0.99550796 0.9984963  0.99879646 0.9975134  0.99766374 0.9975574
 0.9979842  0.99690276 0.9981927  0.99883395 0.99809533 0.99883837
 0.9981376  0.9981218  0.9976521  0.9972395  0.99600166 0.99840707
 0.99801564 0.997787   0.9982486  0.6682896  0.97688955 0.94575953
 0.96716243 0.9662298  0.9558031  0.9964239  0.62655014 0.9557192
 0.9897774  0.93056417 0.60323113 0.6473935 ]
[0.99791557 0.9949449  0.99710506 0.99878234 0.9925311  0.9972582
 0.9922355  0.99848133 0.99738926 0.9966511  0.99737346 0.99870324
 0.9985612  0.9974268  0.99522436 0.9979055  0.9954241  0.9977024
 0.9982077  0.9981833  0.9899978  0.998304   0.99845135 0.9950595
 0.99722916 0.997449   0.989934   0.9979296  0.9966102  0.9911266
 0.99696285 0.99851006 0.99699295 0.99859446 0.9973948  0.9990495
 0.9964563  0.9972248  0.9986487  0.99772495 0.99377877 0.99788266
 0.99636614 0.99415284 0.99923205 0.99412656 0.99769336 0.9984149
 0.9989587  0.9980149  0.99831796 0.9970631  0.9927776  0.9978514
 0.99814534 0.99808395 0.99706453 0.924028   0.7585097  0.9433036
 0.99611133 0.9389747  0.95834047 0.948945   0.7835932  0.9862948 ]
[0.9965693  0.9972126  0.997558   0.9989672  0.9964089  0.9982316
 0.99649423 0.9969633  0.9967602  0.99698704 0.9977527  0.99757236
 0.9975606  0.996774   0.9946196  0.99806935 0.9958403  0.99589986
 0.9987797  0.99739146 0.9978806  0.9987863  0.997051   0.9985033
 0.9937882  0.9927921  0.9917031  0.99715614 0.9973464  0.99840146
 0.99817395 0.9981482  0.99774075 0.99894327 0.99756455 0.99810046
 0.997233   0.9977297  0.9986999  0.99754757 0.9986076  0.9979278
 0.99774736 0.99770206 0.99883765 0.9975841  0.9970559  0.9984211
 0.99825484 0.99922967 0.9982462  0.99504256 0.9941386  0.99874324
 0.99842924 0.9971903  0.99509466 0.9953819  0.9607531  0.9936946
 0.9924624  0.9987972  0.99903935 0.8550782  0.9531313 ]
[0.99628556 0.99772996 0.9969606  0.99584514 0.9956993  0.99803334
 0.99803215 0.99863404 0.9973647  0.9957997  0.9946759  0.99775237
 0.99603385 0.9958919  0.99480045 0.99807775 0.9993641  0.9969092
 0.9970009  0.99592906 0.99876475 0.9978688  0.9977003  0.99539113
 0.99669623 0.9880717  0.99140304 0.9967529  0.99788934 0.99703383
 0.99826485 0.9976674  0.99627316 0.9983321  0.99818903 0.9981779
 0.9963158  0.9979386  0.9989207  0.998516   0.99766433 0.99721164
 0.9966995  0.997612   0.9989831  0.99442875 0.99698    0.9984785
 0.9976937  0.9974657  0.9980081  0.9914833  0.99484813 0.99867177
 0.9974819  0.99679595 0.99719787 0.92874956 0.9379876  0.9354487
 0.758655   0.993779   0.9884741  0.79699755 0.8388491 ]
[0.9970074  0.99764365 0.9961593  0.9986197  0.9952701  0.9989629
 0.9951009  0.9985869  0.9963175  0.9936453  0.99753225 0.9971722
 0.99782854 0.9972928  0.9976876  0.99939346 0.9934801  0.99753064
 0.99738663 0.99769646 0.9916672  0.9990393  0.99824536 0.9964981
 0.99756134 0.99219805 0.99077106 0.99740833 0.99796    0.99526876
 0.9980161  0.99830866 0.99696964 0.99854493 0.99759763 0.99837506
 0.99816966 0.99684614 0.9976909  0.99818677 0.99830604 0.99860114
 0.99601185 0.998667   0.9989604  0.996452   0.99737465 0.9987349
 0.9983038  0.9983588  0.99808097 0.9954308  0.9963098  0.9970498
 0.99804544 0.9975878  0.9939917  0.95720166 0.9667829  0.9932187
 0.6300909  0.9447055  0.9938652  0.92297584 0.85464907]
[0.99788374 0.9985092  0.996874   0.9989537  0.996411   0.99867487
 0.99409604 0.9982272  0.997212   0.99602365 0.9977641  0.99554425
 0.998538   0.9959067  0.99336123 0.99721104 0.9964079  0.9986161
 0.9985796  0.9977932  0.99715483 0.9984659  0.9973611  0.99483407
 0.9925075  0.9930322  0.9984823  0.9976291  0.99694103 0.99686426
 0.99769175 0.9976446  0.99771285 0.9986966  0.9969785  0.9985221
 0.9971806  0.99796426 0.9970989  0.9980952  0.9985258  0.9971818
 0.99680245 0.9964792  0.9986499  0.99558157 0.9978108  0.9980064
 0.998582   0.99819046 0.9983536  0.99596304 0.9946115  0.99868566
 0.9976299  0.9970757  0.9967715  0.8461982  0.8963294  0.99046564
 0.94957745 0.9881478  0.95257574 0.7078543  0.94466794 0.8809043 ]
[0.9971976  0.9989417  0.9956304  0.998882   0.9930327  0.99839044
 0.9932707  0.99926263 0.99777126 0.99702245 0.9964455  0.99683446
 0.99745816 0.9963851  0.9937111  0.9980952  0.9981987  0.9974371
 0.99858814 0.99758255 0.9980034  0.9971533  0.9969212  0.995943
 0.9954332  0.98117954 0.9940445  0.9976781  0.9976419  0.9980063
 0.9972692  0.9976084  0.99753225 0.99867034 0.99635786 0.99899274
 0.99669695 0.99796766 0.9990067  0.99843854 0.99775296 0.9982659
 0.9979075  0.9973187  0.9991093  0.9941004  0.9983291  0.9981669
 0.99708277 0.9985133  0.9979139  0.9979796  0.9975363  0.9960531
 0.99872285 0.99667335 0.9976058  0.90573335 0.8783829  0.52675956
 0.9529922  0.9258667  0.994052   0.52212214 0.8691987  0.90538985
 0.9555308  0.90926266 0.7498447 ]
[0.9972037  0.99802667 0.9966     0.9985545  0.99594456 0.9988439
 0.9965689  0.997783   0.9971686  0.99700767 0.9970849  0.998171
 0.9971033  0.9963503  0.994493   0.99796885 0.99668944 0.99759775
 0.9990283  0.9971597  0.9841599  0.9984415  0.9982004  0.9969049
 0.9981047  0.9908982  0.99317014 0.9952845  0.9977787  0.9970804
 0.9985262  0.99851567 0.9980063  0.99794215 0.9976278  0.998611
 0.9963246  0.9970016  0.9987023  0.99818975 0.9977209  0.9982175
 0.99748874 0.996745   0.99918526 0.9977831  0.9976031  0.99858993
 0.9957904  0.9972511  0.9986249  0.9967122  0.995602   0.99843985
 0.9978709  0.99545044 0.9962624  0.9367553  0.61891633 0.93594486
 0.9864847  0.7092047  0.5613684  0.8832915  0.99871016 0.71837354]
[0.996682   0.99796885 0.9975794  0.99871063 0.99765897 0.9973412
 0.9957557  0.99718237 0.9980032  0.99713033 0.9973852  0.99785465
 0.9980057  0.9969158  0.99375385 0.9961124  0.9925634  0.99779546
 0.9982608  0.9978264  0.9907127  0.9992805  0.99644935 0.99759054
 0.9978739  0.9965829  0.99574333 0.99724764 0.9975101  0.9973302
 0.99804425 0.99787295 0.996985   0.9988926  0.9981541  0.99829346
 0.9976743  0.9981217  0.9986467  0.998019   0.99581844 0.9987054
 0.99667275 0.99898237 0.99919814 0.9973672  0.99702364 0.997891
 0.99837565 0.9983516  0.9979594  0.9977691  0.99544924 0.9988506
 0.99775046 0.9982368  0.99683315 0.9184529  0.90563834 0.9724745
 0.91967505 0.8697786  0.98740596 0.89997774 0.6047951  0.96414983
 0.9102606  0.5927511 ]
[0.9966319  0.99785066 0.997095   0.9985518  0.9977181  0.998055
 0.99153405 0.99832326 0.99598455 0.9956144  0.9965804  0.9967097
 0.99729496 0.99692994 0.98995274 0.9988387  0.9979594  0.996097
 0.9980515  0.9977187  0.99666756 0.99792117 0.9992513  0.9942676
 0.9952898  0.99287766 0.9922995  0.99617624 0.99730444 0.9979091
 0.9983639  0.9974381  0.9952506  0.9987404  0.99622214 0.9985286
 0.99733764 0.9981085  0.9987191  0.9985644  0.99643445 0.997872
 0.99721515 0.9982836  0.9985476  0.9970559  0.9977958  0.99919134
 0.9976931  0.9983188  0.9984452  0.99507266 0.9942293  0.99780446
 0.9985618  0.99480313 0.995304   0.8048804  0.67462564 0.9520147
 0.7189113  0.9887738  0.99604815 0.9935649  0.9291518  0.9969626
 0.6487595 ]
[0.9966182  0.99815196 0.9947537  0.99696285 0.99800676 0.99750805
 0.99556524 0.99426794 0.9953152  0.99617994 0.9969037  0.9971239
 0.9965918  0.9968765  0.9917286  0.9969849  0.99638784 0.9948296
 0.9968419  0.9950387  0.9948112  0.99795604 0.9909196  0.9917915
 0.9945181  0.99456364 0.99586296 0.9977603  0.9959124  0.995799
 0.9974886  0.9978557  0.99689096 0.9986349  0.99748164 0.9977818
 0.9970017  0.9952744  0.99408144 0.9977564  0.9981001  0.99558866
 0.9954365  0.99745554 0.9984262  0.9956896  0.9980901  0.99401927
 0.99583745 0.9977323  0.9970703  0.995862   0.99884844 0.99848986
 0.9970432  0.9907284  0.9962853 ]
[0.99683434 0.99865294 0.9968426  0.9980059  0.99688077 0.998406
 0.9957995  0.997253   0.99740005 0.9960724  0.99746096 0.9986879
 0.9979898  0.99643254 0.9913982  0.99695957 0.9993298  0.9975707
 0.99773836 0.9975694  0.9963498  0.9991941  0.997143   0.998558
 0.99759704 0.99139047 0.99012685 0.9969348  0.9981963  0.99765706
 0.9984079  0.9985677  0.9967445  0.99825186 0.99342513 0.9984883
 0.9971482  0.9982192  0.9978223  0.99824893 0.997546   0.99633515
 0.99728394 0.99656147 0.9978339  0.9956928  0.9981275  0.9970765
 0.9967824  0.997454   0.9981797  0.99750286 0.99374145 0.99862516
 0.9984321  0.9966648  0.9968867  0.9821748  0.9223925  0.9502644
 0.99133134 0.9260277  0.9866485  0.88457495 0.9271998 ]
[0.9969574  0.99816775 0.99768746 0.9982975  0.9971841  0.9942374
 0.99183196 0.9975674  0.99633896 0.99867344 0.99774384 0.99779403
 0.9979518  0.996494   0.99496514 0.99906915 0.9983204  0.9965096
 0.99525166 0.9983876  0.99914145 0.9969434  0.99643034 0.9913123
 0.9881826  0.9957343  0.9934822  0.99515176 0.9983468  0.9952885
 0.9977558  0.9984977  0.99404424 0.99879384 0.9982351  0.99882215
 0.9957064  0.9984847  0.9959216  0.99848443 0.9970772  0.9969524
 0.9954094  0.99456257 0.9990139  0.99442977 0.99822813 0.996781
 0.9976841  0.9982475  0.9990482  0.99509674 0.9961033  0.99831855
 0.99783957 0.99772376 0.99661404 0.9507725  0.9418822  0.9543271
 0.9868528  0.97063553 0.9819182  0.83126897 0.9779694  0.9006848
 0.9901951  0.98219275 0.7657292 ]
[0.99740016 0.9977848  0.99718446 0.99906784 0.99668956 0.99803704
 0.9963123  0.9973923  0.9951314  0.99456775 0.9976882  0.99807453
 0.99792767 0.99595153 0.99475694 0.9980513  0.9985526  0.9965695
 0.9966605  0.9971506  0.9983169  0.998395   0.99786276 0.9966761
 0.9949005  0.99103093 0.9978829  0.9970425  0.9966883  0.99714977
 0.99792445 0.9983736  0.9975183  0.9984158  0.9970559  0.9986915
 0.9963953  0.99630886 0.99822444 0.99832886 0.9987207  0.9981006
 0.9975649  0.99366766 0.99861634 0.9988601  0.99847263 0.99785644
 0.9972746  0.9979844  0.9982425  0.99809533 0.9975852  0.9979504
 0.9987255  0.9972663  0.99602133 0.956392   0.95775    0.9573618
 0.99054164 0.870105   0.908269   0.9773935  0.90976596 0.69008124]
[0.99742174 0.99835384 0.9968803  0.9991984  0.99468553 0.99835217
 0.99533373 0.9978853  0.9957753  0.99223834 0.9974413  0.99866855
 0.9978809  0.9965693  0.9921858  0.99681455 0.99655837 0.9974234
 0.9965785  0.9974618  0.99267733 0.99875116 0.9978467  0.9980071
 0.9964502  0.9972703  0.99404633 0.99648905 0.9977982  0.9926801
 0.9981458  0.9984257  0.99792826 0.99821633 0.99884486 0.9983595
 0.9966421  0.99846303 0.99828017 0.9979054  0.99815935 0.9974101
 0.99819666 0.9971487  0.99895144 0.99699247 0.9978327  0.99867934
 0.9973151  0.9972857  0.9985989  0.99705434 0.9974113  0.99714833
 0.9981608  0.99507976 0.99514294 0.9936371  0.9498496  0.941908
 0.99618584 0.98243976 0.8765002  0.786148   0.7206159 ]
[0.9961987  0.99529606 0.9974094  0.9985266  0.9928791  0.99814594
 0.99674076 0.99419504 0.989581   0.99490756 0.99665916 0.9968412
 0.99653983 0.996276   0.9941924  0.9991455  0.9981987  0.9966897
 0.99553925 0.9950897  0.99757844 0.99895215 0.997552   0.99362236
 0.9975466  0.9926998  0.98931587 0.9916932  0.9971656  0.996619
 0.99722606 0.9984438  0.9957808  0.99725777 0.9973143  0.9981376
 0.9881067  0.99794346 0.9978448  0.99799156 0.9963098  0.9974425
 0.99742246 0.99338055 0.998237   0.99436754 0.9938984  0.99841976
 0.999385   0.99699736 0.9974896  0.9943475  0.9932361  0.9949234
 0.99830186 0.9982191  0.9944418  0.88159347 0.996433   0.65357023
 0.9294161  0.88996196 0.50539786 0.5479687 ]
[0.9973859  0.9978974  0.99689794 0.9972422  0.9972677  0.9983943
 0.9952739  0.9984403  0.99633455 0.9936515  0.99716336 0.9956125
 0.9979882  0.99676067 0.9959836  0.9935104  0.9913794  0.9962921
 0.99731845 0.9973326  0.9959174  0.9993381  0.9990546  0.99405164
 0.9981419  0.98789304 0.99412894 0.9971609  0.997018   0.9913033
 0.99769765 0.99771047 0.9978587  0.9980362  0.99675167 0.99906987
 0.9922631  0.9984143  0.99814427 0.9987394  0.99848396 0.9970138
 0.9965856  0.9966828  0.9985474  0.9989429  0.99813855 0.99400383
 0.99221236 0.99827063 0.9984181  0.99627566 0.9948761  0.99798286
 0.99882156 0.9971257  0.99506015 0.9874587  0.939674   0.80598694
 0.9895112  0.9884001  0.91792095 0.7614812 ]
[0.9972011  0.9975775  0.9964038  0.99890065 0.9947909  0.9992454
 0.9957009  0.9985948  0.99729615 0.99727017 0.9968815  0.99895847
 0.9978781  0.9963977  0.99479103 0.9967091  0.9974274  0.99754626
 0.9979832  0.9985825  0.99604034 0.9992537  0.99872905 0.9975025
 0.99651474 0.99424404 0.9948021  0.996342   0.99828464 0.9933515
 0.9980276  0.9986677  0.9984665  0.9988268  0.99665916 0.9987301
 0.99481684 0.9974074  0.9986076  0.998914   0.99823904 0.9973236
 0.99623007 0.99738497 0.9993243  0.9944411  0.9973955  0.9990602
 0.9984415  0.99780685 0.9977481  0.9955537  0.996949   0.9981267
 0.9975332  0.9981135  0.9945201  0.9707236  0.83311963 0.9652551
 0.854849   0.994989   0.9241285  0.9258998  0.9972395  0.9111482 ]
[0.9978389  0.99902105 0.99705684 0.9984875  0.9978842  0.9988927
 0.99625397 0.9984654  0.99772245 0.9957112  0.9993106  0.99808
 0.9971806  0.996136   0.9942755  0.998718   0.9905059  0.9970567
 0.9973002  0.9966499  0.99711907 0.99704105 0.9979005  0.9958307
 0.9974256  0.98800963 0.9970107  0.99607843 0.9986493  0.99743086
 0.9986278  0.9977701  0.9978794  0.99875987 0.9976826  0.9987382
 0.99647045 0.9979488  0.9982767  0.9985695  0.9989281  0.9985262
 0.9973109  0.99804795 0.9988325  0.9971077  0.9981184  0.99892586
 0.9988631  0.9970962  0.9982028  0.9944729  0.9976526  0.9984419
 0.9984592  0.9967423  0.9961571  0.89206034 0.9810378  0.9219364
 0.99167246 0.8111569  0.9979303 ]
[0.99697423 0.99906904 0.9963587  0.99806947 0.9967288  0.99938524
 0.99709475 0.9983614  0.9978688  0.9351323  0.99631727 0.99721897
 0.9981529  0.9962745  0.9944366  0.99917406 0.9900607  0.99727756
 0.99725515 0.99866486 0.9994143  0.998689   0.99788386 0.9981274
 0.9961345  0.99242663 0.99464154 0.9975062  0.99845946 0.9986921
 0.99859744 0.99891007 0.9954757  0.99885654 0.9977036  0.9981975
 0.99741507 0.9975218  0.99786454 0.9979152  0.9988551  0.99770206
 0.99732167 0.9977082  0.9989862  0.99694544 0.99790037 0.9987274
 0.9974515  0.9979153  0.99787307 0.9924279  0.99124056 0.9979353
 0.9980217  0.9971185  0.99692935 0.97750574 0.98119193 0.9375049
 0.9406906  0.98820835 0.760412   0.97416764 0.8485968  0.5296894
 0.9318416  0.8935028 ]
[0.9964741  0.9982066  0.99744403 0.9987023  0.9888177  0.9982827
 0.9888726  0.99850225 0.98973    0.9975441  0.9973902  0.9982248
 0.99700075 0.9954268  0.99427396 0.99273646 0.9957871  0.99624866
 0.9961469  0.9975061  0.99186593 0.99884254 0.9963766  0.99559903
 0.99654204 0.99242675 0.99256855 0.9952844  0.9971577  0.9973896
 0.99703586 0.9981059  0.9923888  0.99798006 0.9979961  0.998478
 0.9967573  0.9978654  0.99815243 0.99471515 0.9967194  0.99726355
 0.9964288  0.99805814 0.9993229  0.99914455 0.9980823  0.9986694
 0.99710125 0.9982146  0.99860555 0.9897452  0.996082   0.99764
 0.9981785  0.99600947 0.98937047 0.99165    0.9404133  0.95483124
 0.90727866 0.9967816  0.9665363  0.61104137 0.82683897 0.5695232
 0.81685627]
[0.9974164  0.99790585 0.9963398  0.9990576  0.9944366  0.9969351
 0.9938212  0.9976553  0.99689364 0.99588156 0.99606234 0.9976241
 0.99723476 0.99678445 0.9954561  0.9948153  0.99597836 0.99590695
 0.99674404 0.9974673  0.9931732  0.9979316  0.9973248  0.9978654
 0.9985972  0.9961493  0.99778324 0.9966552  0.99822766 0.9928671
 0.9980094  0.9966455  0.997592   0.9977701  0.99349594 0.99851555
 0.99530494 0.9985409  0.9970022  0.99813926 0.9960866  0.99788034
 0.9972855  0.99612916 0.99857557 0.9955214  0.9977215  0.9962521
 0.9959229  0.998099   0.9981864  0.996207   0.99666375 0.99837875
 0.998928   0.9915911  0.9962853  0.94953704 0.7612583  0.95031327
 0.9565969  0.89578116 0.508005   0.9906074  0.86797494 0.69044113
 0.9784506  0.9902018  0.88706374]
[0.9963127  0.9992343  0.99726677 0.9987753  0.99692553 0.99815565
 0.9959753  0.9981674  0.99730456 0.9965108  0.9975432  0.99725753
 0.9972045  0.9959912  0.99514234 0.9980014  0.9994429  0.9973084
 0.99722075 0.9978648  0.9972384  0.9990971  0.99874085 0.99285275
 0.99770135 0.9895914  0.9950808  0.99812883 0.9960043  0.99761707
 0.9984066  0.99734855 0.99646664 0.9985613  0.99713    0.99848455
 0.9963726  0.9987562  0.9977297  0.9966589  0.9985941  0.9958497
 0.9966276  0.99662834 0.999218   0.9965071  0.99871254 0.9991381
 0.99766904 0.9983224  0.9985942  0.99537563 0.99560684 0.9984137
 0.99852604 0.9990337  0.99502337 0.9743686  0.9436671  0.9920697
 0.88807094 0.91877747 0.66007674]
[0.99659914 0.99867415 0.99732095 0.9988175  0.99937516 0.99866533
 0.9961463  0.9987495  0.99674904 0.99642533 0.9978309  0.99812156
 0.9978466  0.9959234  0.9964426  0.9978059  0.9948049  0.9965031
 0.9979583  0.998309   0.9944172  0.9970482  0.99751127 0.99786806
 0.99644655 0.9953407  0.9974262  0.9972989  0.9977704  0.9961598
 0.99795747 0.9985417  0.99716127 0.99890065 0.9979011  0.99883896
 0.9976509  0.9981357  0.99919194 0.99817836 0.9984884  0.9978398
 0.99863917 0.99602616 0.9987955  0.9972156  0.997804   0.997303
 0.99753016 0.99831957 0.99900454 0.996503   0.9949072  0.9988949
 0.99877125 0.9979176  0.9955636  0.97492766 0.97718734 0.99691653
 0.62891215 0.8923601  0.94779205 0.99095166 0.9258144  0.8970439 ]
[0.9975152  0.9971384  0.9968635  0.9981805  0.99937063 0.9989004
 0.9960995  0.995883   0.99579525 0.9947423  0.9969387  0.99769753
 0.99752456 0.99505854 0.99229443 0.9980332  0.9983271  0.9967258
 0.9983992  0.99747366 0.9934748  0.9991417  0.99697065 0.99914503
 0.9984863  0.99223    0.9955289  0.997981   0.997869   0.99781954
 0.99855417 0.99863666 0.99389267 0.9978795  0.99849117 0.99853325
 0.9975229  0.99807465 0.99710125 0.9987888  0.9961576  0.9978586
 0.99820924 0.99691147 0.9991448  0.9974515  0.9980192  0.9972445
 0.99660707 0.9953927  0.9969289  0.9967308  0.9911259  0.99785125
 0.9982224  0.99587256 0.99569917 0.7216665  0.95506585 0.96660954
 0.9027014  0.9927436  0.99181455 0.5664315  0.9740581  0.8627154
 0.98180974]
[0.9975019  0.9991117  0.99682164 0.9985001  0.996449   0.9979074
 0.99892163 0.9982589  0.99582326 0.9961786  0.99656904 0.9976539
 0.99676406 0.99629384 0.9941626  0.99796104 0.9926528  0.99786925
 0.9970822  0.9987068  0.99773943 0.99764556 0.9958715  0.9968035
 0.99587244 0.9950637  0.99660575 0.99730957 0.99726176 0.99725264
 0.99774075 0.9982241  0.9967803  0.99870527 0.99806124 0.9980769
 0.996152   0.9978935  0.9982889  0.9979463  0.9984421  0.99571085
 0.9979291  0.99755424 0.9991405  0.99471396 0.9988398  0.99886215
 0.9988539  0.9976941  0.9974462  0.9867496  0.9969422  0.9985312
 0.9986041  0.9968855  0.9944056  0.9852948  0.86556065 0.9908818
 0.99917173 0.9281374  0.9329995  0.9426935 ]
[0.9980716  0.99703395 0.996747   0.9986318  0.98847944 0.9962639
 0.9902264  0.99572635 0.9962555  0.99668306 0.99660873 0.9957616
 0.9979102  0.9969206  0.99488515 0.99721885 0.9989761  0.9984754
 0.9976534  0.9982868  0.9932768  0.9988135  0.9984876  0.99773335
 0.9972994  0.98398525 0.99729675 0.98455274 0.9985655  0.9872164
 0.9981875  0.99787295 0.99686134 0.9977718  0.99418926 0.9981766
 0.99265987 0.996917   0.99777716 0.99836    0.997609   0.99666226
 0.9952768  0.99707305 0.9988714  0.99802554 0.9963025  0.9976211
 0.9968747  0.9964729  0.9984816  0.99557376 0.99320203 0.9956874
 0.99821377 0.9980989  0.99411446 0.959968   0.94760835 0.9923173
 0.51906824 0.94135886 0.99883085 0.848927   0.89181185 0.9224652 ]
[0.99776363 0.99882954 0.9973194  0.9980804  0.99734586 0.99721056
 0.9986093  0.9985979  0.9966414  0.996549   0.99648225 0.9982577
 0.9985967  0.99559194 0.9941539  0.9977011  0.99449414 0.99784017
 0.9957983  0.99741155 0.9969213  0.99750215 0.9977841  0.9963084
 0.9971391  0.9863956  0.9945523  0.9966425  0.9966037  0.9989435
 0.9983925  0.99897707 0.99775106 0.9989994  0.9977952  0.9988777
 0.995933   0.9983747  0.9980451  0.99846506 0.9987166  0.99615127
 0.9961953  0.9978434  0.9990427  0.9975038  0.99860805 0.9979183
 0.9977926  0.997166   0.99786866 0.9966139  0.99674475 0.99910706
 0.99850345 0.9983072  0.9962431  0.9410166  0.95282465 0.6718838
 0.99286014 0.9260137  0.737202   0.9946523  0.6789226  0.9437715 ]
[0.9968924  0.99777406 0.9967673  0.99859816 0.9998197  0.9985655
 0.99595475 0.99827087 0.9962991  0.99640167 0.9978727  0.99845695
 0.9970783  0.99769586 0.9950498  0.99794763 0.99227566 0.9968466
 0.9972281  0.99806637 0.9970094  0.99897707 0.99598515 0.9978891
 0.9974482  0.99555606 0.9976052  0.99667656 0.9977824  0.99764436
 0.99735343 0.99878055 0.9976572  0.99861455 0.9984968  0.99921596
 0.99659    0.99760985 0.9974131  0.99860793 0.9982205  0.9964843
 0.9978631  0.99737    0.99943906 0.9961832  0.99720484 0.998097
 0.99799806 0.9979025  0.99868053 0.9979449  0.99299157 0.99590814
 0.99835867 0.9964341  0.9949986  0.98195523 0.9504153  0.9480859
 0.9078754  0.6392827  0.922625   0.9909217  0.99297583 0.99698573
 0.85226774 0.70666665]
[0.9969116  0.9979862  0.995806   0.9979923  0.9975349  0.9980014
 0.9967374  0.998572   0.99750406 0.99568284 0.99731404 0.9966114
 0.99777895 0.9958769  0.99533457 0.9948147  0.99350834 0.99785393
 0.9971649  0.99811006 0.9930714  0.9989599  0.99830306 0.9974784
 0.9963245  0.9935556  0.99745613 0.998159   0.99590474 0.99790823
 0.9988047  0.99784076 0.9971655  0.9981725  0.99769384 0.99890363
 0.9978744  0.9986124  0.99808854 0.99829143 0.9987691  0.99730045
 0.99839574 0.9975768  0.99898905 0.99741507 0.9977241  0.99809414
 0.998698   0.99764806 0.9989278  0.99579465 0.9940937  0.9979348
 0.99840194 0.9969416  0.9932869  0.9711627  0.89881665 0.5669061
 0.92165285 0.97071195 0.9516252  0.9958263  0.8996088  0.9929121
 0.99241525]
[0.99660057 0.99771345 0.99462175 0.9950649  0.99610126 0.99798274
 0.995908   0.99383825 0.996436   0.99376476 0.9976622  0.99793893
 0.99707365 0.9963163  0.98992    0.99794036 0.9972153  0.9953929
 0.9958884  0.9939995  0.9938094  0.9963684  0.9879556  0.99198407
 0.9954249  0.99082106 0.99591196 0.9973149  0.9965256  0.99552566
 0.99702066 0.9985526  0.9968316  0.9980464  0.9975915  0.998013
 0.99608254 0.9974196  0.992967   0.99802005 0.99831116 0.9969823
 0.9966407  0.9967033  0.998725   0.99590755 0.99763095 0.9976826
 0.99783534 0.9974606  0.99791163 0.9626883  0.99829155 0.99873906
 0.9967757  0.9911343  0.997012  ]
[0.9977481  0.9986792  0.99753064 0.9983387  0.99606955 0.99836725
 0.99431396 0.99705017 0.9958217  0.9974573  0.9962049  0.99826837
 0.99706703 0.9971269  0.99383485 0.9972952  0.9975567  0.99753904
 0.99700445 0.9968541  0.9951729  0.9989961  0.9980438  0.9978265
 0.99740416 0.9955318  0.99600583 0.99801147 0.99740726 0.9981073
 0.9978398  0.9982255  0.99589324 0.9985556  0.9982815  0.9989692
 0.9964948  0.99614257 0.998892   0.9983277  0.9984963  0.9981698
 0.99763846 0.99767166 0.9992268  0.99751484 0.9977591  0.99905974
 0.9971142  0.9947189  0.9982679  0.9926466  0.99360526 0.99869126
 0.9985176  0.99638957 0.99293184 0.9477426  0.85273254 0.9957354
 0.9362622  0.9529742  0.95346326]
[0.998063   0.9989489  0.9988913  0.998607   0.99720144 0.9989458
 0.99585503 0.99856347 0.9960296  0.9963678  0.9977946  0.99827445
 0.99861217 0.9970528  0.99507576 0.99571425 0.9974947  0.996617
 0.9976941  0.9975988  0.9937682  0.9988741  0.9972698  0.9984425
 0.9975719  0.9955165  0.994208   0.99723035 0.9978248  0.9984602
 0.9984968  0.99853647 0.99706465 0.998982   0.99822193 0.99863225
 0.99762976 0.9978708  0.9983292  0.9987656  0.9978811  0.9952618
 0.99731356 0.9973258  0.9989502  0.9988385  0.9982749  0.99898034
 0.9948302  0.9988329  0.9985896  0.99638736 0.9945992  0.9980337
 0.9985293  0.9969254  0.9943327  0.99386275 0.9702645  0.93286526
 0.664336   0.96243453 0.8449027  0.9975138  0.92265725 0.9862    ]
[0.9960748  0.99269354 0.9932789  0.9945925  0.991161   0.9933426
 0.9870728  0.99638236 0.9898964  0.99524707 0.9968696  0.99525696
 0.9975447  0.9944957  0.9761194  0.9940976  0.98694396 0.9932306
 0.9974075  0.99256766 0.9777874  0.9955663  0.9908947  0.9896994
 0.9834063  0.98620343 0.99298954 0.9944776  0.9934088  0.9919081
 0.99665546 0.99638236 0.9898385  0.99717855 0.9951212  0.99543047
 0.99256307 0.995274   0.99316156 0.9965424  0.9930997  0.9941963
 0.9965702  0.9830987  0.9954125  0.99092567 0.9956917  0.99534
 0.99554634 0.9947237  0.9965928  0.99372995 0.9836678  0.994997
 0.996644   0.98919195 0.98240095 0.78976864 0.9584194  0.97422767
 0.9773161  0.6447756  0.8349392  0.9233766  0.92650443 0.86135614
 0.9551563  0.9678289  0.7048596  0.63682896 0.90767384 0.78957677]
[0.9965634  0.9982571  0.9968659  0.9990325  0.99504966 0.99838996
 0.99659306 0.999113   0.996372   0.9972192  0.99722064 0.9979042
 0.99734807 0.9971475  0.99321014 0.9972037  0.99614596 0.9970675
 0.99887985 0.9982083  0.99675995 0.99913836 0.996581   0.99205524
 0.9965654  0.9963271  0.9932249  0.99592775 0.9987311  0.9970703
 0.99782974 0.99862397 0.9959858  0.9988589  0.9982324  0.9983051
 0.9973539  0.99835324 0.9970554  0.99836594 0.9989053  0.9967525
 0.998473   0.99656266 0.999481   0.9985739  0.99784386 0.99792695
 0.9962298  0.9974402  0.99472564 0.99720275 0.99658114 0.9971205
 0.99886787 0.997334   0.9961921  0.9811399  0.95075226 0.9622314
 0.9953695  0.93948513 0.9302316  0.7265553 ]
[0.997931   0.9979547  0.99701905 0.9985261  0.996182   0.9985065
 0.99638003 0.9981668  0.995158   0.99613935 0.9973328  0.9972385
 0.9968201  0.99651176 0.99294925 0.99835557 0.9949303  0.9978701
 0.99864954 0.9987753  0.99900705 0.99852943 0.9965848  0.99770576
 0.9974202  0.99274933 0.99594986 0.9972584  0.9984068  0.9977585
 0.9979576  0.9976724  0.9923045  0.9986733  0.9975777  0.9990828
 0.9971591  0.9984091  0.99830025 0.99890304 0.99804986 0.99629503
 0.9979305  0.9961486  0.99899894 0.9961125  0.9981084  0.99847776
 0.9969561  0.9976991  0.99884474 0.9971253  0.9968406  0.99680823
 0.99862766 0.9922173  0.99552274 0.5380409  0.96165246 0.913041
 0.99103886 0.9642772  0.9792589  0.71457726 0.9168614  0.8463286 ]
[0.99774736 0.99876547 0.99723095 0.9988539  0.9965513  0.99843115
 0.9974208  0.9987411  0.9947069  0.99661344 0.9969683  0.9982566
 0.9978867  0.9967859  0.99597293 0.99519616 0.9987562  0.99738795
 0.99753714 0.9975854  0.99791867 0.99759775 0.9982475  0.99688125
 0.9976163  0.9934676  0.996007   0.9957415  0.99771774 0.9985954
 0.9983575  0.9978174  0.9965575  0.9987883  0.9974935  0.99892265
 0.9968352  0.99815303 0.99749386 0.99846447 0.9986558  0.9965953
 0.9968052  0.9971819  0.9991811  0.9949957  0.9979401  0.9982644
 0.9969015  0.9976024  0.9983365  0.99597234 0.9959235  0.9985429
 0.9979481  0.99611413 0.9953087  0.97892386 0.9551902  0.9525776
 0.9933682  0.981693   0.9109588  0.7025263 ]
[0.9951527  0.9944745  0.9953583  0.9966043  0.99063337 0.9986626
 0.99706477 0.9962437  0.99171454 0.9914494  0.9927315  0.99623835
 0.99804175 0.99084985 0.98842686 0.99843866 0.99108034 0.99606436
 0.9974821  0.99759394 0.99739754 0.9960592  0.9948198  0.9970482
 0.99847144 0.9938152  0.9921349  0.99745446 0.9909258  0.99449944
 0.99684525 0.99589205 0.9974452  0.99665797 0.99729186 0.9962889
 0.9960975  0.9935315  0.9977234  0.99799466 0.9975834  0.99429214
 0.997503   0.9978155  0.99758935 0.99252266 0.9957884  0.9989736
 0.99469733 0.9968548  0.9973821  0.99342763 0.9914077  0.9953891
 0.9965899  0.9920175  0.9942719  0.5085124  0.8620386  0.9116187
 0.9976673  0.7100716  0.9805022  0.79173106 0.97295195 0.80937284
 0.8866362  0.66634244 0.6135503 ]
[0.9977908  0.99835    0.9975834  0.99882096 0.9961068  0.99845755
 0.99235713 0.9991173  0.99487644 0.9410351  0.99715626 0.9969728
 0.9978383  0.9959921  0.99465793 0.9983652  0.9916824  0.9962174
 0.9960956  0.9983101  0.9957807  0.9986945  0.9969009  0.9975509
 0.9957925  0.9877774  0.99553573 0.9980083  0.98085475 0.9944351
 0.99770784 0.9970379  0.9887328  0.997598   0.9954242  0.9961087
 0.9955036  0.9975061  0.9979558  0.9984295  0.995411   0.9972262
 0.9982551  0.9978508  0.99919003 0.9971283  0.995004   0.9972295
 0.9982645  0.99647766 0.9989311  0.9978847  0.9959306  0.99840885
 0.9982603  0.9980572  0.9930448  0.99532133 0.66540754 0.94133794
 0.75177175 0.9921003  0.9912333  0.95643103 0.79066604 0.7083178
 0.99810934 0.98839426 0.9140019 ]
[0.99708754 0.99812645 0.99727637 0.9988741  0.9937836  0.9962768
 0.9912578  0.99733233 0.99625164 0.9961791  0.9985323  0.9989467
 0.9983998  0.9972197  0.9945859  0.9948602  0.9976647  0.9971637
 0.9918291  0.997717   0.9939328  0.9982303  0.9970216  0.9980964
 0.99609584 0.9942537  0.99138546 0.99837947 0.9985636  0.9965371
 0.9934896  0.9985057  0.99755657 0.99354786 0.997285   0.99856097
 0.99768186 0.9976088  0.99813616 0.99877006 0.9931718  0.9978217
 0.9991105  0.99637634 0.9990589  0.9943482  0.69176936 0.99828655
 0.9984895  0.99877876 0.996231   0.9971437  0.9909814  0.9986412
 0.9990752  0.99826366 0.99368286 0.7638771  0.6518953  0.6156367
 0.93018633 0.5858743  0.978449   0.9572607  0.88842523 0.838012
 0.6755555  0.74484    0.680079   0.9388947  0.91234934]
[0.99656856 0.9976695  0.9959281  0.9990375  0.99901056 0.99924797
 0.99778724 0.9983321  0.9972867  0.99532676 0.99755365 0.9980901
 0.99771285 0.99640024 0.9944654  0.9953536  0.99734664 0.9967907
 0.99817467 0.9961648  0.98843527 0.9978667  0.9964139  0.99863094
 0.99644405 0.99504316 0.9964026  0.9975635  0.9982508  0.9985619
 0.99831486 0.9972223  0.9968856  0.99714607 0.9981121  0.998538
 0.99669445 0.9977962  0.99852425 0.99686974 0.9988071  0.99732333
 0.99842864 0.9976369  0.99944717 0.9968677  0.9970739  0.9982462
 0.9957182  0.99806637 0.9974038  0.99688894 0.994466   0.99671626
 0.9978399  0.99617165 0.9951964  0.9527188  0.9808177  0.9613513
 0.9445146  0.93349123 0.950501   0.976148   0.96150553 0.9878506
 0.873237   0.593335  ]
[0.9966827  0.99836737 0.9978523  0.9991001  0.9959508  0.9953471
 0.9949942  0.9984401  0.99608    0.99640524 0.9967397  0.9953448
 0.99702066 0.9964702  0.98837644 0.9984995  0.99460185 0.99765813
 0.9969086  0.99772316 0.99449366 0.9987489  0.99838436 0.99789715
 0.9951681  0.99585295 0.9985145  0.99734986 0.99729025 0.9975325
 0.9985002  0.99819356 0.99590176 0.99878174 0.9968876  0.9958246
 0.9969386  0.9950218  0.9986149  0.9986443  0.9980227  0.996858
 0.9980502  0.9983506  0.9987532  0.9965558  0.99799216 0.9976174
 0.99814653 0.99814665 0.99716276 0.99368346 0.9966936  0.9988412
 0.99884856 0.9980046  0.93707633 0.93896866 0.9946371  0.922796
 0.944941   0.9927307  0.8905381  0.80648214]
[0.9970036  0.9978241  0.9974299  0.9978104  0.99405825 0.99813014
 0.99525636 0.9957885  0.99621034 0.9970419  0.9977738  0.9974369
 0.9974215  0.9966329  0.99575824 0.9951651  0.99357337 0.99658895
 0.9982614  0.99655557 0.997244   0.9981552  0.99712783 0.9936214
 0.99589336 0.9980621  0.9917916  0.9978249  0.9980433  0.99694234
 0.99850273 0.9979918  0.9985513  0.9986865  0.9986461  0.9987956
 0.99693143 0.9980708  0.9988422  0.9983944  0.9957853  0.9970644
 0.9985784  0.99556315 0.9989077  0.9948762  0.9979658  0.9983608
 0.9986469  0.99680847 0.99853766 0.998664   0.99628997 0.99882084
 0.9982376  0.99600667 0.99656254 0.9547844  0.97474027 0.9320808
 0.9652033  0.9936826  0.99681705 0.9046117  0.59176195 0.92587715
 0.8210329  0.9771269 ]
[0.99652773 0.99512947 0.99626213 0.9955089  0.9863332  0.9959436
 0.98775846 0.9965749  0.9857749  0.99127465 0.99549955 0.9941555
 0.9967794  0.9932888  0.98225385 0.99561393 0.9935941  0.99692947
 0.98551965 0.988565   0.9909689  0.99476033 0.989646   0.9902728
 0.99174774 0.9881678  0.9782727  0.9930734  0.9908556  0.98975474
 0.9927914  0.9936586  0.98684627 0.99466175 0.9937261  0.9937664
 0.9936405  0.9944893  0.9954992  0.99757725 0.9944839  0.9867721
 0.9937855  0.9941567  0.99692506 0.988741   0.99623424 0.99073446
 0.99540627 0.9942502  0.99573034 0.98326355 0.9906605  0.9979054
 0.9953923  0.98229563 0.98696923 0.8539893  0.8311358  0.8308327
 0.75866306 0.9668181  0.5021675  0.9375049  0.50159645 0.71052855
 0.8948618  0.8339327 ]
[0.99663925 0.9983011  0.9965982  0.9987424  0.9962037  0.99828535
 0.9968155  0.99788046 0.9963552  0.99623245 0.9973029  0.9986928
 0.9981668  0.99691343 0.99440926 0.99852884 0.9981336  0.9966068
 0.9975176  0.9989936  0.99611807 0.9992094  0.9971507  0.9964922
 0.9958937  0.9961532  0.99460065 0.99744534 0.99839514 0.99680847
 0.9985002  0.9977773  0.9963361  0.9989567  0.99774975 0.9988569
 0.99754494 0.99829143 0.9991749  0.9971757  0.99899906 0.9983132
 0.99676764 0.9970692  0.9994041  0.9938659  0.9978225  0.9986712
 0.99750817 0.9965048  0.99825996 0.99462044 0.9970427  0.9979346
 0.998705   0.99769646 0.9934169  0.9898129  0.9275619  0.85307056
 0.95581543 0.9769117  0.9332771  0.75792724]
[0.99781007 0.99899226 0.9974585  0.9988921  0.99621326 0.998845
 0.99317706 0.99803966 0.9968941  0.99265915 0.99766314 0.9983259
 0.99712473 0.9957344  0.9941869  0.99911314 0.9991247  0.9971059
 0.99845374 0.9981766  0.98791564 0.99883264 0.99747235 0.99477106
 0.9977964  0.985987   0.99327713 0.99745744 0.9958217  0.9960704
 0.9977229  0.9966679  0.99377173 0.9985367  0.99561656 0.99705756
 0.99515545 0.9973231  0.9979069  0.9974757  0.9953548  0.9978248
 0.99636817 0.9981706  0.99882704 0.99927217 0.99749506 0.9978467
 0.9977221  0.9963819  0.99788135 0.99790287 0.9961696  0.9984686
 0.9983127  0.995242   0.9937814  0.6163388  0.92790794 0.80345416
 0.9917956  0.96203274 0.99565506 0.91342247 0.5736755  0.8660768 ]
[0.9940268  0.9978047  0.9970892  0.9976593  0.99774396 0.99711835
 0.99461174 0.99484986 0.9956858  0.9939103  0.99722123 0.9981527
 0.99755365 0.9975931  0.98737925 0.9960919  0.9911413  0.9980883
 0.9987826  0.99451786 0.99368876 0.997733   0.9943533  0.99334854
 0.9938765  0.99711776 0.9933756  0.9968298  0.9981046  0.9975163
 0.99892247 0.9989794  0.9934068  0.9957087  0.99535584 0.99676204
 0.9957354  0.99543446 0.99824667 0.9980071  0.9932747  0.9969025
 0.9973628  0.9952122  0.9985216  0.9948073  0.9964036  0.9966852
 0.9977756  0.99828583 0.9968941  0.996548   0.9924724  0.99832433
 0.99741423 0.9961055  0.99366564 0.9268606  0.9964341  0.7656383
 0.68885577 0.9055962  0.9201646  0.59514314 0.91518104 0.9783327
 0.8581014 ]
[0.9972638  0.9985576  0.9958305  0.99882275 0.99067265 0.9988193
 0.99606836 0.98582065 0.99715084 0.99712735 0.99727136 0.99714786
 0.9980792  0.99736387 0.99405575 0.9984175  0.99494594 0.99610895
 0.9988778  0.9987734  0.9929537  0.9992354  0.9979982  0.9958597
 0.9973694  0.99559265 0.9951533  0.99768305 0.9962315  0.9954846
 0.99865097 0.99848264 0.9951871  0.99811965 0.99835336 0.99908984
 0.9956664  0.995276   0.9975834  0.9986451  0.99647707 0.9965952
 0.9969502  0.9975931  0.99923587 0.99610376 0.99864656 0.99871767
 0.998214   0.99794334 0.99844354 0.9933729  0.9966214  0.9988612
 0.9983407  0.99818677 0.9964355  0.8826962  0.7516358  0.9497841
 0.9267623  0.9965145  0.99929225 0.8963818  0.9767644 ]
[0.9977137  0.99818546 0.9978515  0.9979978  0.99233055 0.9986877
 0.9973719  0.99830425 0.9962948  0.9968863  0.9974705  0.9959124
 0.9976981  0.99662834 0.9936952  0.995235   0.9974952  0.9976815
 0.9976623  0.9986118  0.9905766  0.998259   0.9978531  0.9923604
 0.9964051  0.9969522  0.9916176  0.9966775  0.99133146 0.99443084
 0.9973254  0.99758744 0.997593   0.9987765  0.9973935  0.99833703
 0.99399406 0.99831957 0.99870276 0.99819994 0.998047   0.9971386
 0.99627894 0.9987453  0.99872905 0.997355   0.9976883  0.9984163
 0.9978928  0.9982083  0.99863005 0.9972898  0.99646974 0.99675107
 0.99787426 0.99641573 0.9971017  0.99002457 0.9584611  0.9561988
 0.9908375  0.98291874 0.9126152  0.80720776]
[0.99762565 0.9986487  0.997294   0.99874866 0.99472356 0.9987841
 0.99654275 0.99898666 0.99640167 0.9969021  0.99741685 0.99773383
 0.99827266 0.9958384  0.99712867 0.99770516 0.99729925 0.9967096
 0.9981664  0.9990087  0.9947102  0.99844295 0.99846977 0.9937435
 0.99711156 0.993068   0.99759406 0.997086   0.998066   0.996534
 0.99834776 0.9978929  0.99803394 0.99916387 0.9982072  0.9982487
 0.99684864 0.9988262  0.9990386  0.99792176 0.99852425 0.99815243
 0.99679357 0.99805593 0.9993685  0.99630666 0.9969939  0.9987382
 0.9977843  0.99834347 0.99792373 0.9929121  0.9960829  0.9973145
 0.9986652  0.99716264 0.9957695  0.9761114  0.9566996  0.825195
 0.9924942  0.9669914  0.5558502  0.51237386 0.86925995 0.8923573 ]
[0.99697375 0.9977679  0.9977896  0.9976312  0.9979042  0.99847275
 0.9975479  0.99884415 0.9965976  0.9995757  0.99756384 0.99772435
 0.9970624  0.9968464  0.9946498  0.9981224  0.99682605 0.99640334
 0.9964952  0.9975107  0.9957249  0.9989208  0.9962054  0.99748504
 0.9965432  0.9936539  0.995889   0.99677557 0.9967469  0.9965209
 0.9987098  0.9978898  0.9980496  0.99885917 0.996554   0.9987936
 0.99487865 0.9985318  0.9972357  0.9988159  0.9953987  0.9976937
 0.9969741  0.9980375  0.99897075 0.99685425 0.9986266  0.9976852
 0.99632996 0.9988863  0.9980414  0.9984351  0.9964477  0.99817777
 0.9982851  0.99488395 0.9953483  0.68586713 0.92371726 0.8198945
 0.99119616 0.51422113 0.98173296 0.73703504 0.9803106  0.9258513 ]
[0.99737    0.9972427  0.997209   0.99743146 0.9966468  0.99875164
 0.98481256 0.9982457  0.997338   0.99693465 0.9970065  0.997983
 0.9970409  0.9963231  0.9949982  0.9980393  0.9914984  0.9976248
 0.9977697  0.9976457  0.99606496 0.9985563  0.9978154  0.99299943
 0.9964547  0.99175644 0.99647576 0.9980059  0.997503   0.99655163
 0.99797696 0.99845564 0.995928   0.9984622  0.99281454 0.99802005
 0.99767536 0.99870205 0.99851316 0.99753463 0.99918216 0.9978103
 0.9970885  0.9978521  0.99848586 0.99726593 0.9981316  0.9988078
 0.996267   0.99829715 0.998398   0.99782    0.99694854 0.9948245
 0.99849105 0.99729174 0.9956727  0.91074014 0.9852903  0.956985
 0.96319467 0.99086213 0.63412285 0.8986167  0.8481622  0.78654677]
[0.9966724  0.9978635  0.99660456 0.99895895 0.9938544  0.99802196
 0.99553865 0.99829847 0.9968821  0.99676645 0.9977164  0.99687046
 0.9981014  0.99626535 0.99521255 0.9979387  0.9991732  0.9976605
 0.99915063 0.99642664 0.9963742  0.99907684 0.9987513  0.9940002
 0.99125016 0.99447167 0.99589586 0.99756914 0.9975668  0.998049
 0.9986539  0.9972855  0.9970386  0.9979419  0.99797124 0.998268
 0.99556535 0.9943329  0.9972492  0.9981312  0.9982811  0.99692243
 0.99700505 0.99676275 0.99859124 0.9960675  0.9920359  0.9978776
 0.99830246 0.99738795 0.9983542  0.9983728  0.9955318  0.994603
 0.998505   0.99867934 0.99550974 0.8864212  0.97177124 0.9662595
 0.9947313  0.97806317 0.99609226 0.89077884 0.6805983 ]
[0.99677366 0.9983353  0.9968823  0.9981686  0.9973953  0.9982864
 0.99686    0.9982193  0.9960641  0.99162346 0.99723935 0.9972427
 0.9978581  0.99712807 0.9938496  0.99643964 0.9925895  0.9976967
 0.9974184  0.99794024 0.9942438  0.9983215  0.99727803 0.995201
 0.99469215 0.99082094 0.99351996 0.9978877  0.9974915  0.9976025
 0.9983285  0.99854636 0.9966809  0.9991278  0.99770784 0.9980447
 0.9949969  0.9977125  0.99793786 0.99813473 0.9983016  0.9972138
 0.9983229  0.9988452  0.9992269  0.99498713 0.99721646 0.9990765
 0.9973449  0.99753296 0.99903995 0.9951192  0.9975541  0.9982774
 0.9984536  0.9982772  0.9948025  0.8291602  0.9381503  0.95886135
 0.9550873  0.9911306  0.93709916 0.9588824  0.92113006 0.69629043
 0.5206951 ]
[0.99575484 0.997141   0.99571866 0.9936342  0.99641234 0.9971994
 0.99417335 0.9978077  0.9956469  0.99454415 0.996567   0.99717075
 0.9953311  0.9968263  0.9936609  0.99781835 0.99687046 0.99606436
 0.99763024 0.99598855 0.99343747 0.9967818  0.988736   0.9932006
 0.99634665 0.98914564 0.99550265 0.9968849  0.9945245  0.9964676
 0.9978041  0.9986972  0.99562716 0.99847955 0.9967614  0.9989104
 0.9952077  0.99647176 0.9946365  0.9982815  0.99779785 0.9939839
 0.9946439  0.9949708  0.99870646 0.9953556  0.9976801  0.99657
 0.9961444  0.9973706  0.9975298  0.9889048  0.997869   0.9990132
 0.9962017  0.9919585  0.9971636 ]
[0.9979436  0.99896586 0.9963406  0.99766564 0.99232507 0.9971533
 0.9897961  0.9980108  0.99580365 0.9953576  0.9974033  0.99801046
 0.9983808  0.9953524  0.9921185  0.9991351  0.99654466 0.9974044
 0.9984748  0.99777824 0.9945734  0.998928   0.997689   0.99919647
 0.99838054 0.99485224 0.9960269  0.9969283  0.9980324  0.997775
 0.9986268  0.9981012  0.9981388  0.9979359  0.9979609  0.9972256
 0.9963701  0.9985884  0.9988895  0.9983474  0.99665797 0.99806625
 0.9988431  0.99743086 0.9991573  0.99642366 0.998604   0.99837637
 0.9993316  0.9975274  0.9972063  0.9950773  0.9967243  0.99786735
 0.9986345  0.9955303  0.9944007  0.80764204 0.60242546 0.9400023
 0.5690161  0.5723519  0.90202075 0.9924159  0.5483724  0.96711826
 0.810773   0.9084556  0.99676406 0.84411985]
[0.9974106  0.9963626  0.9965229  0.99895525 0.99632394 0.9973014
 0.9929368  0.99809605 0.9968009  0.9963439  0.9971487  0.9982261
 0.99850166 0.9964644  0.9958599  0.99845517 0.99765056 0.99797195
 0.9982186  0.99798155 0.9984459  0.9977221  0.99758196 0.99727386
 0.9969112  0.9925271  0.9988367  0.9983223  0.99778724 0.9978917
 0.9974233  0.9978696  0.9963148  0.99846953 0.99601585 0.9987047
 0.9972881  0.996494   0.9978849  0.998331   0.99667126 0.9986633
 0.9956417  0.9975243  0.99818146 0.99459875 0.99806947 0.99817383
 0.9963426  0.9982343  0.9990345  0.99356127 0.9964964  0.9988772
 0.9978586  0.99357754 0.9957567  0.98163646 0.9528726  0.9024694
 0.9852647  0.96735716 0.992234   0.9560713  0.89780855 0.8855537
 0.99496835 0.61763537]
[0.9972907  0.9981254  0.99756587 0.99912995 0.9960102  0.9987243
 0.99516124 0.99873    0.99708456 0.99655557 0.9974994  0.9972242
 0.9971836  0.9962005  0.9954364  0.99842227 0.9943903  0.99771595
 0.9980135  0.99775934 0.996289   0.99834013 0.99846774 0.9978308
 0.9952584  0.99512863 0.9979348  0.997661   0.99784315 0.99735093
 0.99844956 0.99869555 0.9963883  0.99853027 0.9978941  0.9989536
 0.99692243 0.9983011  0.9991161  0.99837095 0.9987797  0.99843496
 0.99732375 0.99816656 0.99750924 0.99686074 0.99857795 0.99849343
 0.99700755 0.9980738  0.998489   0.99528295 0.99549246 0.99772495
 0.9986632  0.9966233  0.99670714 0.97783023 0.8883852  0.9307971
 0.94876885 0.5068676  0.99504614 0.88817257 0.9951676  0.5786554 ]
[0.9968636  0.9974375  0.9967077  0.99922526 0.99962044 0.9983359
 0.9955716  0.9947615  0.9975483  0.9972932  0.9975866  0.9983107
 0.9976173  0.9965593  0.9944523  0.9984524  0.998334   0.9966462
 0.995535   0.9970204  0.9965461  0.99787045 0.9956691  0.9960465
 0.99735814 0.9969439  0.99744236 0.99796814 0.9971384  0.99808383
 0.9986584  0.99780935 0.9964785  0.99795806 0.9978703  0.99913377
 0.99791783 0.9963243  0.9979108  0.99841154 0.99824536 0.99739885
 0.99803    0.99640393 0.9991792  0.9971922  0.99765766 0.9963091
 0.9976453  0.99770975 0.9976708  0.9972817  0.99708027 0.99611795
 0.9979279  0.9969388  0.9957777  0.9909497  0.9306446  0.97055286
 0.9847847  0.9975683  0.95356417 0.9179404  0.7074054  0.96129507
 0.92330307 0.8285656 ]
[0.9975303  0.99777836 0.99735    0.9992563  0.9928268  0.998243
 0.9958903  0.99685305 0.99701035 0.9966942  0.9972965  0.997352
 0.99814236 0.99595886 0.9960334  0.9981565  0.9957273  0.99783224
 0.9977951  0.99699175 0.9976083  0.99760723 0.9974981  0.9924338
 0.9957883  0.9886567  0.9969194  0.996637   0.9959007  0.99722916
 0.9985896  0.9979006  0.9972734  0.9982451  0.9981129  0.9975103
 0.9967026  0.9980724  0.99772614 0.99840707 0.9960437  0.9965256
 0.9979802  0.998245   0.99826306 0.9978417  0.99434584 0.9975636
 0.9964514  0.9986424  0.99774456 0.99800676 0.9970471  0.9988813
 0.9979042  0.9962837  0.9967547  0.95815194 0.7613933  0.9520774
 0.707051   0.78398484 0.9952377  0.89135796 0.8483478  0.89889747
 0.79366493 0.990254   0.6887036  0.8942481  0.9145762 ]
[0.99714404 0.99814975 0.99709785 0.99917006 0.9969602  0.9965306
 0.9833999  0.9992434  0.9966575  0.99748176 0.99781966 0.99877316
 0.99685305 0.9973253  0.9925809  0.9981199  0.99468356 0.9973132
 0.999253   0.9972066  0.9977729  0.99892396 0.9977609  0.9941064
 0.99660945 0.9928716  0.99569964 0.9976921  0.99841356 0.99485826
 0.9979346  0.9978619  0.9978957  0.9973303  0.9976931  0.9991216
 0.99697685 0.9975018  0.99740845 0.99769646 0.9984097  0.99908495
 0.9974064  0.99648535 0.99916196 0.9971219  0.99775165 0.9987545
 0.9970703  0.99348277 0.9980819  0.9960224  0.9961176  0.9984511
 0.99856025 0.9971275  0.98977154 0.8516743  0.82602525 0.97468275
 0.99349725 0.97381985 0.6374081 ]
[0.9974821  0.99711823 0.99398994 0.9967355  0.9973205  0.9981096
 0.9942517  0.9954389  0.9943758  0.99545187 0.9975563  0.9973907
 0.9960246  0.9962574  0.9909588  0.9972561  0.99703574 0.9961211
 0.9969098  0.9921957  0.993389   0.9955397  0.988561   0.98974705
 0.9952088  0.9922598  0.9961331  0.99723536 0.9967879  0.9974775
 0.99692386 0.9975689  0.9951681  0.99756575 0.9978542  0.9984211
 0.99529284 0.99773455 0.9952076  0.9972589  0.99840254 0.9966498
 0.9958224  0.99710673 0.99843305 0.9963797  0.9979152  0.99543864
 0.9958585  0.9967698  0.9968636  0.99660194 0.99777645 0.9991497
 0.99580896 0.98986864 0.99714404]
