[0.99872965 0.9994048  0.99816895 0.9993735  0.99897623 0.9993211
 0.9994394  0.99956733 0.99895334 0.99825996 0.9987091  0.9993498
 0.9987631  0.9981645  0.9982821  0.99888796 0.9993772  0.99862385
 0.9994873  0.9988066  0.99936014 0.9994068  0.999178   0.99911505
 0.9989017  0.9984642  0.999532   0.99850535 0.9994018  0.99844825
 0.9994854  0.99927753 0.999193   0.99943167 0.99899334 0.9995173
 0.9989021  0.9993368  0.99981636 0.99930465 0.9995641  0.99912864
 0.99898416 0.99931073 0.9995468  0.9995437  0.99923265 0.9994473
 0.9990633  0.9993703  0.9991934  0.99971825 0.9995735  0.9996113
 0.999014   0.999019   0.99924856 0.9955112  0.9964941  0.79699314
 0.992816   0.9983498  0.86714804 0.7783936  0.9973877  0.7426102
 0.93553066 0.7376394  0.7297559 ]
[0.9984559  0.9994473  0.99808407 0.9994024  0.9988205  0.999443
 0.9965299  0.9996045  0.99802965 0.99838793 0.99882966 0.9990902
 0.998976   0.9981572  0.9983376  0.9991738  0.99954873 0.9984403
 0.9993562  0.99884784 0.99904627 0.9992151  0.999278   0.9986254
 0.9997881  0.9986512  0.9993187  0.9987494  0.9993518  0.9991371
 0.9990742  0.9991605  0.99954623 0.9995735  0.99914515 0.99968314
 0.9984024  0.9994498  0.99921644 0.9996636  0.9993674  0.9992957
 0.9990792  0.99949956 0.99967504 0.99930656 0.9990465  0.9986771
 0.9990225  0.9992913  0.99941075 0.9997149  0.99962056 0.9991448
 0.9989543  0.9977962  0.9984493  0.98703325 0.9986559  0.98348963
 0.99390936 0.9974941  0.9942624  0.95695245]
[0.99854624 0.9993474  0.99801373 0.9995196  0.99947065 0.99944574
 0.9996382  0.99966073 0.99811244 0.9981414  0.9990214  0.9989297
 0.9991565  0.9982541  0.99766505 0.9997421  0.99961615 0.99889034
 0.9990527  0.99911183 0.9989851  0.9991493  0.9980805  0.99934345
 0.9993844  0.99788505 0.9993585  0.9986051  0.99928397 0.9986897
 0.9988475  0.9992724  0.999185   0.9993228  0.9992506  0.99951017
 0.9990025  0.9993741  0.9992894  0.9995436  0.9995284  0.9994609
 0.99921405 0.9993457  0.9995801  0.99924517 0.9992963  0.9994741
 0.99949396 0.99928844 0.99918467 0.999783   0.999108   0.9994555
 0.99942976 0.9991912  0.999361   0.9427271  0.99706787 0.96610606
 0.9951816  0.9881003  0.9981542  0.9164245  0.988165   0.98501486]
[0.99865925 0.9994425  0.99832946 0.9996625  0.9984188  0.99937385
 0.9996598  0.99973065 0.99824584 0.99815613 0.9993156  0.9994542
 0.99916303 0.9983038  0.9980792  0.9990471  0.9996642  0.99865085
 0.999089   0.99864894 0.99922276 0.9994204  0.9989956  0.9990465
 0.9997863  0.998324   0.99949884 0.9985923  0.99922514 0.9991301
 0.999286   0.9992536  0.9991685  0.9993825  0.9987386  0.9997532
 0.99854636 0.99920803 0.99928373 0.9995865  0.99940336 0.9991509
 0.9991997  0.99945444 0.9997141  0.9990326  0.9985942  0.9992586
 0.99889    0.9994124  0.9994717  0.9998294  0.9997842  0.99959093
 0.9989544  0.998606   0.99869746 0.9919898  0.99517787 0.979163
 0.99318284 0.9966383  0.91044265 0.72136444 0.9609742  0.9737936 ]
[0.9989261  0.99908173 0.99954575 0.999602   0.9991726  0.99931574
 0.9996018  0.99957794 0.99855834 0.99836165 0.99886835 0.99970263
 0.9992415  0.9981413  0.997997   0.9992619  0.9991749  0.99858105
 0.9991972  0.9991912  0.99890864 0.99898    0.9995234  0.9987469
 0.9997743  0.99822086 0.99961686 0.99854624 0.99938    0.99857664
 0.9993722  0.9991345  0.999295   0.9992932  0.99919885 0.99932563
 0.9998211  0.9992065  0.9991542  0.9994116  0.99951744 0.9994369
 0.9991621  0.999052   0.9995353  0.99931395 0.9986462  0.999479
 0.99822325 0.9996357  0.999278   0.9997242  0.9996014  0.99936014
 0.9992176  0.99898297 0.9986792  0.97172683 0.5635925  0.9982317
 0.9829207  0.9942194  0.99760544 0.99889046 0.9963768  0.9279762
 0.9991974  0.9722029  0.63983774]
[0.9984207  0.9994286  0.99807894 0.99893445 0.99841785 0.9991467
 0.9996971  0.9996426  0.99860233 0.99792176 0.9983077  0.99860734
 0.999131   0.9981968  0.9981103  0.9993736  0.9996625  0.99872005
 0.99947304 0.99904555 0.9994081  0.999393   0.99849355 0.99831796
 0.9995332  0.99793255 0.999506   0.9984609  0.9994067  0.9982272
 0.99928147 0.9994229  0.99894065 0.99957067 0.9994154  0.999313
 0.998725   0.99928766 0.99927384 0.99945873 0.9995036  0.99927694
 0.99919623 0.9995466  0.9997638  0.9993291  0.9993463  0.9993753
 0.9986099  0.99908066 0.9992576  0.9996809  0.99973625 0.99938095
 0.9987846  0.9986811  0.9985648  0.91066295 0.99138314 0.984412
 0.9886862  0.997931   0.99526155 0.9761786  0.938141   0.61019695]
[0.9985102  0.9995523  0.99809736 0.99945897 0.9988607  0.9995167
 0.99966276 0.9994491  0.9980856  0.9978872  0.9985831  0.9991146
 0.9991179  0.99806386 0.9981674  0.9993168  0.9994079  0.99852246
 0.9992762  0.99905616 0.99908376 0.9993339  0.99917525 0.9993248
 0.9996525  0.9980261  0.99942756 0.99866354 0.9992453  0.9989518
 0.99944025 0.9993703  0.9989962  0.9993593  0.9992792  0.9994603
 0.99826354 0.99946207 0.9986492  0.99935704 0.99944097 0.9995172
 0.9993587  0.9992204  0.9996153  0.99954045 0.9991055  0.99935573
 0.99874854 0.9994809  0.9992557  0.9998134  0.99966776 0.99937147
 0.9990344  0.9976058  0.9987213  0.997166   0.9862802  0.9950793
 0.99770904 0.99605983 0.94819313 0.8509416 ]
[0.9987864  0.9995372  0.998389   0.9989893  0.9991498  0.9992505
 0.99960166 0.9993038  0.9979133  0.99819475 0.99876815 0.99915993
 0.9991227  0.99979967 0.9977278  0.9995272  0.99926597 0.9987262
 0.9993368  0.99866414 0.99855727 0.99945277 0.99937683 0.99910825
 0.99980325 0.99795735 0.9994692  0.99874675 0.999037   0.99860865
 0.9989365  0.9992287  0.9992281  0.99955696 0.9991689  0.99939394
 0.99894327 0.9987526  0.9994642  0.9995208  0.999405   0.99897254
 0.99871457 0.99949086 0.9997708  0.99955946 0.9989042  0.99934775
 0.99886143 0.99947983 0.999603   0.9998673  0.99912363 0.99956065
 0.9985077  0.99933213 0.99850804 0.9819425  0.9850358  0.9756647
 0.99034715 0.9973617  0.9987068  0.9989496  0.7609057  0.9230137
 0.99885476]
[0.99865496 0.9993401  0.99798787 0.9994759  0.9985141  0.9996283
 0.99959177 0.9995834  0.99791163 0.99837375 0.99867344 0.9990126
 0.9992126  0.9981602  0.99758184 0.9994604  0.9995128  0.9979709
 0.9990609  0.9991578  0.9985123  0.9994128  0.99926966 0.999363
 0.9978265  0.998038   0.9994423  0.998522   0.998922   0.99902976
 0.9990927  0.9993988  0.99929893 0.99942374 0.99909925 0.9994535
 0.9985312  0.9991825  0.99924624 0.99964046 0.99934083 0.9995535
 0.99932873 0.99893874 0.9997173  0.99943477 0.9992379  0.9994972
 0.99970204 0.99913365 0.9991872  0.9997813  0.999684   0.99945205
 0.9991829  0.9986187  0.99856937 0.9993094  0.7746023  0.9697878
 0.9992186  0.9951984  0.9986821  0.911336   0.9924602  0.9209678 ]
[0.9987828  0.999461   0.99835473 0.99874383 0.9985788  0.9995073
 0.9993129  0.9996798  0.99865556 0.99960274 0.9987     0.9987494
 0.9989052  0.99821705 0.9986866  0.9993911  0.9994252  0.9984675
 0.9993406  0.9990728  0.99870217 0.9994074  0.9992429  0.9983109
 0.99978167 0.9985905  0.9994779  0.9982608  0.9989593  0.99926156
 0.99920577 0.9994547  0.99939084 0.9995896  0.9992993  0.9986895
 0.99886936 0.9990326  0.9993462  0.9995235  0.999353   0.99901843
 0.9992199  0.99916947 0.9994261  0.9994037  0.99905235 0.99921536
 0.99980694 0.9994041  0.99959725 0.99972266 0.9996123  0.9994448
 0.99929655 0.99907446 0.9991725  0.9723832  0.98805094 0.99486285
 0.9985267  0.9992411  0.9988368  0.8869512  0.9556324  0.83242345
 0.50302035]
[0.99838245 0.99947506 0.9981323  0.99963474 0.9983564  0.99960107
 0.9994935  0.9995266  0.9987     0.9995807  0.998777   0.9991543
 0.999033   0.9982368  0.9987404  0.9991215  0.9995485  0.9984285
 0.9989675  0.9991547  0.99936706 0.9992828  0.99894804 0.9992513
 0.99953604 0.998713   0.99957734 0.998884   0.9993973  0.99830616
 0.99885476 0.9993243  0.99945265 0.9994856  0.9990195  0.9996755
 0.99845016 0.9991794  0.99890554 0.999161   0.9994778  0.99926263
 0.9986369  0.9994289  0.99962723 0.99956053 0.9994529  0.99950314
 0.9996599  0.99927384 0.99879956 0.99976045 0.9998319  0.9994893
 0.99907035 0.9990742  0.9992873  0.9919932  0.99542624 0.9970188
 0.9032734  0.9330069  0.95244795 0.5252987 ]
[0.9986744  0.99922943 0.99814236 0.9997147  0.99890625 0.9994961
 0.9993674  0.9995347  0.998097   0.9982937  0.99881124 0.9992273
 0.99921775 0.9982431  0.9980026  0.9988293  0.9992556  0.99815255
 0.9992995  0.9990735  0.9993648  0.99924517 0.9993205  0.99866235
 0.9995061  0.9978561  0.99940217 0.9983152  0.9990164  0.9985203
 0.9992067  0.9995074  0.9994355  0.9994122  0.9991233  0.9997377
 0.9983261  0.99904794 0.9990094  0.999215   0.9995696  0.9991026
 0.9989458  0.99946743 0.999584   0.9993261  0.99898165 0.9995652
 0.99886715 0.99940693 0.99921525 0.9997458  0.99976224 0.9993278
 0.9990804  0.99818254 0.99860686 0.9968047  0.9833739  0.99415153
 0.99873155 0.99489766 0.9541035  0.7641411 ]
[0.99862194 0.99954283 0.99799585 0.99935836 0.9989568  0.999451
 0.99958676 0.9998273  0.9977307  0.99830186 0.99863005 0.99937624
 0.99927896 0.99813074 0.9981318  0.99968827 0.99931705 0.9982181
 0.99938035 0.9988765  0.9992418  0.9993327  0.9989593  0.9983069
 0.99951684 0.9977717  0.9994211  0.99883574 0.9992411  0.999413
 0.9992687  0.9993291  0.99942553 0.9995702  0.99947554 0.9994887
 0.9984913  0.99930465 0.9987765  0.99922276 0.99940836 0.9989231
 0.9992099  0.9992735  0.99957675 0.9991923  0.9993206  0.9993092
 0.99901366 0.9993093  0.9991923  0.9988925  0.9996468  0.9995567
 0.99905425 0.9988426  0.998524   0.74247706 0.9820755  0.9987406
 0.98396057 0.9330576  0.9381565  0.9727879  0.8958289  0.99986005]
[0.9983284  0.9993667  0.9980642  0.99946314 0.9986726  0.99936885
 0.9993967  0.99971265 0.9984761  0.9982449  0.9984314  0.99875474
 0.999164   0.99813    0.99838686 0.9987727  0.99966645 0.9984511
 0.9988248  0.99892765 0.99942577 0.999548   0.9988703  0.9982539
 0.9997255  0.99753356 0.9993067  0.99870324 0.9992399  0.99816763
 0.99911004 0.9991252  0.9991072  0.9996258  0.9988921  0.9996141
 0.99839145 0.9989297  0.9989973  0.999595   0.99946433 0.99928766
 0.99915576 0.9992244  0.99959534 0.99956566 0.9987696  0.99950016
 0.99840385 0.99944514 0.99938536 0.9997645  0.9997596  0.99959296
 0.99925333 0.9983209  0.9985279  0.99672675 0.987242   0.9911214
 0.9984982  0.9943983  0.95201373 0.73634815]
[0.9985372  0.99944335 0.9983719  0.9995584  0.99894196 0.9995974
 0.9993387  0.99936837 0.99816173 0.99796295 0.9994074  0.9994344
 0.9995074  0.9986204  0.99870396 0.9996996  0.99959224 0.9986092
 0.9992004  0.99903154 0.99920976 0.99933165 0.9993742  0.9982528
 0.9997305  0.99856275 0.9996494  0.9986675  0.99891305 0.99900705
 0.9990723  0.99920434 0.99928075 0.9994191  0.99935    0.99958926
 0.998744   0.99931216 0.99902046 0.99911267 0.99936503 0.9993193
 0.99913824 0.99905354 0.99976    0.99910754 0.99922276 0.9994153
 0.9988973  0.9995339  0.999188   0.9990214  0.999616   0.9994721
 0.99931884 0.9984837  0.9986891  0.96805924 0.9993394  0.94194806
 0.9819386  0.9972416  0.99541485 0.9963225  0.93564296 0.7853104
 0.99987876]
[0.9987956  0.99926466 0.99866295 0.9994331  0.99920756 0.9995573
 0.9997218  0.9997483  0.99810046 0.998237   0.99860436 0.9994704
 0.9993697  0.9978854  0.99879223 0.99980146 0.9995777  0.9985482
 0.99938977 0.9988476  0.9994066  0.99927086 0.99842536 0.99888414
 0.9972103  0.9983216  0.9994667  0.9986739  0.998993   0.99923444
 0.9989874  0.9992022  0.99884343 0.99936956 0.99941397 0.9986791
 0.99878556 0.99929404 0.99911433 0.99908566 0.99955577 0.99910456
 0.9993062  0.99933714 0.9996916  0.99934167 0.99933004 0.99952424
 0.99909794 0.99924964 0.9989673  0.998931   0.99953437 0.9993968
 0.9994312  0.99914575 0.9993748  0.99978167 0.97532827 0.89427584
 0.9938818  0.7279924  0.99915636 0.95483875 0.95275545 0.8626325
 0.96030587]
[0.9983714  0.99937505 0.9984256  0.9988617  0.99847776 0.9995803
 0.99938583 0.99975544 0.99801767 0.998425   0.9985072  0.9988167
 0.9989505  0.9979572  0.9975904  0.9990706  0.99927634 0.9985014
 0.9992643  0.9983754  0.99946946 0.99944395 0.9992243  0.998601
 0.999516   0.9986559  0.9994986  0.9985864  0.9990772  0.99907744
 0.999516   0.9993611  0.99932206 0.9994004  0.99924564 0.998792
 0.9985726  0.99901736 0.99882156 0.99898165 0.99963164 0.999158
 0.99935085 0.9995278  0.99971277 0.9995018  0.9989618  0.9991072
 0.99876153 0.9990276  0.99947673 0.99946016 0.99953306 0.9993143
 0.9992254  0.9987411  0.9982597  0.99549085 0.985148   0.994514
 0.998009   0.9970528  0.7937354  0.6975547  0.95057094 0.9883996
 0.7967671 ]
[0.99852544 0.99936324 0.99835545 0.9996107  0.9985459  0.9994197
 0.99953425 0.9995833  0.9982243  0.9982274  0.9986547  0.99908197
 0.9989808  0.9979588  0.9981244  0.9989993  0.9995802  0.9984518
 0.9992436  0.99833775 0.99898916 0.9993962  0.99890375 0.9991122
 0.9996749  0.9978903  0.99957377 0.9987627  0.99944323 0.99840206
 0.9990195  0.99908996 0.9993012  0.9995571  0.99929667 0.99956626
 0.99854773 0.999025   0.99883384 0.9993315  0.99956304 0.99945706
 0.99871933 0.9992046  0.9996319  0.99960667 0.9991289  0.999286
 0.9984517  0.99915075 0.9992335  0.9997521  0.9997012  0.9992737
 0.99881065 0.99820757 0.99767953 0.9975115  0.9809413  0.9922031
 0.9980654  0.9935248  0.93366766 0.78612787]
[0.9985815  0.99922824 0.9978447  0.9990701  0.9988599  0.99953973
 0.99948055 0.9996061  0.9977494  0.9983255  0.9987953  0.9986065
 0.99916506 0.9977851  0.99771416 0.99921    0.99954295 0.99831855
 0.9993782  0.9987747  0.9991099  0.99923766 0.99885297 0.99881506
 0.99975365 0.9976808  0.99938524 0.9983399  0.9991211  0.9987796
 0.99925417 0.9992478  0.99932706 0.9995196  0.9990127  0.9995535
 0.9986708  0.99932206 0.99935657 0.9994523  0.9995376  0.9992099
 0.9990878  0.9995515  0.9995178  0.99942017 0.99912745 0.9994868
 0.9987147  0.9992126  0.9991072  0.9998702  0.9998167  0.99942195
 0.99923    0.998139   0.9983328  0.99537176 0.98378396 0.99236476
 0.99799025 0.994118   0.9456191  0.76195556]
[0.9985815  0.9993031  0.9979741  0.99953425 0.9983475  0.9993218
 0.99949765 0.9994672  0.9980318  0.9981111  0.9983405  0.9991517
 0.9990231  0.9980147  0.9977977  0.99934644 0.9994407  0.99842215
 0.99905485 0.9989832  0.9993622  0.99937075 0.9988418  0.99892277
 0.9989937  0.9980439  0.99944955 0.9990533  0.9993449  0.9985512
 0.9989748  0.9994593  0.9993193  0.99964106 0.999363   0.9996244
 0.99828255 0.9993381  0.9992335  0.9998876  0.99939287 0.999406
 0.998911   0.99934477 0.9997392  0.9995652  0.9990538  0.999241
 0.9985012  0.99920136 0.9993562  0.99973875 0.99967694 0.99954563
 0.99909925 0.99842286 0.9983028  0.9959467  0.9817594  0.9938747
 0.99833703 0.9629216  0.99617755 0.93951184 0.72767925]
[0.99861205 0.99922776 0.997993   0.99958044 0.99896824 0.99905413
 0.99941444 0.9992607  0.9981267  0.9982153  0.99821633 0.9987515
 0.9991689  0.99826956 0.9985648  0.99907243 0.9996226  0.99827826
 0.99909186 0.9988856  0.9995509  0.9994436  0.9965994  0.99889296
 0.99952626 0.9986607  0.9994611  0.9983625  0.9992817  0.9992649
 0.99934226 0.9992955  0.999206   0.99918014 0.9992539  0.99953985
 0.9986551  0.99947566 0.9993999  0.99966776 0.99931    0.9994974
 0.9991308  0.99931    0.9996345  0.99927837 0.9992042  0.9992749
 0.99864036 0.9990402  0.99863297 0.99976856 0.9997105  0.9993024
 0.9991353  0.99858236 0.9984074  0.98469234 0.9863963  0.9939137
 0.9979122  0.962404   0.9857144  0.9916904  0.9785211  0.94377965]
[0.9986314  0.9994642  0.99908566 0.9994942  0.9994048  0.9995141
 0.99952626 0.9996388  0.9991726  0.9980849  0.99887735 0.99916804
 0.9989219  0.9982993  0.99869055 0.9994029  0.9995635  0.9987472
 0.9996352  0.99906737 0.9998022  0.9993507  0.9974855  0.99883395
 0.9998628  0.99850297 0.99956876 0.99873644 0.9990972  0.9990114
 0.99917245 0.999213   0.9993637  0.999383   0.9988783  0.9996377
 0.99854636 0.99943227 0.99945325 0.999183   0.9993161  0.99955386
 0.9990575  0.9996817  0.999485   0.99945265 0.9990363  0.9995615
 0.99789375 0.99939406 0.9993266  0.9997683  0.99975294 0.99912125
 0.9992384  0.9989793  0.99944204 0.5180648  0.8993123  0.96674883
 0.97389936 0.96542    0.9993123  0.99872476 0.9961086  0.9189285 ]
[0.9983165  0.99901736 0.9984301  0.99945587 0.99828374 0.99960405
 0.9994685  0.99974614 0.99843115 0.9982103  0.99867684 0.9987947
 0.9988444  0.9980672  0.99801314 0.9989517  0.9995689  0.9986546
 0.9992798  0.99865425 0.99920565 0.9994634  0.99904495 0.9988765
 0.99957985 0.9980019  0.9994997  0.9986162  0.999178   0.9981627
 0.9991093  0.9994037  0.99932086 0.99937844 0.9991328  0.99960107
 0.9986129  0.99946994 0.9992487  0.99955004 0.99956113 0.99952686
 0.99902105 0.9992902  0.9997476  0.99955744 0.99890864 0.9988927
 0.99859494 0.99915636 0.9993874  0.99981445 0.99962294 0.99946505
 0.99892634 0.9985696  0.9985728  0.9975733  0.9856653  0.99414694
 0.99887735 0.99275655 0.9645596  0.74527943]
[0.9985642  0.9993678  0.99820185 0.9994259  0.99806887 0.9996282
 0.99935764 0.999607   0.9979907  0.99838996 0.9986584  0.99885523
 0.99884796 0.9982115  0.9977684  0.9994242  0.9994691  0.9984428
 0.9989466  0.99836296 0.99933845 0.9992587  0.9990978  0.99907494
 0.9996439  0.99850106 0.99931765 0.9986148  0.9989328  0.99842227
 0.9991037  0.99924445 0.99935025 0.9996178  0.99924856 0.99941754
 0.99854326 0.99927336 0.9989052  0.99956125 0.9996018  0.99912924
 0.99901044 0.99913615 0.99968266 0.99936277 0.99908864 0.99915934
 0.9984055  0.99926454 0.9994332  0.99979657 0.9997602  0.99947244
 0.99893194 0.9982362  0.99845266 0.99532276 0.9788936  0.99194396
 0.9980287  0.99478155 0.94157106 0.78907883]
[0.99823076 0.99950266 0.9980247  0.99847645 0.9990741  0.9995272
 0.99957865 0.99942076 0.9976579  0.9983785  0.9985581  0.9997907
 0.9988381  0.99801207 0.99860865 0.9992223  0.9994474  0.9981669
 0.998708   0.9986125  0.9996803  0.9992643  0.9991603  0.998588
 0.99950385 0.9974679  0.9993055  0.998548   0.99935573 0.9982174
 0.9992149  0.9994764  0.99919516 0.99945325 0.99935454 0.9997707
 0.9997756  0.9986798  0.99898654 0.99965143 0.9997061  0.99954826
 0.9990381  0.9993812  0.9997477  0.99947816 0.9992415  0.9995378
 0.9987381  0.99933594 0.9992494  0.99984705 0.9996697  0.99951804
 0.9989237  0.997982   0.9990264  0.977448   0.99879694 0.9781546
 0.9956333  0.9968562  0.90539837 0.99393576 0.95597947 0.99572194]
[0.9985089  0.99945265 0.99766904 0.9996246  0.9988973  0.9996935
 0.9993542  0.9995152  0.9985293  0.9975961  0.9984068  0.9994041
 0.99897087 0.9980883  0.99849105 0.99868184 0.9994222  0.9984145
 0.9992855  0.99879116 0.99903846 0.9992762  0.9989157  0.99855953
 0.9993     0.99814546 0.9995455  0.99885297 0.9992912  0.99905163
 0.99938035 0.9990466  0.9986765  0.9995497  0.9993268  0.99976665
 0.99887055 0.99913776 0.99888283 0.99967945 0.9992932  0.9994717
 0.9986129  0.99938214 0.99975795 0.99930286 0.9990263  0.99935895
 0.99800366 0.999418   0.99883074 0.99980897 0.99967265 0.9993919
 0.99921024 0.998885   0.9987748  0.9971245  0.6031035  0.9749904
 0.99293035 0.9983699  0.9997192  0.655328   0.5479164  0.895851
 0.9874821 ]
[0.99832886 0.99936694 0.9980531  0.9996151  0.99855    0.9993944
 0.999629   0.99944085 0.9981172  0.9981343  0.99829    0.9991677
 0.9986105  0.99836105 0.9981384  0.9992803  0.9995472  0.9986082
 0.9994537  0.9989166  0.9994129  0.9991736  0.99886334 0.9985197
 0.9993117  0.9985031  0.99931693 0.99867177 0.99934274 0.99843854
 0.9993704  0.9991211  0.9990397  0.9993123  0.99925953 0.99942076
 0.9984352  0.9992488  0.9991677  0.9995258  0.99940205 0.9992611
 0.9990552  0.99965465 0.9995372  0.9993327  0.9991667  0.9991836
 0.99699116 0.99921405 0.9988312  0.9997305  0.9998215  0.9992275
 0.99905545 0.99792886 0.9988188  0.997544   0.60076094 0.97717434
 0.9916881  0.9985696  0.99286604 0.9089333  0.9347228  0.9548118
 0.9355984  0.9840875 ]
[0.9985304  0.9994018  0.99804115 0.99961793 0.9987245  0.99943215
 0.99798226 0.9997471  0.99824226 0.9980647  0.9985942  0.99918824
 0.99917823 0.9982034  0.99804807 0.9997887  0.9994431  0.9980562
 0.99877506 0.9992805  0.9999151  0.9992299  0.999433   0.9991708
 0.99975103 0.9984484  0.9993716  0.99831414 0.9994344  0.9986595
 0.998982   0.99920636 0.99912316 0.99929    0.9990256  0.9997142
 0.99890804 0.9994692  0.99914515 0.9993667  0.99959487 0.9991013
 0.9990615  0.99929714 0.9994537  0.9992887  0.9993537  0.99950314
 0.99914217 0.9992986  0.9995265  0.9998209  0.9996556  0.9994679
 0.9992471  0.99949825 0.9992423  0.94603044 0.71945405 0.9974617
 0.9780673  0.888467   0.9981871  0.9988576  0.976075   0.9629338
 0.96749073 0.99888915]
[0.9985877  0.99951184 0.99804866 0.999395   0.99823606 0.99942374
 0.99946684 0.9994703  0.9985191  0.9976864  0.9986791  0.9991155
 0.99927634 0.99816847 0.9983783  0.9993445  0.99949133 0.9983077
 0.99906343 0.9989241  0.9991634  0.9993938  0.9992716  0.998738
 0.9997974  0.997468   0.9994234  0.9987777  0.99885535 0.9984296
 0.99907047 0.99937063 0.9992318  0.9995503  0.9990658  0.9996958
 0.9987056  0.99911207 0.99855274 0.9993005  0.99938667 0.99906784
 0.9988925  0.9994599  0.9996257  0.99950874 0.999246   0.9990871
 0.99849725 0.9994273  0.9993368  0.99978095 0.99968576 0.99934334
 0.9988967  0.9977291  0.9981553  0.9968149  0.9828797  0.9920474
 0.9979656  0.99366295 0.932162   0.7561873 ]
[0.99873906 0.99959296 0.9982475  0.9994272  0.99864787 0.9991454
 0.99938476 0.99969804 0.9983791  0.9982988  0.99828726 0.9990926
 0.99937963 0.9985876  0.99797803 0.9997918  0.99958354 0.99845064
 0.9995377  0.99861884 0.99873656 0.99927753 0.9990829  0.99926263
 0.99875367 0.99775946 0.9992539  0.9986206  0.99899966 0.9992078
 0.99901617 0.99942315 0.99943095 0.9995567  0.99923027 0.99938107
 0.99888617 0.9995407  0.9993505  0.99949944 0.99940646 0.99909675
 0.999305   0.9988914  0.9996971  0.99950814 0.99875593 0.9994273
 0.9983247  0.9999225  0.99931145 0.99970764 0.9995536  0.9994843
 0.9992519  0.99932647 0.99846613 0.999041   0.9985216  0.99872833
 0.97661126 0.9896032  0.9972363  0.97840387 0.99992573 0.94123214
 0.55346584]
[0.99849236 0.9990409  0.9982699  0.99922836 0.9983669  0.9996413
 0.9995309  0.9995016  0.9990062  0.99962306 0.99861014 0.99895096
 0.99884987 0.99785113 0.99757427 0.99963164 0.9993943  0.9980533
 0.99890924 0.9986155  0.9993692  0.9993506  0.9988457  0.9985495
 0.99964786 0.99856704 0.9984999  0.9988707  0.9990903  0.9993043
 0.99933296 0.9993678  0.9990682  0.99954116 0.99892825 0.99967694
 0.99870574 0.9990509  0.9990688  0.99944836 0.9996637  0.9994815
 0.9993199  0.9995603  0.99958867 0.99946934 0.9992275  0.9987658
 0.9985014  0.9993461  0.99889815 0.99953616 0.99964345 0.99939907
 0.99906236 0.9982987  0.9982753  0.9083397  0.9977208  0.9191206
 0.98203063 0.993916   0.9981377  0.987145   0.92887664 0.951958
 0.769042  ]
[0.9987789  0.99940073 0.9982822  0.999577   0.9999318  0.99908733
 0.9995617  0.9995894  0.99814165 0.998097   0.9987105  0.99882466
 0.9990299  0.99860126 0.99879587 0.99887353 0.99941564 0.99841285
 0.99927956 0.9988696  0.9990386  0.9992574  0.99890757 0.9991178
 0.9996711  0.9989636  0.999619   0.99884963 0.9989241  0.9992488
 0.9990339  0.9992155  0.9992144  0.9995136  0.99898535 0.99966955
 0.99836475 0.998346   0.9994035  0.99950755 0.99895585 0.999258
 0.9989202  0.9995486  0.99970275 0.9995869  0.9984779  0.9995055
 0.9986405  0.9991341  0.99926335 0.9997439  0.9998178  0.99953735
 0.9990196  0.998094   0.9980118  0.98994607 0.97733796 0.9926934
 0.5630179  0.9727286  0.97403914 0.955038   0.9941713  0.61036056]
[0.9986241  0.9991283  0.9981325  0.99941707 0.99921525 0.99923337
 0.99951196 0.9995641  0.99826956 0.99826425 0.998287   0.99887985
 0.99937373 0.998406   0.9980185  0.99966526 0.99975723 0.9985538
 0.9994796  0.99853635 0.9979722  0.9995498  0.99788696 0.99873275
 0.99925905 0.9989666  0.99935085 0.9985569  0.9993849  0.998979
 0.9991504  0.99940205 0.9992786  0.99955314 0.9990798  0.9993735
 0.9993186  0.99911386 0.9991998  0.9993672  0.99952865 0.99944
 0.9991775  0.9995653  0.9996569  0.9993119  0.9994729  0.99943167
 0.99843305 0.9994072  0.99953187 0.99975103 0.9996049  0.99955255
 0.99927133 0.9993765  0.9991204  0.6940211  0.9992867  0.99988496
 0.97866863 0.9920353  0.9179697  0.9832063  0.99899596 0.9995859
 0.84951    0.9268646 ]
[0.99867404 0.99959487 0.9978231  0.9995685  0.9987717  0.9993993
 0.99935895 0.9996431  0.99832755 0.99819297 0.9984249  0.9988238
 0.9992368  0.99777323 0.99799985 0.9988287  0.9992988  0.99849045
 0.99901664 0.9985328  0.99930274 0.99927074 0.99877065 0.9978231
 0.9994929  0.99808085 0.99936074 0.9985454  0.9990533  0.9989525
 0.9993844  0.9991547  0.9989918  0.99928254 0.99924254 0.99942124
 0.99857724 0.99934405 0.9993462  0.9996171  0.99946076 0.9990977
 0.99884087 0.99939215 0.99960417 0.9994326  0.9990878  0.99931395
 0.99874276 0.99917644 0.9992378  0.9997004  0.99980277 0.99941194
 0.9992042  0.99819857 0.9983626  0.99799085 0.83611715 0.979146
 0.992278   0.9985513  0.9942035  0.94416165 0.8221418 ]
[0.9986167  0.9995685  0.99865365 0.99938726 0.9986498  0.9993425
 0.9994486  0.99965906 0.99915624 0.9983834  0.99908674 0.99917287
 0.9986749  0.9979373  0.9983859  0.999443   0.99957377 0.9983271
 0.99926716 0.9989297  0.9990351  0.999498   0.99868995 0.9988902
 0.99968684 0.998372   0.9994655  0.99845445 0.9990557  0.9988539
 0.9989089  0.9993705  0.9992415  0.99963796 0.99923825 0.9988525
 0.9985966  0.9995332  0.99914014 0.9994522  0.999405   0.9993505
 0.9991596  0.99962676 0.99971265 0.9993414  0.99925345 0.99958307
 0.99864787 0.9993318  0.99941194 0.99974805 0.99973685 0.99930274
 0.99922633 0.99890006 0.9990055  0.9985886  0.96840626 0.98988205
 0.9792276  0.99180263 0.99799997 0.98226696 0.9067455  0.52137685]
[0.9985092  0.99959046 0.9985342  0.9992901  0.9990068  0.9994924
 0.99942136 0.99962246 0.99883765 0.9977329  0.99859864 0.9988248
 0.9993363  0.99813616 0.99797696 0.9993063  0.9995982  0.99826413
 0.99918026 0.9987974  0.99869615 0.9995259  0.9991053  0.9997372
 0.9997557  0.9979075  0.999424   0.9986457  0.9990706  0.9985141
 0.9989814  0.9994112  0.99907243 0.9994868  0.9989812  0.99961424
 0.99844474 0.99946326 0.99937445 0.99952245 0.9993893  0.9994862
 0.9989121  0.9994941  0.9996779  0.9995765  0.99914837 0.9996253
 0.9988117  0.99901175 0.9994418  0.9997434  0.9994079  0.99936134
 0.9991949  0.99817777 0.9986779  0.9907741  0.9852468  0.9959025
 0.99641454 0.9922815  0.9754666  0.95387214 0.99075997 0.99065745]
[0.99863017 0.9995072  0.99816376 0.99908805 0.99829024 0.9993025
 0.99965715 0.99947983 0.9992761  0.99837035 0.99868625 0.9996008
 0.998697   0.9982272  0.99750215 0.99958986 0.99961877 0.99889475
 0.99942064 0.99843794 0.99940634 0.999204   0.99919814 0.99965346
 0.9989617  0.9973826  0.999635   0.9984841  0.9993093  0.9991462
 0.9991715  0.999482   0.99915206 0.99947506 0.999054   0.9992461
 0.9986634  0.9990994  0.9991823  0.99950385 0.99942917 0.9988176
 0.99910396 0.99903023 0.99946207 0.9994618  0.99940753 0.9995696
 0.99884593 0.99921274 0.9991242  0.99976534 0.99967015 0.99930084
 0.99908686 0.9981925  0.99947864 0.9930229  0.9950165  0.98480195
 0.99254864 0.9991798  0.9923753  0.8544657  0.9968952  0.9641606
 0.91174686 0.7970322 ]
[0.9987545  0.9994178  0.99838257 0.9995035  0.99948007 0.9992169
 0.9992804  0.999295   0.99935347 0.9992067  0.9991609  0.99949265
 0.99909425 0.9982199  0.9986312  0.9995023  0.9994987  0.99884856
 0.9993573  0.99865377 0.99855167 0.9994692  0.9990013  0.9998023
 0.9997396  0.9982666  0.9996105  0.9983088  0.9993642  0.9990753
 0.9992393  0.9991598  0.9990164  0.9994684  0.9993383  0.9994861
 0.9992409  0.99907887 0.9990972  0.9994962  0.99961275 0.9991271
 0.999482   0.99939954 0.99963486 0.99914634 0.99901664 0.9994623
 0.99837565 0.9995554  0.99949074 0.9998827  0.9996582  0.9995993
 0.99932253 0.999019   0.99835134 0.9558806  0.9849     0.9903984
 0.99268675 0.9983328  0.99867    0.6645344  0.94813603 0.82418
 0.99774146]
[0.9986891  0.9996437  0.99844676 0.9988213  0.9980385  0.99951553
 0.99954873 0.9996793  0.9983265  0.99835145 0.9987451  0.999201
 0.9990609  0.998125   0.99865425 0.9993247  0.99908257 0.99838877
 0.9991721  0.99867934 0.99893063 0.99952066 0.9991535  0.99885416
 0.9995515  0.99846137 0.99949944 0.99811006 0.9986601  0.99843365
 0.9989322  0.99939215 0.99920267 0.99965644 0.99889696 0.99941146
 0.99811006 0.9988164  0.99906415 0.9995222  0.9996495  0.9994166
 0.99892247 0.99917847 0.99974424 0.9995116  0.99911326 0.99928844
 0.9985936  0.9991775  0.9988945  0.99980146 0.9998092  0.9995577
 0.99920315 0.99771595 0.99876827 0.9972053  0.98068297 0.99095374
 0.998154   0.9940334  0.91045624 0.7423283 ]
[0.99875057 0.99932027 0.9981311  0.9995734  0.99894446 0.99933916
 0.99757653 0.99962497 0.9980751  0.99811435 0.9984428  0.9986065
 0.9993795  0.99838555 0.9983902  0.99981064 0.99948275 0.998678
 0.9993806  0.9989197  0.99867517 0.9995745  0.99926835 0.9971649
 0.99970776 0.9984149  0.99949837 0.99874395 0.9990344  0.9988457
 0.9989705  0.9992353  0.9996642  0.9993542  0.9988691  0.9995896
 0.99845314 0.9994715  0.99926144 0.9989485  0.99913114 0.9993262
 0.99928397 0.99933714 0.99976975 0.9993556  0.9994004  0.9992021
 0.9981419  0.999509   0.9994733  0.9997949  0.9996661  0.9995788
 0.999087   0.99913484 0.9983991  0.9988072  0.9851403  0.9807365
 0.99764866 0.9989114  0.9996625  0.959691   0.6710705  0.9991762 ]
[0.9986187  0.99945766 0.9977654  0.999382   0.9984413  0.9994917
 0.99961686 0.9994604  0.99768996 0.99824727 0.9983675  0.99915624
 0.9993399  0.9982931  0.99748045 0.9992624  0.99939585 0.99868053
 0.999303   0.9983559  0.9994313  0.9995396  0.9991536  0.9989518
 0.99975675 0.9987464  0.9995591  0.9987902  0.9993137  0.9988803
 0.99894685 0.9994566  0.9993766  0.9994443  0.99921155 0.99957854
 0.99860746 0.9991948  0.99883705 0.99956673 0.99920976 0.9994579
 0.99908185 0.9992449  0.9996779  0.99950945 0.9992312  0.9992175
 0.9981822  0.99997103 0.99954057 0.99972206 0.99961627 0.9992894
 0.9993456  0.9989974  0.9984767  0.9981527  0.9954424  0.9783076
 0.98945767 0.99709713 0.97005457 0.9482487  0.7270491 ]
[0.9986344  0.99943906 0.99830616 0.99950194 0.9987103  0.99975365
 0.99928826 0.99971086 0.99858356 0.99781966 0.99839103 0.9991099
 0.9990996  0.9982014  0.9981415  0.9997553  0.9994098  0.9987066
 0.99925107 0.9987192  0.9982504  0.9993123  0.9993011  0.999645
 0.99974114 0.9982297  0.99964416 0.9985998  0.99908626 0.9986265
 0.99898225 0.99912304 0.9990233  0.9994356  0.9988887  0.99968207
 0.9986519  0.9992963  0.99901414 0.9996182  0.9989207  0.9992918
 0.99922407 0.9994103  0.999729   0.9994561  0.9992091  0.99941576
 0.998089   0.9994325  0.9993297  0.9998436  0.99957603 0.99940324
 0.9990202  0.99894756 0.9989458  0.94907415 0.9769669  0.9918202
 0.9988703  0.8310421  0.97652936 0.9931965  0.7308783  0.9471076
 0.62511855]
[0.99844885 0.99950194 0.9985343  0.99947256 0.9985588  0.999777
 0.9995346  0.99973875 0.9991295  0.99813855 0.99833846 0.999143
 0.9988833  0.9981527  0.99852836 0.9994148  0.99932265 0.9986915
 0.9993051  0.99898416 0.9991326  0.99944276 0.9993462  0.9983726
 0.9996105  0.99806136 0.99860495 0.9981084  0.9991573  0.99917895
 0.99922884 0.9993711  0.99916756 0.9995297  0.99926883 0.999393
 0.9985342  0.99945754 0.9988939  0.9993305  0.9995547  0.9993789
 0.99907815 0.99929595 0.9996922  0.99918646 0.9992913  0.9991866
 0.9981225  0.99914896 0.99923694 0.9998097  0.99980086 0.9994006
 0.999405   0.9983316  0.9991862  0.64786774 0.9803653  0.88638717
 0.5916483  0.9982151  0.9699426  0.9936179  0.8339643  0.9194718
 0.9978649  0.51117975]
