Mprobs for dataset sim1 (10)

[0.9771573  0.9998976  0.9998822  0.99988306 0.9994487  0.99978656
 0.9139604  0.9876765  0.9998758  0.9998745  0.9995535  0.9997427
 0.9997576 ]
[0.9779407  0.99987733 0.9998481  0.9998604  0.99957126 0.999882
 0.90320075 0.9880482  0.99985754 0.9998086  0.9996371  0.9998348
 0.9998714 ]
[0.9835117  0.9998678  0.9998683  0.9998555  0.999741   0.9998442
 0.898311   0.98598135 0.99986875 0.99977714 0.99959034 0.9997844
 0.9998784 ]
[0.9807426  0.99987304 0.9998078  0.99989426 0.99958533 0.9998456
 0.85361344 0.98954505 0.99985325 0.99984694 0.999696   0.9998491
 0.9997576 ]
[0.9713694  0.9997911  0.99988925 0.9999052  0.9995864  0.99988985
 0.83542585 0.98823816 0.99988925 0.99985135 0.999724   0.9997812
 0.99978334]
[0.970385   0.9998275  0.99983644 0.99988914 0.9997466  0.9998473
 0.903893   0.9933321  0.9998784  0.9998273  0.99964535 0.9998319
 0.99977165]
[0.9652264  0.99982077 0.99985135 0.9998884  0.9996259  0.99977845
 0.89561003 0.98057795 0.9997968  0.9998524  0.9996774  0.9997185
 0.9998178 ]
[0.98211896 0.99982363 0.9999151  0.9998667  0.9996488  0.99983156
 0.9058623  0.9935095  0.9998216  0.9998677  0.99955016 0.99974734
 0.99981946]
[0.9697081  0.999871   0.999877   0.99984574 0.9996648  0.9998092
 0.8987411  0.99191743 0.999833   0.99985266 0.9995999  0.9998368
 0.99984217]
[0.9822582  0.99980587 0.99990904 0.9998721  0.9997782  0.9997912
 0.8966886  0.9863136  0.99976295 0.9998895  0.99962044 0.9997222
 0.99976414]
[0.9706259  0.9999032  0.9998441  0.9999126  0.99966955 0.99981993
 0.8902231  0.98429626 0.99982893 0.9998951  0.99949217 0.99984014
 0.9998722 ]
[0.97864026 0.9998708  0.99989605 0.99981517 0.99960154 0.9998547
 0.85124296 0.99091154 0.99983823 0.9997646  0.9996731  0.9997551
 0.99985206]
[0.9835006  0.99985635 0.9998442  0.99991035 0.99972445 0.9998735
 0.9103919  0.99353576 0.99989307 0.99980026 0.99965763 0.99981314
 0.9997873 ]
[0.9687362  0.9998683  0.9998116  0.9998084  0.99953187 0.99986756
 0.8965684  0.982498   0.99978787 0.9997801  0.9995608  0.9997471
 0.9998529 ]
[0.9818454  0.9997993  0.99982244 0.99989605 0.99952495 0.9997608
 0.9153783  0.9886381  0.99985063 0.99975616 0.99963975 0.99984944
 0.999762  ]
[0.9719854  0.99988174 0.999846   0.99987864 0.9997508  0.99980086
 0.88606036 0.9827392  0.9998311  0.99981076 0.999701   0.9997503
 0.99989414]
[0.9684871  0.9997936  0.9999083  0.9998735  0.99974805 0.9998067
 0.87771827 0.9790269  0.99988246 0.99988437 0.9997273  0.99981695
 0.9998479 ]
[0.9693896  0.99986947 0.99984276 0.9998828  0.99960726 0.9998491
 0.8871806  0.99108994 0.9998153  0.99987864 0.99952996 0.9998826
 0.9998248 ]
[0.98373264 0.999895   0.9998784  0.9999     0.9997578  0.9998578
 0.8521557  0.98787075 0.999858   0.99985063 0.99960345 0.9998412
 0.9998921 ]
[0.97362185 0.99978465 0.9998512  0.99984336 0.9996799  0.99975055
 0.8855568  0.98714185 0.9998275  0.99977    0.99975115 0.99978393
 0.9998845 ]
[0.97977954 0.99989796 0.99982953 0.99982697 0.99964905 0.99984324
 0.9081591  0.98890674 0.99982834 0.9998011  0.99974734 0.999811
 0.99984753]
[0.9752284  0.99986327 0.9999136  0.9998234  0.9997278  0.9997671
 0.9136951  0.98803675 0.99988055 0.99985635 0.9994623  0.9997845
 0.9997855 ]
[0.9820526  0.99989283 0.99982375 0.99984324 0.9997023  0.9998791
 0.90036654 0.9888497  0.9998343  0.9997929  0.9996575  0.999824
 0.99980515]
[0.97978723 0.9998198  0.99986887 0.99986565 0.9997416  0.999892
 0.8855879  0.9881847  0.9998167  0.9997602  0.9996593  0.9998481
 0.99988675]
[0.96276885 0.99988985 0.9998596  0.9998281  0.99968135 0.99978477
 0.83286583 0.9874735  0.99982375 0.9997905  0.9995863  0.99982005
 0.99978906]
[0.973492   0.9998468  0.99986136 0.999877   0.9994923  0.99984574
 0.9051076  0.9858833  0.9998565  0.9998908  0.999634   0.9997614
 0.99979   ]
[0.980552   0.9998765  0.99990046 0.9998493  0.9996947  0.99982244
 0.90328574 0.9808337  0.99980026 0.99987376 0.9994808  0.9997998
 0.9998728 ]
[0.97461957 0.9999037  0.9998888  0.9998791  0.9996519  0.9998258
 0.9182964  0.99172115 0.9998332  0.9998652  0.9996823  0.9997527
 0.9998778 ]
[0.97355723 0.9998542  0.99983597 0.99984586 0.9997764  0.9998355
 0.9101604  0.9810378  0.99977    0.9998487  0.99958295 0.99981064
 0.9998393 ]
[0.96502274 0.9998976  0.99989843 0.99982685 0.99971884 0.9998203
 0.8185794  0.98879856 0.99987686 0.99989176 0.9997174  0.9998109
 0.9998859 ]
[0.974801   0.999908   0.9999018  0.99978346 0.9995357  0.9998691
 0.9337926  0.98665816 0.9998956  0.9998919  0.99968076 0.99974424
 0.9998735 ]
[0.97296137 0.9998173  0.99988353 0.9998499  0.99978    0.9998627
 0.9101331  0.98787385 0.99982506 0.9998468  0.9995228  0.99977297
 0.9998901 ]
[0.97226804 0.9998634  0.99987876 0.99990726 0.9996124  0.9997855
 0.86894876 0.9856436  0.9999001  0.99985373 0.9997397  0.999814
 0.99982375]
[0.95677346 0.99985826 0.9999076  0.9998078  0.99968433 0.99984634
 0.8608004  0.98753476 0.99984    0.9997973  0.9997079  0.99986804
 0.9998511 ]
[0.9850213  0.9998374  0.9999136  0.9998828  0.99973255 0.99989283
 0.89753866 0.9881725  0.99985063 0.9998958  0.9995875  0.9998035
 0.99981207]
[0.97351223 0.9998834  0.99989414 0.99981445 0.9996816  0.9998628
 0.89367384 0.99197    0.99984217 0.99975485 0.9997571  0.9997429
 0.99982077]
[0.94683963 0.99987876 0.99984026 0.9999095  0.99966013 0.999884
 0.8836826  0.9861996  0.99987996 0.9998621  0.9995851  0.99983835
 0.99980134]
[0.9743276  0.9999052  0.9998739  0.99984133 0.99960095 0.9998888
 0.8644013  0.98851275 0.99985933 0.9997904  0.9997173  0.99988115
 0.99984205]
[0.9669184  0.99989796 0.999841   0.99991035 0.99967575 0.999881
 0.89570284 0.9839684  0.99979013 0.99981743 0.99967384 0.9998528
 0.99977285]
[0.9679515  0.9998511  0.99990845 0.9998801  0.9994504  0.99988544
 0.83664656 0.98683286 0.99985754 0.9998447  0.9995591  0.99981934
 0.99975806]
[0.98180133 0.999838   0.99983203 0.9999107  0.9996275  0.99984944
 0.87671095 0.9908839  0.99976176 0.9998246  0.99975175 0.9997346
 0.99986076]
[0.94614816 0.9998783  0.99991083 0.99989986 0.99976784 0.9998841
 0.8916925  0.99073267 0.9998147  0.999882   0.999718   0.9997135
 0.999835  ]
[0.96898097 0.9999027  0.999859   0.9999044  0.9995809  0.99978954
 0.91465664 0.992781   0.99987817 0.9997874  0.9996437  0.99985075
 0.99980575]
[0.96688974 0.9998005  0.99990654 0.9998435  0.99973553 0.9998505
 0.90409064 0.9833174  0.999833   0.99987805 0.99932456 0.9998017
 0.9998853 ]
[0.9778982  0.9998456  0.99987304 0.9998654  0.99975044 0.99978703
 0.88338035 0.9882302  0.9997949  0.9998803  0.9995902  0.99979144
 0.9998085 ]
[0.9840867  0.999859   0.99986875 0.9998882  0.9997912  0.9997774
 0.8792342  0.9881771  0.99976045 0.99982256 0.999759   0.999841
 0.9998919 ]
[0.9760257  0.9997918  0.9998789  0.99988794 0.9994765  0.9998747
 0.8523867  0.9878191  0.9997557  0.9998764  0.99972385 0.99982625
 0.9997733 ]
[0.9798148  0.9998042  0.9998448  0.99989474 0.999663   0.99982977
 0.8750338  0.98956805 0.9998816  0.99975234 0.9996331  0.9998323
 0.99987936]
[0.9683529  0.9998386  0.99990547 0.9998807  0.9996494  0.99987864
 0.86487305 0.9898711  0.99989223 0.9998418  0.99973136 0.9997315
 0.99979955]
[0.97051203 0.9997763  0.9998388  0.9998048  0.9995963  0.99974173
 0.8806917  0.98946625 0.99981755 0.99987185 0.99948287 0.99986124
 0.9998754 ]
[0.96834904 0.9998173  0.99984133 0.9998331  0.99976987 0.9998267
 0.91953146 0.9909128  0.99976057 0.99983096 0.99961275 0.99975795
 0.99989045]
[0.98485374 0.9998958  0.99980134 0.9997861  0.9997603  0.99985075
 0.80755574 0.99323446 0.9998338  0.999851   0.9994369  0.9998264
 0.99983954]
[0.97596383 0.999876   0.9998708  0.9998171  0.9997167  0.9998074
 0.85946774 0.982989   0.99981076 0.99984884 0.9997814  0.9997905
 0.999808  ]
[0.97460246 0.999841   0.99990606 0.99985623 0.9997745  0.99983656
 0.8454222  0.9864542  0.9998652  0.99989045 0.9996039  0.9998739
 0.999884  ]
[0.9772834  0.99989057 0.9998888  0.99989474 0.9997367  0.99977523
 0.8817133  0.98753184 0.9998286  0.999819   0.9997216  0.99976677
 0.9997657 ]
[0.9771235  0.9997967  0.9999033  0.9997857  0.99957496 0.9998179
 0.92155474 0.9916957  0.9998105  0.9998307  0.999542   0.9998222
 0.99988127]
[0.9808959  0.9998294  0.99986994 0.9998522  0.9996629  0.99988794
 0.8694977  0.9867889  0.999853   0.99983335 0.9997507  0.99973387
 0.99983275]
[0.9691009  0.99980193 0.9998084  0.99980325 0.99954885 0.999741
 0.8959778  0.9814432  0.99986756 0.99972886 0.99967754 0.9998385
 0.9998166 ]
[0.97155344 0.99988246 0.9999049  0.99984384 0.9996793  0.9998685
 0.897368   0.98703265 0.9998481  0.99977833 0.999553   0.99981564
 0.99981576]
[0.9705067  0.9998005  0.99989736 0.9998343  0.9997261  0.99987257
 0.86901224 0.98557335 0.99987304 0.99987066 0.99972695 0.9998822
 0.99988675]
[0.97716147 0.99986124 0.9998882  0.99983037 0.99946564 0.99982315
 0.90752447 0.9862649  0.9998073  0.9998659  0.99961483 0.9998264
 0.9997662 ]
[0.97445315 0.9998197  0.99988794 0.9999063  0.99976784 0.9998741
 0.8835363  0.99123996 0.9998454  0.9998374  0.9996456  0.99983084
 0.99986196]
[0.9842631  0.9998098  0.9998265  0.9998729  0.9995301  0.9998628
 0.9065381  0.9909957  0.99987483 0.999826   0.9996327  0.9998331
 0.99982905]
[0.9768173  0.999808   0.99988616 0.9998041  0.99964774 0.9998099
 0.8717637  0.9892776  0.9998629  0.99976844 0.99947053 0.9997911
 0.9997656 ]
[0.9779433  0.99988055 0.9999033  0.99979514 0.9997037  0.9998436
 0.91083074 0.9877493  0.99978334 0.99985313 0.9995772  0.99984646
 0.9998752 ]
[0.9785413  0.99988663 0.9998516  0.99984443 0.9996184  0.99982065
 0.8827139  0.9840994  0.9997811  0.9998374  0.99978906 0.999724
 0.9998895 ]
[0.98317164 0.9998474  0.999871   0.9998925  0.9997595  0.999765
 0.8739691  0.98740447 0.999777   0.9998579  0.9995141  0.9998147
 0.99987566]
[0.9768936  0.99978894 0.9998605  0.99987245 0.99970526 0.99987066
 0.9004403  0.9892567  0.99982446 0.99985325 0.9995554  0.9997851
 0.99975747]
[0.9698037  0.9997949  0.9998747  0.99980885 0.99970156 0.9998578
 0.8987156  0.9910643  0.9997528  0.99985695 0.9997378  0.99974114
 0.99985147]
[0.97551244 0.9998715  0.9998859  0.9998871  0.9995018  0.99989057
 0.9048686  0.9860693  0.99988925 0.9998217  0.9995548  0.9997923
 0.99978   ]
[0.98093534 0.9998386  0.9998671  0.999871   0.9997174  0.99979204
 0.863839   0.9864867  0.99985635 0.99985623 0.9995585  0.9997899
 0.99983335]
[0.97000813 0.9998592  0.9998454  0.99980897 0.99960345 0.99981636
 0.905628   0.9899159  0.99977106 0.99988306 0.99951077 0.99980944
 0.999902  ]
[0.98384315 0.9998467  0.9998889  0.99987555 0.99968266 0.9998597
 0.8765249  0.9824599  0.999816   0.99980277 0.9996246  0.9998721
 0.9998266 ]
[0.9660188  0.9998116  0.9998454  0.99985933 0.99953604 0.99981695
 0.90387005 0.99068516 0.9998847  0.99984777 0.99939656 0.9997297
 0.9998592 ]
[0.97816896 0.99986124 0.9998852  0.9998381  0.9997824  0.9998196
 0.8869937  0.98940724 0.99986875 0.9998673  0.9996468  0.9998266
 0.9998704 ]
[0.9790992  0.99979955 0.9998591  0.9998642  0.99956936 0.99982685
 0.8939571  0.9897653  0.99988425 0.9998373  0.9996693  0.9997818
 0.99975544]
[0.9673894  0.99988747 0.9999008  0.9999074  0.99977773 0.99984217
 0.86513484 0.98801804 0.99981135 0.99987435 0.9995065  0.9998099
 0.99986243]
[0.98567307 0.99989486 0.99983513 0.9998192  0.9996978  0.9997906
 0.91755307 0.989249   0.9998549  0.99981004 0.9995548  0.9998357
 0.99978954]
[0.9744116  0.9998067  0.9998796  0.99990237 0.9997638  0.9998184
 0.9132068  0.98771906 0.9998331  0.9998031  0.9996872  0.99984455
 0.9998061 ]
[0.9836134  0.9998934  0.99987733 0.9998271  0.9995946  0.99988556
 0.90166557 0.9853876  0.99975663 0.9998116  0.9996511  0.9997631
 0.99987674]
[0.9785242  0.99984014 0.99989307 0.9998659  0.99954396 0.9999021
 0.9250077  0.9847156  0.9998814  0.9997706  0.9997392  0.9996971
 0.9998574 ]
[0.9613232  0.999821   0.99985635 0.99990475 0.9995441  0.9997874
 0.87819874 0.9783499  0.9997497  0.9997985  0.9996088  0.9997234
 0.9998443 ]
[0.9718208  0.99987686 0.99990475 0.99989474 0.99953604 0.9998702
 0.89507127 0.98478484 0.9997701  0.9998486  0.99963033 0.9998374
 0.9998895 ]
[0.9805822  0.99987614 0.99982697 0.99989223 0.9996234  0.99986875
 0.89757764 0.9904919  0.9997707  0.9998455  0.99950933 0.99980384
 0.99981755]
[0.97698885 0.9998344  0.9997993  0.9997869  0.99963987 0.99985135
 0.8534797  0.98545676 0.9997501  0.99988186 0.9996376  0.99982566
 0.9998087 ]
[0.97706807 0.9997869  0.99988437 0.9998154  0.9996985  0.99985504
 0.89634925 0.98880357 0.9998048  0.9998499  0.999587   0.99985695
 0.9998479 ]
[0.9747454  0.99986935 0.99981254 0.9998411  0.9995846  0.99977905
 0.9099052  0.987854   0.99980253 0.99989223 0.9995813  0.9998722
 0.99979824]
[0.98599875 0.9998623  0.99985933 0.9998944  0.99966586 0.9998159
 0.91353893 0.9851128  0.99987507 0.9998241  0.9995466  0.9998512
 0.9998246 ]
[0.96919715 0.99990606 0.99989367 0.99983704 0.99951696 0.99985325
 0.9015026  0.98671365 0.9998671  0.99977094 0.9995864  0.9997366
 0.99984217]
[0.9798394  0.99988747 0.9998275  0.9998061  0.99951446 0.99989104
 0.8993676  0.9899393  0.9997545  0.9997706  0.9995764  0.9998272
 0.9997465 ]
[0.9791255  0.9998367  0.99988854 0.99988484 0.99959356 0.9998394
 0.8991521  0.9882958  0.99987113 0.9997898  0.999744   0.99986815
 0.99987304]
[0.96520543 0.9997805  0.9998611  0.9998975  0.9996406  0.9998683
 0.90012    0.98871696 0.9998863  0.9997842  0.9996295  0.9998553
 0.999889  ]
[0.9805315  0.99990535 0.9998622  0.9998017  0.9997013  0.9997737
 0.8891659  0.9914419  0.9998357  0.99984634 0.99958616 0.99985254
 0.9998429 ]
[0.96514267 0.99989426 0.9998739  0.9997993  0.99968815 0.999882
 0.87984854 0.99052095 0.99978596 0.9997732  0.99958795 0.9997421
 0.9998319 ]
[0.9742045  0.99979466 0.99984944 0.9998272  0.99959403 0.999851
 0.9192133  0.9873871  0.9997583  0.99975806 0.9996952  0.9998362
 0.99979347]
[0.970729   0.99979645 0.99981874 0.9998512  0.9996568  0.99977714
 0.8754374  0.9851327  0.9997873  0.9998233  0.99955827 0.9998559
 0.9999019 ]
[0.9810985  0.999871   0.9998485  0.9998872  0.99961215 0.9998165
 0.9094531  0.99009705 0.9998252  0.9997423  0.9994573  0.99986887
 0.99987555]
[0.9737898  0.9998554  0.9999007  0.9998355  0.99966156 0.9998085
 0.8979899  0.98177105 0.999838   0.999876   0.999716   0.9997727
 0.9998406 ]
[0.9787927  0.9998172  0.9998683  0.99987185 0.9995135  0.9997656
 0.9160748  0.98491466 0.99981993 0.9997392  0.9995571  0.99986506
 0.9997609 ]
[0.96697414 0.9998267  0.99987507 0.9997875  0.99951494 0.99975103
 0.8556917  0.98383766 0.9997799  0.9997875  0.9995078  0.99983776
 0.9997942 ]
