Mprobs for dataset sim1 (50)

[0.4986232  0.9918109  0.49921066 0.95775485 0.9998759  0.9998963
 0.9998946  0.9995735  0.99984896 0.9948998  0.996995   0.6479287
 0.99979883 0.99980634 0.9993149  0.9997968  0.9998055 ]
[0.71369416 0.996552   0.5719794  0.9435303  0.9998802  0.9998672
 0.9998634  0.9994931  0.9997135  0.99219453 0.9966574  0.72801626
 0.999859   0.9997708  0.9991935  0.99984837 0.99986684]
[0.77354455 0.9952043  0.688564   0.9527295  0.99984217 0.9998716
 0.9998921  0.99945015 0.9998716  0.9909546  0.99738365 0.36658645
 0.9998801  0.9998543  0.99947566 0.9998023  0.99978095]
[0.73723537 0.99126726 0.54508877 0.96852016 0.9998461  0.99984586
 0.9998994  0.999572   0.99980396 0.99509466 0.9974679  0.767848
 0.9997999  0.9997981  0.9987974  0.99977154 0.9998814 ]
[0.43849292 0.99279755 0.38470605 0.95267284 0.99988544 0.99987423
 0.999851   0.9993734  0.9997496  0.99400926 0.9981207  0.692353
 0.9997838  0.9998429  0.99878424 0.9997656  0.9998872 ]
[0.6676012  0.99316686 0.47057545 0.9610941  0.99980026 0.9998597
 0.9998543  0.99921536 0.99986887 0.9932033  0.99512935 0.6498863
 0.99973696 0.99983275 0.9988238  0.99975866 0.99986947]
[0.54532194 0.9913839  0.47393176 0.90679497 0.9997925  0.99984264
 0.9998393  0.9994272  0.99972373 0.9912246  0.99712425 0.65791076
 0.99972147 0.9996989  0.99919325 0.99978226 0.9998778 ]
[0.38731432 0.9921033  0.5587031  0.96852297 0.9997942  0.9998442
 0.99990463 0.9992335  0.9997321  0.99037474 0.9968329  0.6726386
 0.9998342  0.9997271  0.99859434 0.99973315 0.9997397 ]
[0.75808865 0.99598676 0.42341694 0.9246453  0.9998186  0.999851
 0.99987805 0.9994054  0.99973625 0.9944581  0.9977818  0.7872684
 0.99977547 0.9997873  0.9991634  0.99981743 0.99978644]
[0.49195927 0.9946636  0.5303829  0.93426526 0.9998398  0.9998965
 0.9998394  0.99947053 0.9997137  0.9940799  0.9975567  0.6943933
 0.9998617  0.99980134 0.99901235 0.9998299  0.9997968 ]
[0.5643696  0.9909565  0.5783009  0.953287   0.99970764 0.9998853
 0.9998944  0.9992648  0.9996613  0.99285126 0.99661875 0.40809482
 0.99986756 0.99975544 0.99919575 0.99971706 0.99986005]
[0.47587615 0.99167085 0.43679366 0.96205324 0.9998598  0.9998822
 0.9998196  0.9994789  0.9997365  0.9951545  0.99682534 0.66023415
 0.9998043  0.99976534 0.99932873 0.99973327 0.9998615 ]
[0.77474934 0.9956388  0.52560544 0.96672773 0.9998673  0.9998976
 0.9998665  0.9991799  0.99984086 0.9917864  0.9973916  0.55657595
 0.9998555  0.999762   0.9994116  0.99980193 0.99988234]
[0.70966816 0.9925499  0.93509215 0.9998609  0.99981755 0.9998653
 0.9995567  0.9998149  0.99087065 0.9977597  0.7292916  0.99978215
 0.9997665  0.999382   0.9995815  0.9997751 ]
[0.36308146 0.9940574  0.5461217  0.95907664 0.99988294 0.9997929
 0.9998585  0.99934953 0.9996952  0.9940864  0.997498   0.6556505
 0.9997553  0.99983    0.99873644 0.9996551  0.9998839 ]
[0.63536566 0.99352646 0.4676235  0.95200723 0.9997954  0.99982244
 0.9998118  0.9992017  0.9998517  0.99448663 0.9964169  0.5892285
 0.9998141  0.9997148  0.9994148  0.9996606  0.9998203 ]
[0.7742426  0.9910053  0.57920647 0.9147878  0.9998493  0.9997987
 0.99982613 0.9995264  0.99983335 0.99550134 0.99571437 0.6549071
 0.9997532  0.9997925  0.99882597 0.99976426 0.9998958 ]
[0.40203932 0.9925533  0.5519549  0.9578731  0.9997857  0.9998493
 0.9998623  0.99944943 0.9998042  0.99489284 0.9961266  0.65473986
 0.999762   0.99982196 0.9993506  0.9996761  0.9997991 ]
[0.7820579  0.99544454 0.6203843  0.9182472  0.9998529  0.99981004
 0.9998723  0.99958783 0.999742   0.9942743  0.9964294  0.63994235
 0.99974805 0.99986017 0.9993987  0.999803   0.9998971 ]
[0.6710443  0.9877765  0.36485794 0.94503236 0.99975723 0.99985707
 0.9998481  0.99930143 0.99981385 0.9898892  0.99757713 0.70955
 0.9998324  0.9997532  0.9992105  0.9997155  0.9998485 ]
[0.584969   0.9912452  0.61259234 0.9679203  0.9998318  0.99985576
 0.99990296 0.999403   0.9997029  0.9948154  0.9981869  0.47712496
 0.9998259  0.9998122  0.99911076 0.9996375  0.9998248 ]
[0.5221041  0.99146044 0.44613403 0.90759045 0.99985766 0.9998622
 0.99987674 0.9993698  0.99969983 0.9896309  0.99626464 0.6723001
 0.9997259  0.9997551  0.99923706 0.9996797  0.999814  ]
[0.47750038 0.9931156  0.49738166 0.9256297  0.9997607  0.9998727
 0.99989676 0.99927765 0.99965286 0.9959552  0.9976926  0.7461847
 0.99978894 0.99975675 0.9989466  0.9996885  0.9998828 ]
[0.99438345 0.48573732 0.9404333  0.99984205 0.9998555  0.99987245
 0.9991184  0.9997274  0.99032366 0.9967354  0.47144523 0.99972814
 0.9997987  0.99896705 0.99977726 0.99987817]
[0.58371    0.9926305  0.41215262 0.940587   0.9998877  0.9998779
 0.9998684  0.9994005  0.99981457 0.9907878  0.99797446 0.6901363
 0.9998511  0.9997521  0.99913627 0.9997764  0.99988246]
[0.8215831  0.9953041  0.9414475  0.999798   0.99988425 0.99991107
 0.99904376 0.9998647  0.9938539  0.9983171  0.7687974  0.9998746
 0.9998864  0.99937004 0.9998313  0.9997875 ]
[0.9900913  0.35676426 0.9654147  0.99988174 0.9998455  0.99985695
 0.9993481  0.9997038  0.9948507  0.9970042  0.46677357 0.99976104
 0.999833   0.9990319  0.9998035  0.9997638 ]
[0.40769506 0.99211615 0.5093626  0.94032454 0.9998665  0.9998826
 0.9998374  0.9996265  0.9998578  0.99321705 0.99658006 0.40824425
 0.9998373  0.9998073  0.9989793  0.9998419  0.9998857 ]
[0.70474267 0.99282324 0.52414775 0.92455465 0.9998592  0.9999112
 0.9999027  0.9994941  0.9996958  0.99331254 0.9976803  0.50907195
 0.9997595  0.99987173 0.9994312  0.9996301  0.9998759 ]
[0.55166894 0.99208176 0.6202517  0.9298239  0.99985194 0.99985194
 0.9998847  0.99954945 0.99984145 0.99387604 0.99826187 0.70638144
 0.99978036 0.99981767 0.9987198  0.9996861  0.9998467 ]
[0.69073784 0.989646   0.70749116 0.96788096 0.99986255 0.9998933
 0.99977475 0.9994068  0.9998305  0.9934761  0.9976659  0.6412709
 0.99979264 0.99983776 0.99916804 0.9997309  0.99985206]
[0.3087505  0.9943137  0.57567847 0.9648063  0.9997948  0.99981934
 0.99978894 0.9995511  0.9998505  0.9914737  0.99642676 0.4501293
 0.99986553 0.9998714  0.9992841  0.9997516  0.99981886]
[0.485962   0.99528223 0.5859908  0.9346099  0.99985695 0.99982446
 0.9998708  0.9994018  0.9998535  0.9939067  0.9975587  0.6014251
 0.99985063 0.9998235  0.9989661  0.9997589  0.999884  ]
[0.9927226  0.44337422 0.9490725  0.999887   0.9998229  0.9998659
 0.99960846 0.99976164 0.9923034  0.9956802  0.7115035  0.999814
 0.99976295 0.9992705  0.99973863 0.9998872 ]
[0.66236824 0.9936888  0.5338416  0.9523039  0.99985266 0.99987435
 0.9998869  0.9993931  0.99979085 0.9917299  0.99574333 0.99980956
 0.9998516  0.9991598  0.99980134 0.99986076]
[0.7905908  0.9949108  0.5910926  0.88870186 0.99982005 0.99980885
 0.9997892  0.99943024 0.99967825 0.99027425 0.99777967 0.5979235
 0.9998115  0.9998392  0.99937755 0.99977785 0.99985206]
[0.7779011  0.99480504 0.65666777 0.9585594  0.99984896 0.99991465
 0.99980325 0.99906236 0.99984694 0.9861594  0.99613523 0.6456913
 0.9997447  0.99987304 0.9993105  0.99976534 0.9997625 ]
[0.6774876  0.992235   0.32124746 0.94366765 0.99987316 0.9998294
 0.9998779  0.9993049  0.9997298  0.99026406 0.99716055 0.6654772
 0.9998386  0.99982494 0.9990042  0.9998116  0.9997968 ]
[0.63142407 0.9937733  0.7098878  0.9485501  0.99981993 0.99987054
 0.99988115 0.99939215 0.9998078  0.991037   0.9955285  0.510902
 0.9998474  0.9998123  0.9987136  0.9996512  0.99983454]
[0.71744835 0.99172944 0.623574   0.91995984 0.99975187 0.99979156
 0.9998529  0.9993344  0.9996822  0.99003756 0.9978942  0.9998134
 0.9998293  0.99939823 0.99964726 0.99983776]
[0.64575803 0.9960573  0.59302324 0.9375457  0.9998246  0.99989307
 0.99987745 0.99916077 0.9997856  0.9922374  0.9984256  0.43307638
 0.99981993 0.9997358  0.99924767 0.9998282  0.99980575]
[0.55711406 0.99375945 0.43511608 0.9588099  0.99983704 0.99989295
 0.99982077 0.99884415 0.9996799  0.98569274 0.9967505  0.73718405
 0.99975353 0.99979824 0.99907136 0.999775   0.9998661 ]
[0.7967659  0.9916128  0.9593867  0.99982375 0.9998242  0.9998098
 0.99902594 0.99976987 0.9939837  0.9959468  0.6036016  0.9997874
 0.9997949  0.99919707 0.9997968  0.99982905]
[0.58100194 0.9869611  0.5705887  0.9339869  0.99987733 0.99979573
 0.99982905 0.9992865  0.9998117  0.99380845 0.99776065 0.581555
 0.9998785  0.999851   0.99894387 0.9997899  0.9998617 ]
[0.63137686 0.9924529  0.9669867  0.99987864 0.99989915 0.99981505
 0.9994271  0.9998202  0.9891027  0.99782217 0.6734455  0.99982196
 0.9998361  0.99880195 0.99979633 0.99985707]
[0.7728576  0.9917169  0.596639   0.95137477 0.9998727  0.99987173
 0.9998462  0.99903226 0.99971455 0.9910319  0.9965252  0.5528476
 0.9998288  0.9997733  0.99917054 0.99975556 0.99982244]
[0.75855255 0.9936511  0.46818095 0.9508069  0.9998404  0.99988973
 0.99988866 0.9995728  0.9998462  0.992971   0.99814355 0.4572405
 0.99985886 0.99973017 0.9987758  0.9997358  0.99987674]
[0.7287697  0.986381   0.94851243 0.9998099  0.9998254  0.9998118
 0.99908113 0.99978274 0.9913401  0.9971796  0.7069148  0.9997851
 0.99974626 0.9989442  0.9997458  0.99983966]
[0.35636723 0.9910124  0.46608672 0.95629966 0.999767   0.9998795
 0.99987054 0.99921393 0.9998166  0.99507564 0.99541384 0.49189326
 0.99976915 0.99972945 0.99917525 0.9997856  0.9998754 ]
[0.99069464 0.68867564 0.9212878  0.9997712  0.99987936 0.9998876
 0.9992494  0.99973243 0.99439114 0.9977654  0.5275871  0.9998423
 0.9998087  0.9986877  0.99967325 0.9997329 ]
[0.674648   0.99101526 0.9554519  0.9998863  0.9999002  0.9998858
 0.99934834 0.99969053 0.9911479  0.99671054 0.67697513 0.99987555
 0.99979836 0.99867356 0.9997665  0.99984527]
[0.64309835 0.99568427 0.43640554 0.96042955 0.99986994 0.9998598
 0.9998122  0.99904126 0.99986744 0.9944252  0.99789304 0.33412847
 0.9998074  0.9997526  0.9992557  0.9998367  0.9998512 ]
[0.68926835 0.99197525 0.5188159  0.96119595 0.9998727  0.99981076
 0.9998259  0.9991185  0.9997949  0.9917133  0.99592364 0.7595922
 0.99985456 0.9997596  0.998968   0.99969816 0.99984276]
[0.38080445 0.993287   0.6045735  0.9294243  0.99986005 0.9998704
 0.9998043  0.9991246  0.99971086 0.99128187 0.99702793 0.5192217
 0.9997929  0.99982303 0.9989532  0.9996264  0.99976474]
[0.6302936  0.9917114  0.310361   0.9237079  0.99987984 0.9999125
 0.9998785  0.9992781  0.9998307  0.9924453  0.99817157 0.5312097
 0.9997745  0.99980694 0.99934655 0.999729   0.9998821 ]
[0.741847   0.99617875 0.55739504 0.96020675 0.9998479  0.99987674
 0.9998442  0.9993381  0.9997727  0.9931079  0.99821836 0.70867485
 0.99984574 0.9998159  0.9994062  0.9997938  0.9998516 ]
[0.7434799  0.99232846 0.475001   0.95704186 0.99989295 0.9998995
 0.9998103  0.9994229  0.9998136  0.9926065  0.9945695  0.73247206
 0.9997522  0.99982977 0.9989631  0.99977034 0.9997516 ]
[0.47524324 0.9914033  0.5855379  0.9719568  0.99977785 0.99983037
 0.9999064  0.99947625 0.9998357  0.99238926 0.99837315 0.6341239
 0.9997415  0.99980015 0.9993318  0.99982196 0.9998043 ]
[0.66148335 0.9908861  0.5422227  0.9542889  0.99985087 0.99979836
 0.99983275 0.99926716 0.99968386 0.99301624 0.9972579  0.67136884
 0.9998611  0.99974614 0.99854255 0.99975795 0.99973255]
[0.6413274  0.99369097 0.58622617 0.9370226  0.9998012  0.9999167
 0.9998586  0.99941254 0.9997795  0.99218905 0.99740857 0.6675534
 0.9998462  0.9998198  0.9992446  0.9998141  0.999811  ]
[0.68430287 0.99396884 0.94207406 0.9997788  0.9998628  0.99987316
 0.9992828  0.9997675  0.99212235 0.9974874  0.61045754 0.99984217
 0.9997228  0.99862146 0.9997539  0.9998087 ]
[0.5184775  0.9954348  0.60429776 0.93653136 0.9999062  0.99981576
 0.9999074  0.99918896 0.9997547  0.9950176  0.9959972  0.53286886
 0.99978346 0.9997372  0.99863344 0.99982625 0.9997689 ]
[0.48684713 0.9952343  0.9070797  0.9997807  0.9998254  0.9998865
 0.9992969  0.9997904  0.9954788  0.9978333  0.561894   0.999859
 0.9998511  0.99903226 0.9997584  0.9998759 ]
[0.62656987 0.9948726  0.36566392 0.89509994 0.99979204 0.99986005
 0.99980956 0.99924976 0.99984443 0.9935136  0.9960609  0.62168676
 0.9998234  0.9997452  0.99918455 0.9997758  0.99974936]
[0.7320761  0.9943018  0.610625   0.9403642  0.9998398  0.99989176
 0.9998313  0.99948597 0.9997174  0.99009365 0.9955716  0.64277023
 0.9998338  0.9997646  0.9986772  0.99981815 0.99980694]
[0.3258983  0.99500436 0.5679196  0.96665365 0.99979526 0.9998559
 0.9997842  0.99925727 0.9998153  0.99151224 0.99797994 0.5895808
 0.9997954  0.99977154 0.99946994 0.9997229  0.999846  ]
[0.6265892  0.9937177  0.56328607 0.9693363  0.99982315 0.9998834
 0.9998325  0.9988845  0.999757   0.9906668  0.9974565  0.44194055
 0.9997485  0.9997522  0.9993691  0.99981445 0.9998666 ]
[0.59740263 0.9946466  0.4492425  0.9040412  0.9998894  0.9998987
 0.9998431  0.99889046 0.9998355  0.99525404 0.9978702  0.55278575
 0.99978787 0.99971503 0.99918395 0.99977773 0.99982977]
[0.5781557  0.99646014 0.4317455  0.8256717  0.99985445 0.99982697
 0.999879   0.9991823  0.9997211  0.9932005  0.9972819  0.3722701
 0.9998654  0.99984586 0.999199   0.999785   0.99986684]
[0.7831706  0.9912827  0.6046914  0.9355284  0.99977964 0.9998652
 0.99977523 0.9994265  0.9996886  0.995806   0.9965258  0.5313915
 0.99981457 0.99972445 0.9993187  0.99975365 0.999816  ]
[0.6733152  0.9948323  0.56229615 0.91780347 0.9998047  0.9998097
 0.999856   0.99896324 0.9997774  0.9948014  0.99769324 0.9997681
 0.9998735  0.9993728  0.9997055  0.9998621 ]
[0.41527537 0.99288905 0.36658335 0.94982207 0.99985576 0.9998317
 0.9998747  0.99949884 0.99975306 0.9933268  0.996514   0.70760447
 0.99978644 0.99975747 0.9991579  0.99978536 0.9998646 ]
[0.7456294  0.9942557  0.9518683  0.99984765 0.9998909  0.9997938
 0.9993199  0.9997515  0.9930387  0.99630654 0.6961251  0.99978703
 0.99975246 0.9988588  0.9998165  0.9997824 ]
[0.4837521  0.994068   0.48518327 0.9563754  0.9998135  0.9998585
 0.999874   0.999321   0.9998648  0.99275005 0.9980248  0.9998547
 0.9997813  0.99921465 0.99976474 0.9997695 ]
[0.5105763  0.9958236  0.3810344  0.96768516 0.99988484 0.9998332
 0.9999076  0.99904686 0.9997669  0.9922127  0.99685836 0.6758529
 0.9997962  0.9997571  0.9988412  0.999683   0.99988306]
[0.6632004  0.98986304 0.9339974  0.99977773 0.99987936 0.9998996
 0.99929416 0.9996917  0.993298   0.99566346 0.3159495  0.999752
 0.99977654 0.99910706 0.99974364 0.9998555 ]
[0.5390037  0.99019647 0.57005984 0.9419912  0.99987245 0.9999089
 0.9997769  0.9992823  0.9998087  0.99148107 0.99684924 0.7863988
 0.9998235  0.99970204 0.9988992  0.9996424  0.99986935]
[0.36486152 0.99495345 0.61403936 0.9584332  0.9998093  0.99985087
 0.99981195 0.9994808  0.99978894 0.99373287 0.99784255 0.58845884
 0.99980503 0.99976736 0.9990363  0.9997744  0.9998311 ]
[0.70721346 0.9909088  0.5633601  0.9645358  0.9998115  0.9998921
 0.9998543  0.99954957 0.9997292  0.991002   0.9975032  0.5484379
 0.9998361  0.9997249  0.9992551  0.99973434 0.9998523 ]
[0.7074998  0.99103737 0.47345054 0.92824763 0.99977785 0.999899
 0.9998553  0.99933916 0.9996699  0.99472225 0.9975079  0.58930683
 0.99979275 0.9997179  0.9989642  0.9998307  0.9998203 ]
[0.6187432  0.9919824  0.38579956 0.9662163  0.99988663 0.9998666
 0.9998292  0.99909043 0.9998648  0.9934366  0.997592   0.9997532
 0.99987257 0.9991697  0.9998115  0.99985266]
[0.7176433  0.9956092  0.9590137  0.9998627  0.9999064  0.99979633
 0.99919957 0.99982136 0.9893973  0.99745864 0.41933334 0.99983287
 0.99980336 0.998944   0.9997435  0.99987125]
[0.5250163  0.9926934  0.9675111  0.9999001  0.99981135 0.99987257
 0.9991792  0.9998412  0.9947672  0.99732107 0.5962421  0.9998078
 0.99987006 0.9995443  0.99982554 0.99975735]
[0.718233   0.9927401  0.58347946 0.9430691  0.99980503 0.9998692
 0.9997999  0.9992613  0.99982846 0.98527086 0.99625707 0.7060262
 0.9998305  0.99971086 0.99872476 0.99973315 0.99984396]
[0.61487854 0.9866658  0.75733596 0.96198386 0.9998547  0.9997863
 0.9997726  0.9991999  0.9998381  0.9945279  0.995983   0.81247187
 0.9998745  0.9997198  0.9993581  0.99960035 0.99986076]
[0.5909514  0.99211687 0.52306545 0.9463014  0.99981636 0.9998405
 0.99984324 0.999445   0.999798   0.9895936  0.9974946  0.53575045
 0.9998264  0.9997311  0.99922764 0.9997286  0.99981993]
[0.57312536 0.9898039  0.42204633 0.95592445 0.9998487  0.9999156
 0.9999168  0.9993405  0.9998635  0.9959847  0.9982147  0.74986213
 0.9998197  0.9998779  0.99940085 0.9997855  0.99989355]
[0.79487586 0.9957581  0.5579372  0.9290924  0.9998264  0.99984026
 0.99980706 0.99948645 0.99977773 0.9902644  0.9981797  0.7166329
 0.9998641  0.9998253  0.9985979  0.99968135 0.9998791 ]
[0.6687811  0.9951047  0.8882365  0.99976236 0.9998698  0.99981433
 0.9993338  0.99977607 0.99330854 0.9978556  0.324139   0.99974114
 0.99981767 0.9991548  0.99977547 0.9998543 ]
[0.45421883 0.99550396 0.3793383  0.955848   0.9998166  0.9998091
 0.99979454 0.99940646 0.9998186  0.99259055 0.9973017  0.60928816
 0.999869   0.9998068  0.998665   0.9998035  0.99979717]
[0.47191182 0.994187   0.5127472  0.95647913 0.9997763  0.99988484
 0.9998982  0.9990305  0.99979895 0.9955662  0.99797136 0.6839783
 0.9998658  0.9998047  0.99909246 0.9996886  0.9998878 ]
[0.33954188 0.99386865 0.31540835 0.93870723 0.99979407 0.99991083
 0.99981636 0.99949527 0.9998202  0.9944042  0.9959468  0.5680749
 0.9997644  0.999863   0.9988024  0.99960846 0.9998192 ]
[0.5004927  0.99407923 0.59527516 0.9650201  0.99976784 0.9998988
 0.99979323 0.99950635 0.9996784  0.99255824 0.99604285 0.6340874
 0.99988294 0.99977165 0.9993861  0.9998318  0.99985313]
[0.44215912 0.9889509  0.97146666 0.99977404 0.9999019  0.99986184
 0.9990627  0.99982625 0.9949319  0.9967295  0.57492864 0.99975604
 0.99985826 0.9990765  0.9996668  0.9998573 ]
[0.6900658  0.9927167  0.6056044  0.9288249  0.99981374 0.999895
 0.9998566  0.9996171  0.9997558  0.9944377  0.9973658  0.5316867
 0.9997702  0.99976367 0.99878424 0.999772   0.9998927 ]
[0.4663931  0.9943821  0.59636384 0.9666558  0.99978215 0.9998653
 0.9998598  0.99903    0.9998227  0.9931531  0.99670815 0.7279517
 0.99978286 0.9998579  0.99907255 0.99971706 0.999731  ]
[0.4082064  0.99465925 0.37872753 0.95735055 0.99988496 0.9998404
 0.9997954  0.99947613 0.99976414 0.9942299  0.9956449  0.6911787
 0.9997403  0.99977714 0.99890685 0.99965274 0.999801  ]
[0.59706664 0.9917563  0.5849882  0.9462821  0.99984276 0.99984384
 0.99983287 0.9991074  0.9997161  0.9906341  0.9962837  0.49053904
 0.99981946 0.9998412  0.9987411  0.99977463 0.9997731 ]
[0.6454985  0.9937219  0.9338242  0.9997745  0.9999021  0.999892
 0.9992797  0.99978536 0.9830971  0.99578506 0.31803894 0.9998658
 0.9998671  0.9991553  0.99963474 0.9998485 ]
[0.69068545 0.9923665  0.61534965 0.957843   0.99979883 0.9998853
 0.9997948  0.9990972  0.99982965 0.99270964 0.99610776 0.34868246
 0.999866   0.9997893  0.99949515 0.99965715 0.9997242 ]
