Mprobs for dataset sim1 (2)

[0.9998254  0.9998758  0.999887   0.9996338  0.9998442  0.999895
 0.9998361  0.99971193 0.99983823 0.99984515]
[0.9999082  0.999856   0.99990773 0.99973327 0.99982953 0.99987066
 0.99987924 0.9997403  0.999859   0.99987423]
[0.9998616  0.9998301  0.999811   0.99981016 0.9998852  0.9998398
 0.99987054 0.9996265  0.9998652  0.99981123]
[0.9998772  0.9998816  0.9999081  0.99966764 0.9998903  0.9997787
 0.9997918  0.99953115 0.9998041  0.99985826]
[0.9998795  0.9998417  0.99988914 0.99970657 0.99982446 0.9997904
 0.9998473  0.99968946 0.99980515 0.9997856 ]
[0.999907   0.9999145  0.9999049  0.99976534 0.9998857  0.9998573
 0.999884   0.99968064 0.99974877 0.9997819 ]
[0.99989235 0.9999155  0.9998834  0.9997365  0.9998641  0.999798
 0.99989605 0.9998191  0.9997482  0.9998141 ]
[0.99983084 0.9999069  0.9998622  0.99979204 0.99981743 0.99982506
 0.9998048  0.99983144 0.99974996 0.9998616 ]
[0.99984896 0.9998449  0.99991095 0.9996401  0.9998611  0.99989724
 0.9998927  0.9997247  0.99987984 0.9998173 ]
[0.99991    0.9998616  0.9998487  0.9996153  0.99985385 0.9998258
 0.9998172  0.9995333  0.9998179  0.9998559 ]
[0.99989974 0.9998227  0.9998615  0.9996593  0.9997905  0.99979216
 0.9998536  0.99982363 0.99976355 0.99984276]
[0.9998385  0.9998648  0.9999012  0.99962044 0.99983644 0.9997601
 0.99987876 0.99965394 0.9997665  0.99988556]
[0.9998368  0.99991345 0.9998758  0.9997311  0.99988914 0.9998306
 0.99976116 0.9997359  0.9998597  0.9998703 ]
[0.9998869  0.9998945  0.9998559  0.9997156  0.99987066 0.99979657
 0.9998276  0.99971527 0.99972516 0.99987614]
[0.9998617  0.99985397 0.9998215  0.99972004 0.999856   0.9998592
 0.9998765  0.99965847 0.99983454 0.99983394]
[0.99983346 0.99985385 0.99982566 0.9997657  0.9998554  0.99977785
 0.99981624 0.9997652  0.9998598  0.9998343 ]
[0.9998981  0.9998548  0.9998932  0.999689   0.99985445 0.99979705
 0.99986506 0.9997713  0.99983025 0.99981314]
[0.99983287 0.9998758  0.99982446 0.9996965  0.99981624 0.9998053
 0.999856   0.9997669  0.9997731  0.9997993 ]
[0.9998332  0.9999039  0.9998418  0.9996995  0.99977857 0.9998969
 0.9997924  0.99970156 0.9997751  0.99980444]
[0.99982125 0.99988663 0.99983287 0.99981636 0.9998437  0.99989986
 0.9997831  0.99957246 0.9997435  0.99983954]
[0.9998735  0.9998611  0.9998209  0.9996213  0.99981016 0.9997733
 0.9998542  0.99964213 0.9997639  0.9998223 ]
[0.99985707 0.99981374 0.999897   0.999747   0.9998055  0.99981564
 0.99987483 0.999567   0.99982846 0.9998474 ]
[0.9997862  0.9999138  0.9998903  0.999806   0.9998777  0.999864
 0.9998393  0.99966204 0.99976915 0.99977964]
[0.9999105  0.99992144 0.9998691  0.99972945 0.99982893 0.9998202
 0.99988294 0.99976116 0.9998603  0.99988866]
[0.9998925  0.99988604 0.99988127 0.9996705  0.99983394 0.9998517
 0.9997801  0.99970776 0.99980336 0.9998233 ]
[0.9998801  0.99988544 0.99987566 0.99974185 0.9998876  0.99988055
 0.99988794 0.9997193  0.99984896 0.99979275]
[0.9998635  0.99985194 0.9998635  0.9997466  0.99984753 0.9998628
 0.99982363 0.9996958  0.9998031  0.99981934]
[0.99988174 0.99984396 0.99985945 0.9998274  0.9998747  0.9998242
 0.9998709  0.99971396 0.9998375  0.9998066 ]
[0.99990153 0.99986684 0.99985754 0.9996953  0.99980944 0.9998148
 0.99989116 0.9998029  0.99982125 0.9998623 ]
[0.9998361  0.99981385 0.9999182  0.9997707  0.99988484 0.99978024
 0.99984217 0.9996978  0.9997416  0.99980205]
[0.99986887 0.9999163  0.99991035 0.9996747  0.99982554 0.9998355
 0.9997906  0.99966717 0.9997814  0.9998745 ]
[0.9999026  0.9998944  0.9998573  0.9998043  0.99988735 0.99988854
 0.99988973 0.99972457 0.9998696  0.99981683]
[0.9998503  0.99992335 0.99990094 0.99979347 0.9997801  0.9998878
 0.99982315 0.999688   0.99987805 0.99984896]
[0.9998221  0.9998324  0.99981457 0.9997609  0.99983156 0.9997956
 0.9998062  0.9998006  0.9998796  0.9997714 ]
[0.9998487  0.99989367 0.9999112  0.9997383  0.99989414 0.9998342
 0.99987674 0.9994759  0.99979717 0.9998727 ]
[0.99989593 0.9999124  0.99981064 0.9997931  0.99980897 0.99987304
 0.9997788  0.9994436  0.9997702  0.9998975 ]
[0.9998299  0.9998493  0.9998977  0.99976295 0.9997913  0.9997744
 0.999814   0.9995403  0.99975103 0.9998776 ]
[0.99984765 0.99991274 0.9999062  0.9995309  0.99990606 0.99981135
 0.9998227  0.9996088  0.9998684  0.9998542 ]
[0.9997887  0.9998596  0.99982184 0.99963486 0.999882   0.99988186
 0.9998023  0.99972695 0.99984384 0.99983764]
[0.99988544 0.99990237 0.999877   0.999752   0.999892   0.9998971
 0.9997813  0.9997043  0.99973184 0.99988055]
[0.9998293  0.9998246  0.99981505 0.99979645 0.99983966 0.9997973
 0.9998864  0.9997286  0.99978477 0.9998548 ]
[0.99990106 0.9998584  0.9998067  0.9996183  0.99978966 0.99988294
 0.9998191  0.9997571  0.9998024  0.99983037]
[0.99982554 0.9998605  0.99986315 0.99960583 0.9998882  0.99978155
 0.9998204  0.99969256 0.9997274  0.99987364]
[0.99981457 0.99983895 0.99990845 0.9997613  0.99982905 0.9998944
 0.9998852  0.9997993  0.9997528  0.99982613]
[0.99985075 0.9998597  0.99980015 0.9997309  0.999871   0.99987996
 0.99978715 0.99981576 0.999749   0.9998029 ]
[0.99981457 0.99990594 0.9997986  0.9996977  0.9997633  0.9997906
 0.99979085 0.999772   0.99983966 0.99986565]
[0.9998597  0.99988675 0.99989367 0.99962616 0.9998671  0.99976414
 0.9998621  0.9997631  0.99987113 0.9998338 ]
[0.99986446 0.9998235  0.99986756 0.99960893 0.99981886 0.99977034
 0.9998727  0.9997538  0.99975675 0.9998727 ]
[0.99985933 0.99991596 0.9998871  0.9998267  0.9997805  0.99984896
 0.9998543  0.99979967 0.9998647  0.99988437]
[0.9999138  0.9998411  0.99988055 0.99978644 0.9997968  0.9998728
 0.99978894 0.9997167  0.99969125 0.99976414]
[0.99981123 0.9998683  0.99990106 0.99979705 0.9998441  0.9998148
 0.9998141  0.9996259  0.99987316 0.999889  ]
[0.999869   0.99991715 0.99987173 0.9996667  0.9998141  0.999846
 0.99988675 0.99960035 0.9997892  0.999892  ]
[0.9998772  0.99982125 0.9997992  0.9997558  0.9998461  0.99985695
 0.9997701  0.99977607 0.9998658  0.9998728 ]
[0.9998487  0.9998254  0.99990034 0.9996178  0.99988663 0.9997665
 0.9998511  0.9996865  0.9997955  0.99986196]
[0.9998375  0.99982625 0.99990594 0.9996124  0.9998616  0.99983263
 0.9998085  0.9997243  0.9997695  0.9997961 ]
[0.99979895 0.9998832  0.99989295 0.999736   0.99981457 0.99980384
 0.9998392  0.99972457 0.9998135  0.9997787 ]
[0.99989974 0.999887   0.9998627  0.99973947 0.9998053  0.99981683
 0.999881   0.99974626 0.9998419  0.99986386]
[0.9998074  0.9998865  0.9998841  0.999772   0.99980766 0.99981576
 0.9998049  0.99963415 0.9998723  0.9998599 ]
[0.99979264 0.99982435 0.9998797  0.99966156 0.9998996  0.9998287
 0.9997831  0.99963033 0.99971336 0.9998671 ]
[0.999856   0.99988985 0.99991953 0.99972755 0.999783   0.99985576
 0.9998883  0.9997539  0.9998167  0.9998797 ]
[0.9999038  0.99983954 0.99985707 0.999772   0.9998869  0.99977666
 0.99980325 0.9997383  0.9998073  0.9998481 ]
[0.99988043 0.99987054 0.99987066 0.99959165 0.99988484 0.9998796
 0.9998388  0.99967134 0.9998435  0.9998331 ]
[0.9999136  0.9998951  0.99986553 0.99975485 0.9998975  0.99978536
 0.9998567  0.99975604 0.9997304  0.9998987 ]
[0.99980277 0.9998142  0.99990296 0.99964356 0.9998411  0.99983597
 0.99989116 0.99979275 0.9998211  0.99978894]
[0.9998945  0.99990094 0.9998204  0.99975747 0.9998802  0.9997725
 0.9997867  0.99981135 0.9997801  0.9997726 ]
[0.99987423 0.9998616  0.9998883  0.9997482  0.999858   0.99981374
 0.9998554  0.9996637  0.99986887 0.9998846 ]
[0.99990475 0.9998271  0.9998665  0.99974173 0.9998659  0.9997962
 0.99986124 0.99978393 0.9998461  0.999871  ]
[0.9998969  0.99984634 0.9998969  0.99972326 0.9998772  0.99986005
 0.9997956  0.99964213 0.99985135 0.9997805 ]
[0.9998129  0.9998808  0.9998462  0.9996488  0.99988055 0.9998845
 0.99976486 0.9997676  0.99985695 0.9997887 ]
[0.9998989  0.99990344 0.99982125 0.99979216 0.9998099  0.9998908
 0.99979514 0.99966025 0.99987566 0.9998882 ]
[0.99989927 0.999838   0.99990463 0.99980074 0.9998468  0.9997825
 0.99977654 0.99972075 0.9998615  0.9998851 ]
[0.99988055 0.99981993 0.9998828  0.9997557  0.999881   0.9998037
 0.999895   0.9997193  0.9998709  0.9998543 ]
[0.9998864  0.9998386  0.99982303 0.9996314  0.99988127 0.9998074
 0.99989605 0.9997584  0.9998016  0.9998242 ]
[0.99984    0.9999088  0.9998024  0.9997919  0.9998079  0.99978405
 0.99980015 0.9997602  0.99985945 0.99989736]
[0.9999007  0.99986506 0.9998498  0.9997973  0.9998528  0.9997855
 0.9998235  0.9995628  0.9997906  0.99989665]
[0.9998982  0.99989164 0.9998093  0.9997434  0.99975115 0.9998318
 0.99976486 0.9996921  0.99988294 0.999881  ]
[0.99983203 0.9998596  0.99988973 0.9997501  0.99987674 0.99983525
 0.9998497  0.99966025 0.9998683  0.99976796]
[0.9998785  0.99991894 0.9999044  0.99974185 0.9998946  0.9998436
 0.99988997 0.99960953 0.9998834  0.99986017]
[0.99983454 0.99985695 0.9999112  0.9997329  0.9998222  0.99982977
 0.99984634 0.9998072  0.9997726  0.9998846 ]
[0.99979895 0.9999018  0.9999106  0.9996779  0.9997695  0.9998779
 0.99977034 0.9996604  0.99984026 0.9998503 ]
[0.99981576 0.99988294 0.99990773 0.999663   0.9998821  0.9998915
 0.9998622  0.99971133 0.9997651  0.99989545]
[0.9998617  0.99986637 0.9998461  0.99965584 0.9998202  0.9997688
 0.9997657  0.9995491  0.99982846 0.9998234 ]
[0.99983895 0.9999038  0.99988496 0.99975485 0.99977535 0.9997683
 0.99981195 0.99962056 0.99982566 0.99982005]
[0.9998872  0.9998568  0.99986374 0.99975246 0.9998053  0.9998104
 0.99987507 0.99957913 0.9997514  0.9998983 ]
[0.9998041  0.9998425  0.9998926  0.9997991  0.9998129  0.9998708
 0.99982303 0.99976546 0.9998062  0.9998994 ]
[0.99981064 0.9999093  0.9998534  0.99974257 0.9997931  0.9998714
 0.999874   0.9995945  0.99976164 0.99986374]
[0.9998055  0.99991107 0.99983776 0.9997669  0.99988437 0.99982977
 0.99983966 0.9995796  0.9998404  0.99983454]
[0.9998833  0.9998159  0.99987817 0.9997538  0.99983895 0.99981064
 0.9998909  0.9997807  0.9998461  0.9998481 ]
[0.9998654  0.9998579  0.999877   0.99964714 0.99980575 0.9998772
 0.99986804 0.9998184  0.99984884 0.99987864]
[0.999874   0.99980575 0.9999099  0.9997918  0.99986017 0.9998392
 0.99989307 0.99968386 0.99981576 0.999818  ]
[0.99987495 0.9998115  0.99985003 0.99978954 0.99981946 0.99979025
 0.9998698  0.9996892  0.99988234 0.99979204]
[0.9998042  0.99989974 0.99988675 0.99977547 0.9997905  0.9998776
 0.9998915  0.99973434 0.99988306 0.99988043]
[0.9999032  0.99991274 0.99990964 0.9998247  0.99986994 0.99977773
 0.999864   0.9996518  0.9998135  0.9998808 ]
[0.9999099  0.99990475 0.9998246  0.9998085  0.9997998  0.9998921
 0.9997732  0.9996699  0.99988663 0.9998565 ]
[0.99986875 0.99982005 0.999877   0.99965405 0.9998605  0.99979156
 0.99984384 0.9997433  0.9998436  0.99978095]
[0.99989045 0.9998964  0.99985564 0.9997142  0.99984276 0.99982065
 0.9998754  0.99962485 0.9997836  0.99985015]
[0.9998155  0.9998802  0.9998902  0.9997292  0.99985766 0.9997634
 0.999899   0.99973553 0.9997807  0.9997757 ]
[0.9998393  0.99980146 0.99979824 0.99964166 0.99988127 0.9998294
 0.9998184  0.9997578  0.99976426 0.9998073 ]
