Mprobs for dataset sim1 (100)

[0.95082426 0.9951574  0.8642604  0.9833444  0.9998511  0.99986494
 0.99987197 0.99910635 0.99972695 0.99522793 0.996591   0.6963661
 0.9996946  0.9997272  0.9986462  0.9997081  0.9998267 ]
[0.91380733 0.9950015  0.41016257 0.9760824  0.9998     0.9999088
 0.9998423  0.9989104  0.99972636 0.9959215  0.99564976 0.9122937
 0.9997907  0.9997496  0.9979533  0.9997596  0.9998635 ]
[0.919045   0.99655557 0.8231522  0.97486615 0.99979776 0.99983776
 0.999894   0.99883074 0.9997235  0.9961442  0.9966717  0.8417808
 0.99981993 0.999811   0.9986941  0.99976796 0.99976724]
[0.9463814  0.99384165 0.797936   0.9618924  0.9998104  0.999905
 0.99987566 0.99911076 0.99959487 0.99394625 0.9972493  0.7535337
 0.9998337  0.9997136  0.9972989  0.9996911  0.9997861 ]
[0.88439476 0.9933363  0.8666783  0.98454803 0.9998313  0.9998437
 0.99987924 0.9988152  0.9997918  0.995316   0.9967891  0.8908581
 0.9998022  0.99978846 0.9984761  0.9996946  0.9997663 ]
[0.82810044 0.99580103 0.6027311  0.98194146 0.9998846  0.9998659
 0.999772   0.998936   0.9996032  0.99241614 0.99762005 0.7650415
 0.9997409  0.9996972  0.99884963 0.99979764 0.999828  ]
[0.9279875  0.99590886 0.89646083 0.98092777 0.9998487  0.9998863
 0.9998493  0.999193   0.999813   0.9963147  0.99693847 0.83506507
 0.9998043  0.9996797  0.99847645 0.99956256 0.9997898 ]
[0.8812657  0.9922382  0.4749064  0.98255956 0.9997465  0.9998795
 0.99981326 0.9991264  0.9996061  0.996064   0.9963921  0.6374389
 0.9998399  0.9997663  0.9980526  0.9997044  0.9998661 ]
[0.85664713 0.9932957  0.86752486 0.9800861  0.9998367  0.99987936
 0.99988616 0.9988135  0.9996911  0.99671847 0.9971149  0.8386139
 0.99984217 0.9997216  0.9981658  0.99970895 0.9997975 ]
[0.94401544 0.99492395 0.91099495 0.9725815  0.9998313  0.99990046
 0.9997838  0.998334   0.9996464  0.99651814 0.99737    0.6196959
 0.9997998  0.9997321  0.99771    0.9995516  0.99975175]
[0.8645235  0.9959597  0.86894596 0.9754777  0.9998024  0.999887
 0.9997863  0.99864906 0.9996455  0.99195814 0.9972677  0.8229874
 0.99973875 0.9996972  0.9988563  0.9995913  0.9998233 ]
[0.91338897 0.99592006 0.8116687  0.9824827  0.99979967 0.9998894
 0.9998222  0.9988918  0.99981576 0.9938421  0.9976587  0.78905183
 0.99983644 0.9996978  0.9983981  0.9995552  0.99983716]
[0.8933139  0.99207944 0.7004162  0.9840868  0.9997131  0.9999062
 0.99981457 0.9991775  0.99963653 0.99432486 0.9973713  0.7830253
 0.99975735 0.99983644 0.99784625 0.99973875 0.99981815]
[0.8682344  0.9930034  0.81661636 0.9804238  0.9998209  0.999897
 0.9997398  0.9982389  0.99969065 0.9950813  0.99678373 0.8938652
 0.99976045 0.9997551  0.998483   0.9997706  0.9997998 ]
[0.75817883 0.99510527 0.65857345 0.9845888  0.99987876 0.99980587
 0.99987423 0.999116   0.9996075  0.99318767 0.99766576 0.8678721
 0.9998307  0.9996451  0.9983175  0.9997327  0.9997501 ]
[0.8450144  0.9924925  0.810398   0.9803287  0.99977607 0.9998115
 0.99986506 0.99872917 0.9996911  0.9937046  0.9965749  0.90537316
 0.9997633  0.999764   0.9973047  0.999635   0.9997749 ]
[0.93371964 0.9903504  0.8921995  0.98071826 0.99978596 0.9998969
 0.99982697 0.999131   0.99980015 0.99170095 0.99715793 0.68347067
 0.9997757  0.99970883 0.998936   0.9997981  0.9998223 ]
[0.94351774 0.9972465  0.9873481  0.9998142  0.99982136 0.9998884
 0.9988035  0.9996538  0.9971119  0.996671   0.80217224 0.9997657
 0.999772   0.9984388  0.9997905  0.9998005 ]
[0.7761367  0.99344593 0.8845415  0.98370266 0.99988663 0.9998616
 0.99981004 0.9992841  0.9996896  0.9967853  0.997603   0.7742554
 0.9998524  0.9997955  0.99838805 0.9996184  0.99984324]
[0.8899805  0.99458355 0.8148165  0.9837804  0.99984086 0.999892
 0.9997955  0.9990085  0.99962604 0.99234796 0.99620384 0.5404636
 0.9998584  0.9996544  0.9987233  0.99953604 0.9998264 ]
[0.3097922  0.9390997  0.99575317 0.89350754 0.9873476  0.9998511
 0.99980646 0.9998754  0.99834347 0.99977356 0.99533    0.9964167
 0.8836689  0.9998529  0.9996412  0.9985178  0.99975294 0.99976414]
[0.87710017 0.9948036  0.8121148  0.96146595 0.99980074 0.9998934
 0.99976987 0.99815315 0.99971515 0.9935446  0.9972174  0.893114
 0.99973947 0.99968314 0.99839705 0.99951434 0.99983776]
[0.8982561  0.9953675  0.63965    0.9860345  0.99985707 0.9998073
 0.9997589  0.9992286  0.9997458  0.99514943 0.9980411  0.90616524
 0.9998839  0.9997003  0.99782854 0.9997459  0.99979335]
[0.9401319  0.9941912  0.8403992  0.9717952  0.9997862  0.99983263
 0.9998696  0.99924195 0.99976045 0.9964407  0.9978282  0.73834395
 0.999816   0.9998455  0.9982053  0.9995241  0.99987304]
[0.941016   0.9964406  0.7694436  0.97094584 0.99987257 0.9998016
 0.99983    0.99838305 0.9997074  0.9959552  0.997968   0.5867074
 0.9998061  0.99983966 0.9984717  0.99973327 0.99976   ]
[0.9070745  0.9961372  0.6107161  0.9789819  0.99983466 0.9998747
 0.9998803  0.99856925 0.99976534 0.9941706  0.9964567  0.7168685
 0.99970835 0.99981016 0.99859554 0.99962187 0.9998512 ]
[0.91748893 0.99388015 0.7950999  0.97870094 0.9997224  0.9998367
 0.9998461  0.9986645  0.9997694  0.99389863 0.99736315 0.74084485
 0.9997117  0.99978787 0.997914   0.9996507  0.9998442 ]
[0.6099254  0.99427325 0.8501203  0.9748898  0.999718   0.99991024
 0.9997688  0.9986577  0.99979407 0.9970204  0.9960269  0.88482696
 0.9998392  0.99968743 0.99848336 0.9996537  0.99983966]
[0.7070331  0.9941245  0.68530786 0.9863391  0.99981517 0.9998104
 0.99980706 0.998648   0.9997923  0.99570024 0.99705565 0.84367913
 0.9997831  0.9997929  0.99716526 0.99969995 0.99981064]
[0.9555367  0.99519217 0.822959   0.975233   0.9997845  0.9998933
 0.99980825 0.9993129  0.9996406  0.99621385 0.9965037  0.3376139
 0.9998104  0.9997044  0.9985592  0.9995567  0.9998611 ]
[0.87419844 0.99633634 0.8149335  0.9817172  0.9997193  0.9998419
 0.99981326 0.99838865 0.9997013  0.9944529  0.9969914  0.84844536
 0.9997334  0.9997484  0.99877495 0.99958855 0.9998821 ]
[0.96195817 0.9942853  0.8220229  0.9862476  0.99986756 0.9998877
 0.9997497  0.99854857 0.9997732  0.99271786 0.99784386 0.90016896
 0.99984646 0.9998047  0.99851304 0.9997371  0.99976367]
[0.92644835 0.995344   0.9766251  0.99984205 0.9998832  0.99979466
 0.99868983 0.99967754 0.9950867  0.99671906 0.79877895 0.99978226
 0.9997832  0.99781454 0.99968183 0.999775  ]
[0.9338805  0.99421364 0.914571   0.9799386  0.9998704  0.999814
 0.9998915  0.998852   0.99963367 0.99455583 0.99719256 0.784817
 0.99981457 0.99980825 0.9981078  0.9995346  0.9997991 ]
[0.932165   0.9936906  0.83989674 0.97066844 0.9998591  0.9998536
 0.9998287  0.9991726  0.99976414 0.9960824  0.9964216  0.76738125
 0.9997986  0.99980813 0.99783915 0.99976736 0.9998585 ]
[0.5484324  0.99368817 0.8178704  0.9837557  0.99983466 0.9998665
 0.99979466 0.9987244  0.99976534 0.993588   0.99728    0.9259987
 0.9998492  0.9997008  0.99851424 0.9996362  0.9998641 ]
[0.8947646  0.99685526 0.8548257  0.9839536  0.99975497 0.99982125
 0.9998456  0.99886835 0.9997801  0.9931249  0.99760073 0.8302836
 0.9997559  0.99981266 0.99757236 0.9996086  0.9998258 ]
[0.9278565  0.9929201  0.97927815 0.99982953 0.9998888  0.99984753
 0.9988225  0.99978596 0.99537176 0.99746025 0.83666813 0.9998722
 0.9997806  0.9990982  0.99978167 0.99980646]
[0.8404193  0.9929174  0.89089674 0.97361505 0.9997464  0.9998838
 0.99979466 0.99894696 0.9997949  0.99607533 0.99656004 0.79544044
 0.99983704 0.99980885 0.9981102  0.99964976 0.99974614]
[0.9089529  0.9943047  0.84653866 0.97774315 0.99980086 0.99985576
 0.99979097 0.9990538  0.9996152  0.9935057  0.9982475  0.6437929
 0.99982446 0.99973756 0.9983632  0.999726   0.9997974 ]
[0.3326818  0.92152125 0.99524564 0.57013774 0.9815508  0.99984837
 0.99985325 0.99987006 0.9990507  0.9996018  0.9921556  0.997661
 0.8231276  0.9998292  0.9996587  0.99769837 0.9997428  0.99981016]
[0.94772404 0.9958715  0.75492966 0.96914524 0.99982625 0.9997931
 0.999826   0.9993005  0.9996731  0.99603736 0.99669755 0.7829866
 0.9998227  0.99972457 0.9979242  0.9996599  0.99980265]
[0.6685424  0.99628925 0.34718794 0.97859555 0.9997373  0.9998367
 0.99986506 0.9990381  0.9996433  0.9958832  0.9969612  0.8317981
 0.9996953  0.999694   0.9986701  0.9995771  0.999843  ]
[0.9199279  0.9961802  0.56239486 0.96723825 0.9997799  0.99985445
 0.99988604 0.9983999  0.99976796 0.99288356 0.9966388  0.79068196
 0.9997663  0.9996836  0.99837106 0.9996445  0.9998572 ]
[0.88127756 0.9929763  0.8858311  0.9630567  0.99989223 0.99983287
 0.9998079  0.9991321  0.9996605  0.99601895 0.99658597 0.8937492
 0.9997776  0.9998313  0.99861026 0.9997563  0.9997682 ]
[0.84642917 0.9961869  0.8190012  0.97740483 0.9998079  0.9999069
 0.9997719  0.9987809  0.9997416  0.99209553 0.9977756  0.76293325
 0.9998448  0.9998198  0.99790984 0.99964523 0.99986184]
[0.7512711  0.9940738  0.7999103  0.9697939  0.9998229  0.9998466
 0.9997801  0.9988336  0.99961203 0.9941625  0.99791044 0.8146474
 0.9998605  0.99983215 0.99771845 0.99955684 0.99982053]
[0.5823443  0.9920461  0.88160414 0.9840603  0.9997863  0.9997936
 0.9998766  0.99870193 0.9997769  0.99516875 0.996119   0.9129446
 0.9997501  0.9997112  0.99824715 0.99965787 0.99979883]
[0.8299159  0.99250305 0.71368027 0.9833829  0.9997973  0.99988854
 0.9998264  0.9986009  0.9998134  0.9948089  0.9967565  0.58479375
 0.9998103  0.99983644 0.998442   0.9995881  0.99984574]
[0.9252613  0.9927383  0.58076566 0.98392016 0.99984884 0.9998068
 0.99978775 0.9991146  0.9996878  0.99127346 0.9974975  0.85393995
 0.99980277 0.99978966 0.99879265 0.9997861  0.99986327]
[0.94249254 0.9925378  0.87589633 0.97384465 0.9997756  0.9997857
 0.9998554  0.9992918  0.99967575 0.9957035  0.9959979  0.90628004
 0.99976176 0.9997439  0.9988285  0.9996338  0.9998411 ]
[0.9530763  0.9908144  0.8223056  0.9723829  0.99985635 0.9998616
 0.9998909  0.9992787  0.99970156 0.9963994  0.99781966 0.8805497
 0.99983704 0.99981695 0.99896944 0.9996836  0.9997515 ]
[0.6305763  0.995394   0.73819417 0.97660565 0.99973994 0.99983656
 0.9997603  0.99823487 0.9996327  0.9951615  0.9976386  0.852506
 0.99973434 0.9998012  0.99830914 0.9996107  0.9998307 ]
[0.906283   0.9947188  0.80483496 0.98330325 0.99980956 0.99985874
 0.9998252  0.9988416  0.99981755 0.9947803  0.99704605 0.6394602
 0.9997521  0.99979275 0.9987935  0.9996339  0.999818  ]
[0.9043738  0.99659556 0.74641335 0.98720735 0.99979705 0.9998772
 0.999747   0.9991999  0.9995765  0.9962773  0.99788034 0.83036065
 0.99975556 0.99968374 0.9986823  0.99961096 0.9997801 ]
[0.9266866  0.99557614 0.88890314 0.984835   0.9998567  0.9998883
 0.9998503  0.99930346 0.99967635 0.99221414 0.99782085 0.7765603
 0.9997862  0.99983084 0.9987644  0.9997601  0.9997805 ]
[0.95015115 0.9906625  0.6325842  0.968066   0.9998062  0.99983954
 0.999762   0.9989549  0.99973136 0.9947818  0.9961654  0.689354
 0.99978536 0.9997482  0.9978485  0.99955136 0.9997491 ]
[0.7546739  0.99415886 0.78918946 0.9790636  0.9997422  0.9999058
 0.9998826  0.9985654  0.99969435 0.9949008  0.9977991  0.73740596
 0.9997973  0.9997428  0.99849343 0.9995521  0.9998357 ]
[0.9273981  0.99325293 0.98367333 0.99986315 0.99985635 0.9998938
 0.9992335  0.99959797 0.993708   0.99653924 0.8022043  0.9997373
 0.9996332  0.99776006 0.9997501  0.99976844]
[0.91979724 0.99442285 0.86435866 0.9707647  0.9998198  0.9998604
 0.9998399  0.998589   0.99967647 0.9919247  0.99725807 0.84665203
 0.9998301  0.9996692  0.9977307  0.9997032  0.99982494]
[0.81089395 0.9912622  0.8893025  0.96930504 0.99980026 0.9998404
 0.9997805  0.9989899  0.99983144 0.9959967  0.9964109  0.92153734
 0.99971896 0.99979657 0.9984628  0.99967706 0.9997758 ]
[0.78532064 0.994972   0.8498242  0.97860795 0.999765   0.99984205
 0.9997589  0.99921787 0.9996481  0.99323845 0.997809   0.7447982
 0.99984694 0.99965966 0.9979346  0.9995616  0.9998586 ]
[0.86042345 0.9961301  0.79010624 0.9676769  0.9997042  0.9997874
 0.9998092  0.9983979  0.99971837 0.98906857 0.9980221  0.90183175
 0.9998209  0.99983144 0.9976132  0.9995291  0.99977416]
[0.9348235  0.99287605 0.88735044 0.97697574 0.9997482  0.99988973
 0.99982053 0.9993032  0.9998448  0.99616456 0.9971951  0.820521
 0.99973184 0.9997125  0.9986563  0.9995055  0.9997701 ]
[0.8512392  0.9947866  0.8624885  0.9801041  0.9997756  0.99981993
 0.999858   0.99904805 0.99957544 0.994873   0.9976464  0.81743205
 0.9997129  0.99968576 0.9979997  0.999607   0.9998228 ]
[0.895312   0.99509984 0.8284428  0.976443   0.99970216 0.99987555
 0.9998135  0.998664   0.9997211  0.9914812  0.9970599  0.6543957
 0.99983895 0.9997044  0.9979498  0.9996387  0.9998367 ]
[0.93818545 0.992168   0.7444012  0.9780211  0.9997825  0.999783
 0.99984765 0.9991517  0.99959713 0.9937926  0.9960914  0.7230777
 0.9998417  0.9998185  0.99760276 0.9994942  0.99970835]
[0.93914527 0.9947909  0.9793919  0.9997892  0.9998437  0.99978787
 0.9992182  0.99973124 0.9952206  0.99768674 0.8031551  0.99970657
 0.9996941  0.998009   0.9996892  0.999826  ]
[0.9333967  0.9936149  0.88325787 0.98256403 0.9997944  0.99989223
 0.99983776 0.99860066 0.9997645  0.9930258  0.99820244 0.7997892
 0.9997794  0.9997031  0.998447   0.9996383  0.9998017 ]
[0.9422855  0.99579066 0.46682677 0.9814457  0.99980325 0.9998197
 0.9998498  0.9992943  0.9997491  0.9972203  0.99759406 0.7243719
 0.999826   0.99981946 0.9987889  0.9996512  0.99987197]
[0.9220018  0.9969733  0.8582815  0.9801215  0.999801   0.9998642
 0.9998068  0.99863225 0.9998072  0.99413127 0.9978371  0.8170104
 0.99974674 0.9997129  0.9979913  0.99964166 0.99972385]
[0.93416744 0.99572253 0.62210166 0.97834283 0.9997826  0.9998518
 0.9999026  0.99863666 0.9997354  0.9942029  0.99746907 0.82345396
 0.99972695 0.99982506 0.9978294  0.9996265  0.99984944]
[0.92488676 0.9916625  0.892471   0.98496443 0.9998503  0.9998135
 0.9998795  0.99883777 0.99975115 0.99302024 0.9972428  0.84604406
 0.9998318  0.9996137  0.99780923 0.99955064 0.99974626]
[0.8798733  0.99120283 0.36310178 0.960243   0.99981457 0.99979657
 0.9997688  0.9988034  0.99977285 0.99467975 0.99803585 0.6630653
 0.9998437  0.9997892  0.99791545 0.999678   0.99977   ]
[0.9373506  0.992663   0.8484274  0.9820693  0.99974054 0.9997992
 0.9998499  0.999257   0.99980146 0.9952964  0.9971554  0.7949966
 0.9998023  0.99978596 0.9982004  0.99979144 0.99987364]
[0.87250096 0.99471337 0.82388586 0.9803561  0.99974376 0.9998543
 0.9998754  0.9987388  0.9997713  0.99587256 0.99760914 0.84903866
 0.99976903 0.9997992  0.9975351  0.9996799  0.99981505]
[0.9199547  0.9959812  0.88437927 0.98446935 0.99986637 0.9998853
 0.99976724 0.99871683 0.9998288  0.9958652  0.9959466  0.78849494
 0.9998578  0.99973243 0.9974981  0.99961936 0.9997671 ]
[0.9299281  0.99574834 0.81377155 0.9745933  0.99979407 0.9998172
 0.9998441  0.9987446  0.9996729  0.99089676 0.9975561  0.79274917
 0.9997378  0.99977213 0.99839324 0.99970776 0.99981207]
[0.9495123  0.9958572  0.84363604 0.98208445 0.9998505  0.99987066
 0.9998807  0.9989298  0.99967146 0.99409914 0.99815243 0.8471115
 0.9998306  0.9997999  0.9991374  0.9996947  0.9998547 ]
[0.94371945 0.99601823 0.6347072  0.98292476 0.9997942  0.999838
 0.9998692  0.9979455  0.9997559  0.994959   0.99753124 0.7377996
 0.9997807  0.9998216  0.99877304 0.9997292  0.99983907]
[0.8964503  0.9944489  0.87641895 0.9792932  0.99982554 0.9998661
 0.9998579  0.99868494 0.9997266  0.99145    0.99697    0.85916597
 0.99974746 0.9995498  0.99716264 0.99966145 0.999863  ]
[0.94469553 0.99241465 0.89402807 0.97685003 0.9997644  0.99984586
 0.9998197  0.99899024 0.99974674 0.99501896 0.99784565 0.89574003
 0.99982786 0.9996966  0.9978962  0.9997489  0.9998596 ]
[0.9450594  0.99082595 0.58404404 0.9649044  0.9998406  0.9999019
 0.9998     0.99883646 0.99979585 0.99214864 0.9979032  0.7265289
 0.99980754 0.99973994 0.99756444 0.9996784  0.9998287 ]
[0.72934467 0.9926843  0.6935753  0.9830892  0.9997743  0.9997938
 0.9998828  0.99930906 0.99978787 0.9959948  0.99734676 0.8320422
 0.9997147  0.99983656 0.99816954 0.9996735  0.9998436 ]
[0.9512551  0.99392337 0.661929   0.97460926 0.9998281  0.9997991
 0.99987733 0.9992889  0.99971944 0.9927021  0.9973986  0.5749665
 0.99986756 0.9997738  0.9981103  0.99975044 0.9997633 ]
[0.92651457 0.99216217 0.8924033  0.97411025 0.9998223  0.9998379
 0.9998128  0.9990453  0.99973637 0.99607784 0.99794644 0.85150635
 0.99977845 0.99969375 0.9986663  0.99966645 0.9998516 ]
[0.93804866 0.99325377 0.842058   0.98164684 0.9998416  0.9998696
 0.9998696  0.99878794 0.9998142  0.99401605 0.9972396  0.83490425
 0.9998246  0.99974936 0.9987991  0.9995303  0.9997733 ]
[0.9469866  0.9954189  0.8396467  0.9794811  0.9997849  0.9997917
 0.99978167 0.9983279  0.99967194 0.99379    0.99808747 0.8435472
 0.9998492  0.99969006 0.99848324 0.9995253  0.9997377 ]
[0.76150256 0.99253535 0.75178576 0.9690564  0.99983263 0.999902
 0.99989665 0.9987827  0.9997093  0.9944296  0.99720025 0.9089587
 0.9997775  0.9997075  0.99858224 0.99975854 0.99986315]
[0.936115   0.99422556 0.8971314  0.9864804  0.99976486 0.9998398
 0.99988055 0.9993368  0.9996451  0.9941796  0.99602246 0.68084043
 0.9998388  0.9997185  0.99892527 0.9997845  0.9998323 ]
[0.70779204 0.99394727 0.56875974 0.9765842  0.99966836 0.9998011
 0.9998381  0.99824715 0.9997757  0.9926145  0.9966736  0.8403896
 0.99968576 0.99961394 0.99767    0.9997434  0.9998404 ]
[0.9487842  0.996011   0.91152173 0.97077775 0.9998134  0.999838
 0.99988854 0.99923754 0.99968123 0.9944464  0.99796605 0.9144078
 0.9998739  0.9997503  0.9980502  0.999683   0.9998653 ]
[0.940348   0.99287647 0.80933154 0.9782326  0.9997739  0.999859
 0.9998634  0.9991375  0.99972385 0.99325526 0.9960019  0.827734
 0.9996946  0.9997887  0.9979202  0.999785   0.9998336 ]
[0.87930137 0.9968041  0.41242796 0.9788013  0.99983966 0.99980503
 0.99983025 0.99861085 0.99971074 0.99503374 0.99770015 0.70178866
 0.999811   0.9998317  0.99777514 0.9996939  0.9998006 ]
[0.7192815  0.9953754  0.79271555 0.9771792  0.99978787 0.99979764
 0.999793   0.9992112  0.9996037  0.99401075 0.99677736 0.7473157
 0.9998503  0.9996387  0.99833065 0.9996668  0.9998436 ]
[0.90650094 0.996323   0.7631229  0.97170264 0.9998567  0.9997913
 0.9998374  0.9992199  0.9997596  0.99562967 0.99637717 0.80749995
 0.9997874  0.9997812  0.9976935  0.9997644  0.99987566]
[0.8596597  0.9949269  0.9375212  0.97521687 0.9997346  0.99984705
 0.99987435 0.9990558  0.99980503 0.99530786 0.9984055  0.856731
 0.9997758  0.999808   0.9979716  0.9995453  0.99977833]
[0.93458897 0.99503785 0.5688248  0.9786078  0.9997874  0.9997904
 0.99985445 0.9990007  0.99975127 0.9928611  0.9967301  0.68953645
 0.99980956 0.99984384 0.9978934  0.99965835 0.9998734 ]
[0.9303751  0.9948087  0.30267823 0.9832274  0.99974746 0.99981326
 0.99982953 0.9994368  0.999821   0.9946629  0.99794275 0.8238868
 0.9997793  0.9998307  0.9979767  0.9995752  0.9997756 ]
[0.3482601  0.65860736 0.9953478  0.8370588  0.9711692  0.9998423
 0.9998758  0.9997955  0.99859864 0.9997831  0.9914545  0.99861276
 0.8342977  0.99976593 0.99981755 0.9973124  0.999696   0.99988985]
