Mprobs for dataset sim1 (1)

[0.99987054 0.99987924 0.9998053  0.9997743  0.9998135  0.99983156
 0.99983335 0.99976605 0.9998708  0.99988353]
[0.9998696  0.999814   0.9998448  0.9997087  0.9998424  0.99984014
 0.99983776 0.9996525  0.9998598  0.99981886]
[0.9998776  0.9998871  0.99991095 0.9997428  0.9997999  0.9998908
 0.9998789  0.99977535 0.9997806  0.9997912 ]
[0.99989736 0.99985325 0.9999149  0.9998447  0.99976844 0.9998895
 0.99985516 0.9997346  0.9998565  0.99985814]
[0.999816   0.9998254  0.999871   0.9998271  0.99977213 0.9998877
 0.99980026 0.9995902  0.99977356 0.9998958 ]
[0.9999058  0.999895   0.9998797  0.999752   0.99987817 0.9997795
 0.9997633  0.9996106  0.9997764  0.9998342 ]
[0.9998375  0.99988127 0.99987245 0.9997719  0.9999087  0.99989843
 0.9998816  0.99952245 0.999762   0.9997707 ]
[0.9998839  0.9999101  0.9998709  0.99983394 0.9999033  0.99983835
 0.99989045 0.9996948  0.9998462  0.99979395]
[0.99989474 0.9999032  0.99982303 0.99977297 0.9998654  0.99980503
 0.99982363 0.9996965  0.9998248  0.999897  ]
[0.9998729  0.9998196  0.999913   0.9997316  0.9998703  0.9997856
 0.99983513 0.9996685  0.99977046 0.9998192 ]
[0.999816   0.9999236  0.99985206 0.9997621  0.99981934 0.9997913
 0.9998996  0.99966514 0.99974436 0.99985564]
[0.9999076  0.9998462  0.9998623  0.99976045 0.999808   0.99989855
 0.99981505 0.9995432  0.9998555  0.99987376]
[0.9998134  0.9998925  0.999913   0.9997608  0.9998568  0.9998529
 0.9998851  0.99976104 0.99981564 0.9998853 ]
[0.9998921  0.9998834  0.9998074  0.9996543  0.9998945  0.9998005
 0.99976546 0.99969375 0.999782   0.99982977]
[0.9998048  0.9998473  0.99990547 0.99958855 0.99979717 0.99982685
 0.9998599  0.99970907 0.99977404 0.9998969 ]
[0.999894   0.99987817 0.99981266 0.99977785 0.99981457 0.99988365
 0.99975544 0.9996954  0.9998609  0.9998271 ]
[0.9998499  0.999871   0.9998889  0.99978584 0.99983835 0.9998758
 0.9997677  0.99961483 0.9998202  0.9998367 ]
[0.99985325 0.99989617 0.99989164 0.99962294 0.9998647  0.9998385
 0.99988925 0.9998275  0.99986863 0.9997979 ]
[0.99977833 0.9999087  0.9999021  0.99974805 0.9997818  0.99986327
 0.99988794 0.99970585 0.9998343  0.9998141 ]
[0.9998876  0.99991095 0.9998815  0.9998036  0.9998982  0.9998747
 0.99989355 0.99975497 0.9998054  0.9998411 ]
[0.99990094 0.9998492  0.9998337  0.99976486 0.99983966 0.99988186
 0.9998374  0.9996276  0.999861   0.9997913 ]
[0.99986076 0.99989843 0.9998878  0.99973243 0.99983966 0.99985147
 0.99985266 0.99968517 0.9998573  0.9998062 ]
[0.9998004  0.99989307 0.9998338  0.9995946  0.99979407 0.99982786
 0.9997949  0.9996394  0.99981827 0.99985695]
[0.99981064 0.9999038  0.9998915  0.9997967  0.9998685  0.9998591
 0.99981886 0.9997199  0.99984586 0.9998666 ]
[0.99988437 0.9998043  0.9999038  0.99981207 0.9998838  0.9998493
 0.99979514 0.9997366  0.9998252  0.9998611 ]
[0.9999124  0.99988663 0.9999001  0.99973553 0.9998642  0.999889
 0.999864   0.9997795  0.9998863  0.99980015]
[0.9999052  0.9998585  0.99990284 0.9997652  0.9998617  0.99976593
 0.9998894  0.99958986 0.9997334  0.9998795 ]
[0.9998454  0.9998913  0.99986815 0.99958307 0.99976605 0.99979705
 0.9998454  0.9997702  0.9998093  0.9998061 ]
[0.99982446 0.9998692  0.9998264  0.9997739  0.99986696 0.99986136
 0.99979407 0.999813   0.99980515 0.99981064]
[0.9998778  0.9998678  0.99986935 0.9997801  0.999897   0.9997961
 0.99979514 0.9997224  0.9998017  0.99981135]
[0.9999119  0.9998498  0.9998553  0.99963844 0.99982244 0.99982303
 0.9998004  0.99977964 0.99983644 0.99977976]
[0.9999124  0.9998178  0.9998343  0.999728   0.9998652  0.9998165
 0.9999032  0.9995302  0.99982196 0.9997787 ]
[0.9998017  0.9998597  0.9998086  0.9997987  0.9998462  0.99985313
 0.999884   0.9997063  0.9997327  0.9998611 ]
[0.9998716  0.9999157  0.99991083 0.9996195  0.99982774 0.99989104
 0.999785   0.9997975  0.99978775 0.9998522 ]
[0.9998592  0.9999225  0.99987435 0.99982196 0.9998771  0.9998398
 0.99984705 0.9997918  0.99978393 0.99978894]
[0.99986243 0.9999012  0.9998722  0.999808   0.99982256 0.99984586
 0.99988794 0.99968433 0.9998542  0.99979943]
[0.9998553  0.9999161  0.9998609  0.99952745 0.99989784 0.99979454
 0.9998447  0.9997476  0.9998784  0.99987674]
[0.99981695 0.99988985 0.99984    0.9997918  0.9998299  0.9997905
 0.99988616 0.9997017  0.99979395 0.9998344 ]
[0.99986255 0.99986744 0.99988496 0.9997117  0.99984264 0.9998696
 0.99989045 0.99960405 0.99984396 0.9998479 ]
[0.99986684 0.99982834 0.9998665  0.9996136  0.99985933 0.9997948
 0.99977094 0.9997218  0.9997881  0.9998851 ]
[0.9998561  0.9999052  0.9998319  0.99970394 0.9997876  0.9997863
 0.9998123  0.9996178  0.99973255 0.9998838 ]
[0.99989283 0.9999013  0.99985063 0.99953544 0.99977154 0.99978906
 0.9998784  0.9995912  0.99977094 0.9997843 ]
[0.99989986 0.99981016 0.99986947 0.9998197  0.99981695 0.9997863
 0.99987805 0.99970776 0.99984086 0.9998822 ]
[0.9998529  0.9998864  0.99991107 0.99983037 0.99985576 0.99989164
 0.99975866 0.9998036  0.99975616 0.99978703]
[0.999882   0.9998728  0.99987745 0.99972314 0.9997919  0.9997832
 0.9998429  0.9997663  0.9998491  0.99975604]
[0.9998945  0.99983835 0.9998648  0.999647   0.9998454  0.999889
 0.999871   0.99977285 0.99975306 0.9997718 ]
[0.9998925  0.999814   0.999871   0.99982363 0.9998988  0.9998889
 0.99989927 0.9997118  0.9998636  0.99988914]
[0.99980956 0.9998241  0.9998641  0.99964154 0.99987507 0.9997886
 0.9998516  0.99961096 0.99988544 0.99979144]
[0.9998275  0.99988604 0.99983966 0.9997166  0.99987125 0.99984086
 0.9998627  0.9997886  0.9997813  0.999816  ]
[0.99985576 0.999859   0.9999168  0.99976915 0.9997706  0.9997981
 0.9997713  0.99968505 0.9997212  0.9998988 ]
[0.99985707 0.99980325 0.99985075 0.9997135  0.9998348  0.9998394
 0.99988306 0.99975497 0.9997967  0.99979824]
[0.9998252  0.99986327 0.9999031  0.9996376  0.9998771  0.99989295
 0.9998398  0.999569   0.99986255 0.99988616]
[0.9998535  0.9998623  0.99990284 0.99972016 0.9998951  0.9998702
 0.99989665 0.9994906  0.9997627  0.9997731 ]
[0.9998505  0.9998198  0.9998915  0.9996736  0.9998493  0.9998159
 0.9999043  0.9995685  0.99984694 0.9998242 ]
[0.9999021  0.9998815  0.99984384 0.9997551  0.99988353 0.9998184
 0.9998461  0.99976    0.99984133 0.99983275]
[0.99986625 0.9998977  0.9998561  0.99971503 0.999851   0.99976665
 0.99984014 0.9996953  0.9998777  0.99987173]
[0.9998785  0.9998981  0.9998354  0.9996786  0.9997801  0.9998623
 0.9998605  0.99976355 0.9997416  0.9998037 ]
[0.9998783  0.9998952  0.9998104  0.9996809  0.9997825  0.9998791
 0.99988353 0.9997626  0.9998381  0.999796  ]
[0.99980634 0.99987805 0.999859   0.99971575 0.9998636  0.9998122
 0.99986696 0.99969494 0.9998579  0.99979466]
[0.9998011  0.99991167 0.9998795  0.9996145  0.99987984 0.9998857
 0.99977237 0.9998306  0.999856   0.9998264 ]
[0.99991024 0.99984384 0.9998778  0.99960595 0.99981457 0.9997763
 0.99988925 0.99969745 0.99975485 0.9998586 ]
[0.999866   0.999902   0.9998697  0.9997923  0.9998933  0.9998104
 0.99984443 0.99968946 0.99983597 0.999845  ]
[0.99989057 0.99988115 0.99986315 0.9998227  0.99980074 0.9998659
 0.9998235  0.9997571  0.9998517  0.99986625]
[0.9997974  0.99990606 0.9998697  0.9997589  0.9998241  0.9998555
 0.99982774 0.99964345 0.9998568  0.99988806]
[0.99984014 0.9998808  0.9999057  0.99969137 0.9997918  0.99990034
 0.9998423  0.9998097  0.9997377  0.9997762 ]
[0.999796   0.9999094  0.99980074 0.9995233  0.9998435  0.99982566
 0.9998528  0.9996855  0.9997614  0.99988484]
[0.99979395 0.9998204  0.9998741  0.99977285 0.9998883  0.99984646
 0.99978083 0.99960965 0.9998648  0.9997702 ]
[0.99978644 0.99990773 0.9999062  0.9998254  0.9998381  0.9997911
 0.99989796 0.9997602  0.99976176 0.99986553]
[0.9998808  0.9998938  0.99987054 0.9997485  0.99987745 0.99988973
 0.9998846  0.9998128  0.9998294  0.9998343 ]
[0.9998807  0.9998789  0.99990284 0.9996524  0.9998548  0.99984515
 0.99988425 0.9997358  0.9997708  0.999859  ]
[0.9998275  0.9999038  0.99987173 0.9997632  0.9998921  0.999808
 0.99983776 0.9997831  0.99987686 0.99975926]
[0.99984384 0.9998049  0.99981946 0.99970394 0.99980074 0.99990094
 0.99983394 0.9998437  0.9997423  0.9998565 ]
[0.99991107 0.99991584 0.99989307 0.99972373 0.9998221  0.999899
 0.9998385  0.999655   0.9997503  0.99977773]
[0.99991155 0.99990654 0.9999006  0.9998274  0.9998636  0.99979347
 0.9998808  0.9997012  0.99985635 0.99985266]
[0.9998254  0.99983406 0.99986994 0.99981254 0.9998265  0.99982625
 0.99982244 0.99977046 0.9998024  0.99978226]
[0.9999031  0.99987936 0.99991345 0.999705   0.99984837 0.999793
 0.9997789  0.999765   0.9997706  0.999884  ]
[0.99986315 0.99985945 0.99987483 0.9997794  0.9998771  0.99979335
 0.9998863  0.9997998  0.9998332  0.9998024 ]
[0.9998833  0.9998129  0.99991095 0.9998516  0.9998784  0.9997763
 0.99978155 0.99975556 0.99978644 0.99978274]
[0.99979764 0.9998789  0.9998764  0.99961084 0.999874   0.9998945
 0.99987817 0.99973947 0.9998361  0.9998535 ]
[0.99988747 0.99984026 0.99990034 0.9996263  0.9998036  0.99987674
 0.9998965  0.9997687  0.9998154  0.99984455]
[0.99982363 0.99988604 0.9998753  0.9996414  0.9998629  0.9998405
 0.9998     0.9997609  0.9998447  0.99977106]
[0.9998585  0.9998902  0.99988914 0.9997962  0.9998473  0.999881
 0.99987257 0.9997515  0.9998185  0.9997962 ]
[0.9998642  0.9998473  0.99983025 0.9996426  0.99982184 0.9998023
 0.9998952  0.9996786  0.9998275  0.9998808 ]
[0.9997993  0.99986506 0.9998776  0.9997464  0.9998976  0.9998406
 0.9998356  0.9996872  0.9998678  0.9998461 ]
[0.99982256 0.999892   0.9998945  0.99977344 0.9998634  0.9997875
 0.99986124 0.99974173 0.9997855  0.9998852 ]
[0.999866   0.9999137  0.9999151  0.99962425 0.99989736 0.9998598
 0.9997868  0.99974245 0.9997254  0.9998801 ]
[0.99990046 0.9998958  0.9998809  0.9997297  0.9998677  0.9998233
 0.9998622  0.999726   0.9998172  0.99981254]
[0.99987876 0.99988484 0.99989474 0.99966836 0.99989974 0.99983656
 0.99987733 0.9997793  0.99987805 0.99984837]
[0.99990463 0.9998204  0.9998754  0.9998386  0.99979955 0.999795
 0.9998047  0.9997727  0.99983203 0.9998598 ]
[0.99983156 0.99983263 0.9998399  0.999775   0.9998722  0.9997826
 0.99980634 0.9997526  0.9997845  0.9998393 ]
[0.9998857  0.9998636  0.9998907  0.9998109  0.9998016  0.9998017
 0.99976593 0.99969983 0.9997986  0.99988437]
[0.9998196  0.99987304 0.9998729  0.9998153  0.99982053 0.99982053
 0.9998673  0.99963915 0.99982136 0.99987316]
[0.9998159  0.99986005 0.9998286  0.99968696 0.9999012  0.99985147
 0.9998746  0.9996463  0.9998715  0.99987805]
[0.99981636 0.99990404 0.9998795  0.999838   0.99977916 0.9998741
 0.9998311  0.9995857  0.99977225 0.99989796]
[0.99986637 0.99989915 0.9998056  0.9997737  0.9998498  0.9998665
 0.9998678  0.999676   0.9997695  0.99976534]
[0.99980086 0.9998846  0.9999043  0.9996824  0.99981564 0.99983084
 0.9998185  0.9997694  0.9997888  0.99988484]
[0.9998381  0.99986494 0.9998419  0.9998072  0.9998165  0.9998659
 0.99978536 0.9997546  0.99987805 0.9998319 ]
[0.9999064  0.9999138  0.99987817 0.9998481  0.99989605 0.9998147
 0.9997693  0.9996803  0.99976534 0.99984515]
[0.99989426 0.99981326 0.9998436  0.9997434  0.999869   0.99988997
 0.9998814  0.9998191  0.9997613  0.9998282 ]
[0.9999014  0.9998965  0.99984574 0.9997838  0.9997968  0.9998124
 0.9998957  0.99974066 0.9998362  0.999826  ]
