Mprobs for dataset sim1 (5)

[0.81792015 0.9998909  0.9998934  0.9998716  0.9997584  0.99980134
 0.88471746 0.9998429  0.99982625 0.99953616 0.99982625 0.9998926 ]
[0.84676313 0.999821   0.99984205 0.9998808  0.9996201  0.99981385
 0.8689571  0.99981683 0.999899   0.999795   0.99986553 0.99987423]
[0.7731489  0.9998267  0.9998852  0.9999144  0.9997774  0.99989474
 0.87855506 0.99983    0.9998222  0.99963045 0.9997782  0.9998265 ]
[0.8272514  0.9998332  0.99984324 0.99991095 0.99973685 0.9998827
 0.85557944 0.99977404 0.9998234  0.9997069  0.99976045 0.9998246 ]
[0.8409295  0.9997842  0.9998677  0.9998888  0.999754   0.9998294
 0.84875244 0.9998417  0.99975735 0.9995795  0.9998078  0.9997918 ]
[0.8464629  0.9999155  0.99984217 0.999905   0.9997867  0.9998505
 0.867658   0.99987066 0.99988747 0.9995178  0.999777   0.9998903 ]
[0.89523786 0.9998379  0.99986434 0.99986863 0.99978846 0.99989057
 0.85746276 0.99985003 0.99984956 0.99977034 0.9998307  0.9998047 ]
[0.83604914 0.99990046 0.9998827  0.9999151  0.9997962  0.99987996
 0.8286812  0.9998671  0.999808   0.9996351  0.99975544 0.99980694]
[0.89148784 0.99991083 0.9999107  0.9998141  0.9997148  0.9998925
 0.84285414 0.9998443  0.9998573  0.9997265  0.99971205 0.9998235 ]
[0.8819401  0.999894   0.99990857 0.99984443 0.9997416  0.99981636
 0.87133926 0.99986434 0.9997907  0.99948895 0.99985075 0.9998772 ]
[0.8404143  0.9998511  0.99987507 0.9998441  0.9996506  0.99985063
 0.88510066 0.9998336  0.9997583  0.99962497 0.999871   0.9997657 ]
[0.90038425 0.999863   0.99989307 0.99986064 0.99968433 0.99986005
 0.882998   0.99981886 0.9997998  0.9996729  0.99986947 0.99976736]
[0.8356113  0.9998801  0.9998882  0.999882   0.99977404 0.9997551
 0.8913454  0.9998091  0.99978775 0.99976665 0.9998822  0.99981886]
[0.7694136  0.9998037  0.99984634 0.99986374 0.99978286 0.99990106
 0.8741669  0.99980646 0.9997998  0.99964654 0.99971324 0.99985075]
[0.80791867 0.9998343  0.99984694 0.9998988  0.9998062  0.9998667
 0.8271037  0.99979097 0.9998951  0.99963677 0.9998288  0.99988675]
[0.8362837  0.9998541  0.99988675 0.999846   0.99957794 0.9998016
 0.86549264 0.9998271  0.9998696  0.9997199  0.99977726 0.99977595]
[0.90155214 0.9998267  0.9998734  0.99991417 0.9996158  0.9998597
 0.7996266  0.99986064 0.9998925  0.9997075  0.9998185  0.99982077]
[0.8925898  0.99984276 0.9998636  0.9998155  0.99958473 0.9997918
 0.8886469  0.99986637 0.9998449  0.9996107  0.9998561  0.9997887 ]
[0.82068956 0.99980587 0.99987125 0.999798   0.9997435  0.99989116
 0.31610525 0.90671235 0.9998534  0.99986744 0.9996401  0.9998055
 0.99988306]
[0.83572173 0.999866   0.99988735 0.999858   0.99973744 0.99983275
 0.8509423  0.9997862  0.99987817 0.999744   0.99967456 0.99981564]
[0.8441298  0.99988973 0.99990225 0.99987006 0.9997601  0.9998894
 0.8901143  0.99979204 0.9997658  0.9996375  0.99984896 0.99987745]
[0.85259813 0.9998981  0.99987745 0.9999151  0.99969184 0.99985707
 0.8912316  0.9998331  0.9998079  0.9995677  0.99974424 0.9998739 ]
[0.86587524 0.9998779  0.9998103  0.99988914 0.9996712  0.999859
 0.8351398  0.99976283 0.9998379  0.99968743 0.9997634  0.9997974 ]
[0.8995589  0.9998816  0.9998265  0.9998764  0.9997862  0.9998159
 0.8813926  0.9998946  0.99984765 0.9996438  0.99983346 0.99988353]
[0.7197185  0.9998586  0.9999138  0.99987674 0.99971694 0.9997844
 0.82222956 0.999899   0.99983895 0.9996991  0.9998485  0.99989545]
[0.8865703  0.99988055 0.99991906 0.99986243 0.9997398  0.9998306
 0.9053923  0.9998696  0.99982363 0.99976987 0.999814   0.9997805 ]
[0.87446517 0.9998797  0.9999018  0.9999114  0.9996939  0.9998703
 0.8397421  0.9997638  0.9997917  0.99968195 0.9998436  0.9997826 ]
[0.7291996  0.9999082  0.9998054  0.9998691  0.9995535  0.9998147
 0.8545102  0.99977547 0.9999001  0.9998247  0.9998369  0.99987376]
[0.90612274 0.9998666  0.99987817 0.99987113 0.99972814 0.9998958
 0.8346852  0.9998265  0.99989665 0.999553   0.99980956 0.99986196]
[0.8877768  0.99984825 0.9999012  0.9998988  0.9997042  0.9998467
 0.8371125  0.9997955  0.9997662  0.9996612  0.9998242  0.99987197]
[0.8018698  0.9998287  0.99988484 0.99981314 0.9997696  0.9998895
 0.8501667  0.9998845  0.99978286 0.99965143 0.9997855  0.99987257]
[0.84096634 0.99982435 0.9999069  0.9998254  0.9995906  0.9998522
 0.8561513  0.99985564 0.99981683 0.99954826 0.99984455 0.99987555]
[0.87835056 0.99982566 0.99990666 0.99990416 0.99953926 0.9998504
 0.86512077 0.9998565  0.99980587 0.99967563 0.9998815  0.9998646 ]
[0.8643628  0.99989283 0.99982494 0.9998437  0.9997013  0.99989474
 0.8608714  0.99988997 0.99975795 0.9996538  0.9997875  0.9998227 ]
[0.8257335  0.9998746  0.9998858  0.9998474  0.99981827 0.9998017
 0.8756936  0.9998915  0.9998362  0.99972063 0.999803   0.99984586]
[0.8585536  0.9998791  0.999913   0.9998803  0.9995969  0.99981207
 0.84461194 0.99980646 0.99981326 0.99975055 0.9997391  0.999892  ]
[0.81314737 0.9998292  0.9998379  0.9998709  0.9996425  0.99984956
 0.843087   0.9998012  0.99984086 0.99961025 0.9998104  0.9997938 ]
[0.85243404 0.9998938  0.9998172  0.9999076  0.9996619  0.99976844
 0.858416   0.9998642  0.9998883  0.99965024 0.9997892  0.9998042 ]
[0.8666391  0.999894   0.9998462  0.9998994  0.9997646  0.9998845
 0.83033425 0.9997863  0.99979967 0.99975175 0.99974865 0.9998485 ]
[0.88167596 0.9998822  0.99989414 0.99984336 0.99981576 0.9998354
 0.88514215 0.9997873  0.999869   0.99975544 0.99982136 0.9998777 ]
[0.8465324  0.99984634 0.9998915  0.9999032  0.9997434  0.9998161
 0.905776   0.99989104 0.99988854 0.9996865  0.9998764  0.9997924 ]
[0.8531696  0.9998654  0.999877   0.99981624 0.9998111  0.9997956
 0.880024   0.9998559  0.99984884 0.99975914 0.9998461  0.9998565 ]
[0.8694162  0.9998629  0.9998086  0.999795   0.9997831  0.99980253
 0.9046553  0.99986565 0.9998771  0.99974495 0.99985516 0.9998945 ]
[0.86142117 0.9998778  0.99988353 0.99980086 0.9996697  0.9997913
 0.8711497  0.9997764  0.99979144 0.9997042  0.9997279  0.9997893 ]
[0.86892956 0.9998729  0.99985135 0.99983954 0.9997712  0.9998486
 0.7998688  0.999833   0.9997763  0.9995061  0.99985933 0.9997713 ]
[0.8504969  0.9998442  0.9998981  0.9998555  0.9997943  0.99984825
 0.83694136 0.9998043  0.9997577  0.99974245 0.99973005 0.9998702 ]
[0.90345114 0.99987316 0.9998336  0.9998549  0.99967265 0.9998621
 0.8557176  0.9998516  0.9998517  0.99977344 0.99979895 0.9998698 ]
[0.8350184  0.99987733 0.9998186  0.99979633 0.99970573 0.99989665
 0.8974357  0.99984515 0.99989164 0.9995702  0.99985135 0.9998896 ]
[0.8663496  0.99987745 0.9998827  0.9998851  0.999795   0.9998783
 0.87307507 0.999811   0.99978024 0.9996866  0.9998338  0.9998908 ]
[0.83485234 0.99984026 0.9998554  0.99984956 0.9996624  0.99977475
 0.8687726  0.9998901  0.99980336 0.9995777  0.99979824 0.99983275]
[0.8673982  0.9998103  0.99988496 0.99987257 0.99975044 0.9998217
 0.877068   0.99989736 0.9998404  0.9997173  0.99982446 0.9998952 ]
[0.84401256 0.9998964  0.99987817 0.999899   0.9997466  0.9998975
 0.86089754 0.9998709  0.9997478  0.99955887 0.99987805 0.99988294]
[0.8799079  0.99982435 0.9998901  0.9998877  0.9997583  0.99987876
 0.7985579  0.99985135 0.999856   0.9995951  0.99979526 0.99986124]
[0.8427201  0.99982387 0.99979895 0.9998596  0.99967444 0.99979216
 0.8664143  0.9998729  0.99985564 0.9997974  0.99977726 0.99986506]
[0.8814293  0.9997925  0.9998944  0.9998597  0.9996068  0.9998869
 0.8846249  0.9997708  0.99979883 0.9995665  0.99975103 0.9997788 ]
[0.8634234  0.99984777 0.99983    0.99981314 0.9997811  0.9997894
 0.8593161  0.9998216  0.9998939  0.9996087  0.99986804 0.99982554]
[0.81569713 0.9998455  0.99987817 0.9998419  0.99970657 0.9998871
 0.84985375 0.999881   0.99980265 0.9996617  0.9998895  0.99985373]
[0.8784322  0.9998714  0.99987507 0.99990785 0.99968255 0.99983776
 0.8620818  0.9998085  0.9998839  0.99967146 0.9997725  0.9997832 ]
[0.8778215  0.99990535 0.9998259  0.9999026  0.99973375 0.99977773
 0.86091316 0.9998056  0.9998288  0.9996164  0.99976605 0.9997763 ]
[0.85499644 0.9999018  0.99986565 0.9998048  0.99960274 0.99988496
 0.8214228  0.99979323 0.99986756 0.99978095 0.999818   0.9998406 ]
[0.8301399  0.9997956  0.9998872  0.99987423 0.9997658  0.99977297
 0.8212123  0.99985063 0.9997625  0.9996007  0.9998677  0.9998958 ]
[0.8518755  0.9998209  0.9998913  0.9998603  0.99978405 0.99978894
 0.8217759  0.99984777 0.9998504  0.99980646 0.99977034 0.99987435]
[0.83479404 0.9998698  0.9998161  0.99990976 0.99966    0.9997842
 0.89413905 0.99986637 0.9998907  0.999446   0.999754   0.9997831 ]
[0.892065   0.9998524  0.99986124 0.9998771  0.9997948  0.99988985
 0.8540187  0.99985063 0.999894   0.9996532  0.9998746  0.99989355]
[0.8668126  0.9998425  0.9998246  0.9999063  0.99965465 0.9998085
 0.87447584 0.9998696  0.9998086  0.99972373 0.9998797  0.9998584 ]
[0.8568784  0.99982315 0.99986136 0.99982065 0.9995297  0.9997813
 0.8471061  0.99978966 0.99986434 0.99959916 0.9997527  0.9998363 ]
[0.8515501  0.99980646 0.9998822  0.99988556 0.9996414  0.99983
 0.84454304 0.99981946 0.9997547  0.9997496  0.9998227  0.99987125]
[0.87021434 0.9998987  0.9999155  0.9998789  0.9997733  0.99984217
 0.88766533 0.9998847  0.9997538  0.99970895 0.99978155 0.99989223]
[0.81322366 0.9998568  0.9997894  0.99985564 0.99957067 0.99989223
 0.8808694  0.9998598  0.9997563  0.9997644  0.99982697 0.99984074]
[0.84309036 0.9998405  0.9999132  0.9998455  0.99960023 0.99987495
 0.86008424 0.99977225 0.99974614 0.9994673  0.99976784 0.9998454 ]
[0.86013204 0.99981254 0.9998964  0.999907   0.9995728  0.99988866
 0.8672023  0.9998043  0.99977344 0.99979013 0.999851   0.99979776]
[0.82904845 0.9998259  0.9999045  0.9999112  0.99968743 0.9998846
 0.86669683 0.99977154 0.999859   0.99973863 0.9997974  0.9998512 ]
[0.8865444  0.9998932  0.9999155  0.9998987  0.99960893 0.99985015
 0.892742   0.9997756  0.9998104  0.9996582  0.99977547 0.9997936 ]
[0.85806656 0.9997975  0.9999112  0.99985075 0.99976605 0.9998084
 0.8533551  0.9998011  0.99984753 0.9996282  0.9998541  0.9997764 ]
[0.89197373 0.9998086  0.9998011  0.9998375  0.9996855  0.99983954
 0.84344184 0.9998759  0.9998816  0.99956864 0.99981827 0.99976283]
[0.86292255 0.99987316 0.9998518  0.9998292  0.9995353  0.99976796
 0.88780814 0.99984753 0.9998412  0.99971217 0.99984586 0.99982893]
[0.8389645  0.9999052  0.9998411  0.99990356 0.99968505 0.9997688
 0.86053175 0.99981195 0.9997943  0.99961036 0.99979645 0.99984014]
[0.87821615 0.99983144 0.999846   0.9998692  0.9997578  0.9998079
 0.8694989  0.9998592  0.99983585 0.9997236  0.99986815 0.99977833]
[0.8412156  0.9998368  0.99988043 0.99982053 0.9996356  0.9998907
 0.86534995 0.99985826 0.9997621  0.9996099  0.99983263 0.99989843]
[0.8292468  0.99983203 0.9999001  0.9998318  0.9996012  0.9998374
 0.8452458  0.999859   0.9998833  0.9997223  0.9998647  0.99987555]
[0.84821373 0.9998598  0.99990404 0.9998055  0.9997905  0.9998288
 0.8407372  0.99984753 0.9998882  0.9996573  0.99980515 0.9998129 ]
[0.8618279  0.99982387 0.9998789  0.9999027  0.99980325 0.9997844
 0.8625872  0.999818   0.99980694 0.999503   0.99985456 0.9998192 ]
[0.88485205 0.9998386  0.99988055 0.99985266 0.9997329  0.9998671
 0.8710564  0.999876   0.9997856  0.9995333  0.99978215 0.99979883]
[0.8127662  0.9998498  0.99987113 0.99987996 0.99973613 0.9999001
 0.8791662  0.99981004 0.99982303 0.9998067  0.9998246  0.9998042 ]
[0.86239654 0.9998679  0.9998079  0.999882   0.9997547  0.99990225
 0.87599474 0.99983776 0.99983037 0.9997125  0.9998579  0.999899  ]
[0.809883   0.999835   0.999811   0.99984217 0.9995857  0.9998468
 0.8652683  0.9998305  0.99979883 0.9996873  0.9997818  0.9998528 ]
[0.8603131  0.9998324  0.9999094  0.99989355 0.9995679  0.9997882
 0.8963843  0.9999045  0.9998646  0.99960166 0.99973875 0.9998149 ]
[0.81603533 0.99982256 0.9998907  0.9998241  0.9997197  0.9998006
 0.8529211  0.9998878  0.99987495 0.9996586  0.9998746  0.99988127]
[0.8631516  0.99983096 0.99985695 0.99989974 0.99955267 0.9998921
 0.8356824  0.99986935 0.99986804 0.99967265 0.9997758  0.99989295]
[0.8772118  0.9998605  0.99981695 0.9998319  0.9996997  0.999866
 0.87181526 0.99983597 0.999869   0.9995869  0.9997814  0.9998503 ]
[0.8485868  0.99986184 0.99987435 0.99987733 0.9997681  0.99990475
 0.88671637 0.9998586  0.99985504 0.9996506  0.9998549  0.99985135]
[0.8506604  0.99988294 0.99991095 0.99985826 0.9997459  0.9997894
 0.88372517 0.9998172  0.9998579  0.99970394 0.9997334  0.9998523 ]
[0.8234605  0.9999107  0.99991035 0.9998313  0.9997216  0.99988055
 0.88400656 0.9997892  0.9998857  0.99964905 0.9998344  0.9997826 ]
[0.88085514 0.99984634 0.999876   0.99984    0.99968874 0.99985564
 0.8721807  0.99988866 0.9998729  0.9996686  0.9998474  0.99984896]
[0.8482034  0.9998627  0.9998196  0.9999175  0.99973184 0.99977547
 0.8604767  0.99987173 0.9998411  0.99980086 0.99976104 0.9997899 ]
[0.8768331  0.99987423 0.99982256 0.999889   0.9997186  0.9998534
 0.8574343  0.9998466  0.9998703  0.9996118  0.99985623 0.9998703 ]
[0.84195954 0.9998971  0.9998248  0.99989545 0.9997371  0.99988747
 0.35603055 0.8614394  0.9997836  0.9998449  0.99953985 0.9998609
 0.9997762 ]
[0.84068155 0.9998529  0.99990773 0.9998344  0.99974555 0.9998511
 0.8344484  0.9997762  0.9997962  0.99959105 0.99984586 0.9998142 ]
