Mprobs for dataset sim1 (0.01)

[0.99982846 0.99983203 0.9998801  0.9995871  0.99978405 0.9998598
 0.99981254 0.9996439  0.9998441  0.999783  ]
[0.9998895  0.9998299  0.99981695 0.9996972  0.9998568  0.999879
 0.9998561  0.99966264 0.99986243 0.99978036]
[0.99987376 0.9999114  0.99985945 0.99979204 0.9998876  0.9998902
 0.99988544 0.99971277 0.9997614  0.9998858 ]
[0.99991417 0.99984586 0.9998186  0.9997352  0.9998111  0.99985945
 0.9998424  0.99979514 0.99985194 0.99990046]
[0.999845   0.9998684  0.9998529  0.99983966 0.9998287  0.9998838
 0.99985194 0.9997048  0.99985623 0.9999062 ]
[0.9998896  0.9998041  0.99984276 0.99975497 0.9998759  0.9997693
 0.99985135 0.9995486  0.99987304 0.9998772 ]
[0.99986315 0.9999124  0.9998914  0.999716   0.99984324 0.9997762
 0.9997645  0.9997019  0.9998325  0.99987257]
[0.9998338  0.9998927  0.99981385 0.9997658  0.99984276 0.9998479
 0.9998436  0.99967706 0.9997286  0.9998498 ]
[0.9998758  0.9998429  0.99984086 0.99975675 0.9998474  0.9998416
 0.99984896 0.999683   0.9998679  0.99985087]
[0.9997973  0.9998293  0.99989843 0.99978274 0.999803   0.9998286
 0.9998894  0.99980515 0.9998809  0.9998332 ]
[0.9998584  0.99989665 0.9998661  0.99977714 0.9998642  0.9998795
 0.99986744 0.9997627  0.99974436 0.9997973 ]
[0.99988747 0.99987113 0.99990666 0.99978155 0.9998192  0.99977905
 0.9998068  0.99966264 0.99986064 0.9998198 ]
[0.99991035 0.99986506 0.9998915  0.99961615 0.9999033  0.9998348
 0.9998908  0.99976856 0.99987304 0.99975806]
[0.9998827  0.99983513 0.9998821  0.9997886  0.99988973 0.9998349
 0.99988425 0.99981004 0.9998325  0.99988127]
[0.9998104 0.9998241 0.9998653 0.999729  0.9997856 0.9997807 0.9998803
 0.9997675 0.9997594 0.9998273]
[0.99984336 0.9998105  0.9998461  0.9997893  0.99977416 0.9998921
 0.99977237 0.99968076 0.9998324  0.99988675]
[0.999894   0.9998547  0.99990904 0.9996668  0.9998834  0.9998198
 0.9998584  0.99976677 0.99975103 0.9998851 ]
[0.9998516 0.9998716 0.9998852 0.9998148 0.9998485 0.9998534 0.9998878
 0.9997875 0.9998274 0.9997745]
[0.99984264 0.9999113  0.99990463 0.9997429  0.9998012  0.99987555
 0.9997774  0.9998281  0.99985623 0.9997842 ]
[0.9998865  0.99984217 0.9999033  0.9998462  0.9998629  0.99983704
 0.9998648  0.99980205 0.99982065 0.9998292 ]
[0.9998938  0.99987984 0.9999089  0.9996092  0.9998779  0.9998135
 0.99981636 0.9997018  0.99987316 0.9998714 ]
[0.99987066 0.9998093  0.9998661  0.9998342  0.99979156 0.99976414
 0.9997757  0.9996761  0.9998753  0.99985754]
[0.99987674 0.9998503  0.9998216  0.9997453  0.99980766 0.9998764
 0.9998394  0.9998246  0.99979335 0.9998729 ]
[0.99984145 0.9998833  0.999908   0.9996604  0.9998745  0.99982786
 0.9998405  0.99983275 0.99982375 0.9998933 ]
[0.99979836 0.9998667  0.99981254 0.99972767 0.9997968  0.99978024
 0.9998042  0.9998186  0.9998623  0.9997769 ]
[0.99984217 0.9998517  0.9998155  0.9998067  0.99980193 0.9997831
 0.9998858  0.99980694 0.9997845  0.9998838 ]
[0.99990916 0.99987125 0.9999113  0.99949527 0.999882   0.99989533
 0.9997918  0.99969363 0.9997999  0.9998592 ]
[0.9998136  0.9998047  0.9998411  0.9996586  0.99983287 0.999889
 0.99989736 0.99985385 0.99978    0.99979347]
[0.9998136  0.99990153 0.999856   0.99975246 0.99989295 0.9998442
 0.99982613 0.9996568  0.9998636  0.9998603 ]
[0.99984384 0.9999069  0.9998946  0.9998323  0.9998704  0.99982905
 0.99976987 0.9997259  0.99974006 0.9997998 ]
[0.99983525 0.99981564 0.9998776  0.9997502  0.99989927 0.99977046
 0.9997876  0.99969876 0.9998123  0.999895  ]
[0.9998791  0.99980813 0.99986136 0.99968815 0.9998005  0.9998241
 0.9998853  0.9996282  0.99984574 0.9998543 ]
[0.9997867  0.9999026  0.99986434 0.99981135 0.99986005 0.9997893
 0.99989474 0.9997905  0.9997389  0.99989307]
[0.9998901  0.99991286 0.9999114  0.99974114 0.99987626 0.9998375
 0.999801   0.999688   0.9997733  0.9998036 ]
[0.9998271  0.99987936 0.999884   0.9997067  0.9998902  0.9998603
 0.9998679  0.9997198  0.99986565 0.99978024]
[0.99979264 0.9998491  0.99990356 0.99971014 0.9998598  0.99986684
 0.9998615  0.99973124 0.999747   0.9998233 ]
[0.99980575 0.9998258  0.99984384 0.99956673 0.99978834 0.99987924
 0.99978334 0.99963653 0.9997403  0.9998117 ]
[0.99984896 0.9998807  0.99986315 0.99979514 0.9998871  0.9998796
 0.99984586 0.99967504 0.99983144 0.9998561 ]
[0.99982256 0.9998677  0.9999056  0.99972135 0.99989843 0.9998772
 0.99983466 0.99976116 0.99983275 0.9998559 ]
[0.9997985  0.9998888  0.9998535  0.9998079  0.99990547 0.9999056
 0.9997898  0.9995491  0.99985373 0.9998779 ]
[0.9998431  0.999813   0.9998363  0.99961495 0.99981564 0.99979347
 0.9998796  0.999813   0.9998536  0.99981123]
[0.9998907  0.9998889  0.9998498  0.99982196 0.99986935 0.9998648
 0.99981385 0.99975604 0.99987066 0.9997813 ]
[0.9999006  0.9998161  0.9998416  0.9996445  0.99987054 0.9998436
 0.9997745  0.99974996 0.9998522  0.9997768 ]
[0.99982834 0.99992514 0.999899   0.9997625  0.9998555  0.99978465
 0.99978894 0.9997559  0.9998093  0.99978656]
[0.99984705 0.9998535  0.9999088  0.99978775 0.99987173 0.9998826
 0.9998405  0.9998117  0.9997627  0.9998354 ]
[0.99986935 0.9998288  0.99982774 0.9997929  0.99979776 0.99983835
 0.99986446 0.9996743  0.999861   0.99977297]
[0.99985933 0.99986017 0.9998149  0.9996234  0.9997968  0.99978775
 0.9997577  0.99980325 0.99975497 0.9998746 ]
[0.9998727  0.99982685 0.9999144  0.99957687 0.9998764  0.9998124
 0.99987423 0.9996908  0.9997009  0.99986494]
[0.99986506 0.99980575 0.9998994  0.9998491  0.99989605 0.999897
 0.9998578  0.9997745  0.9998646  0.9997793 ]
[0.99987924 0.99989736 0.99989223 0.99981755 0.9998965  0.99979466
 0.99989927 0.99975723 0.99984324 0.99980146]
[0.99981326 0.99981886 0.99988616 0.9996189  0.99983346 0.9998616
 0.999895   0.9997303  0.99977845 0.9998211 ]
[0.9998789  0.9998419  0.99990535 0.99971825 0.9997837  0.999782
 0.99986565 0.99972576 0.99989116 0.9998419 ]
[0.9998048  0.9999157  0.9998048  0.9996631  0.9998691  0.99982905
 0.99978155 0.99973315 0.9997775  0.9997589 ]
[0.9998159  0.999908   0.9998424  0.99965036 0.99988866 0.9998215
 0.9998667  0.99942964 0.9997676  0.9998    ]
[0.9998776  0.9998673  0.9998888  0.9997322  0.99976987 0.99985075
 0.99989414 0.99964356 0.9998435  0.99981135]
[0.9999049  0.9999076  0.9998871  0.9997681  0.9998765  0.999892
 0.9998853  0.9997584  0.99983275 0.9998317 ]
[0.9998473  0.99988675 0.99981314 0.9998307  0.9998797  0.9998971
 0.99987996 0.9997726  0.9997441  0.9998166 ]
[0.99986637 0.9998934  0.99987125 0.99980325 0.9998196  0.9999001
 0.9998623  0.9997602  0.9998872  0.99989367]
[0.99989784 0.99986875 0.9998838  0.9997836  0.99988055 0.9998363
 0.99981576 0.99975365 0.99984205 0.9998149 ]
[0.99984765 0.9998149  0.999818   0.99977034 0.99987316 0.9998017
 0.9998671  0.99981135 0.99985266 0.9997931 ]
[0.9999049  0.99983585 0.99989974 0.9998056  0.9997894  0.9998666
 0.9997913  0.9996964  0.9998035  0.99983084]
[0.9998116  0.9998665  0.9998665  0.99973756 0.9998233  0.9998111
 0.99987555 0.99982554 0.9998012  0.99985135]
[0.99980205 0.9998418  0.99988747 0.9998381  0.9999037  0.9997609
 0.99983    0.99973434 0.9997857  0.99989045]
[0.99985564 0.99988616 0.99985385 0.9998111  0.99986124 0.9998197
 0.99984324 0.99979216 0.99978846 0.99987185]
[0.99986994 0.99986887 0.99988854 0.9998086  0.9998572  0.99988496
 0.99976915 0.999833   0.99979657 0.99978286]
[0.9997845  0.9998512  0.9998758  0.9997569  0.9998778  0.99981207
 0.99978536 0.99984205 0.9997919  0.9998801 ]
[0.999861   0.99990785 0.99989784 0.99979    0.999884   0.99977106
 0.9998252  0.99971825 0.9998254  0.9998802 ]
[0.9998963  0.9998803  0.9998797  0.9996414  0.9998281  0.99976784
 0.9998853  0.99969864 0.9998882  0.99990094]
[0.99985874 0.9998085  0.99987566 0.9998055  0.9998704  0.9998946
 0.9997576  0.9998042  0.9998074  0.9997733 ]
[0.99988925 0.9998878  0.999835   0.9997634  0.99989915 0.99977964
 0.9998167  0.99967194 0.99985707 0.9998442 ]
[0.999887   0.99984527 0.9998198  0.9997526  0.9998023  0.99986684
 0.99982965 0.9998227  0.99985015 0.99985814]
[0.9998821  0.99984336 0.99989676 0.99958843 0.9998983  0.999897
 0.9997943  0.9997656  0.99984527 0.9997974 ]
[0.99980503 0.9999064  0.9999083  0.99975914 0.9998567  0.9998584
 0.9998115  0.9997327  0.9998553  0.99987614]
[0.99990976 0.9998822  0.99987316 0.99980026 0.99978834 0.9998778
 0.9998129  0.99963427 0.99987054 0.9997907 ]
[0.99980813 0.9998853  0.9998192  0.99979585 0.99988616 0.99987805
 0.9998877  0.9998023  0.9997962  0.9998847 ]
[0.9998204  0.99989295 0.99987066 0.9997423  0.9997527  0.99979764
 0.9997836  0.9998178  0.9998085  0.99987864]
[0.99980384 0.99989617 0.99984765 0.9996518  0.9998665  0.9998367
 0.999902   0.99968696 0.99986994 0.9998975 ]
[0.99990094 0.9998454  0.9998266  0.99983275 0.9998807  0.9998847
 0.9998306  0.999777   0.9997993  0.9998203 ]
[0.99987197 0.99987566 0.99988496 0.9996939  0.99981004 0.9998592
 0.9998764  0.9996706  0.99989057 0.999884  ]
[0.99987376 0.9999099  0.9998305  0.9995832  0.9998981  0.9997831
 0.99987483 0.9997857  0.99987257 0.99976665]
[0.9998486  0.99991083 0.99980766 0.99972135 0.9998808  0.9997776
 0.9998091  0.99981445 0.99987257 0.9998055 ]
[0.99988437 0.9998586  0.99981946 0.9998191  0.9999012  0.999795
 0.99982053 0.9996642  0.9997845  0.9998037 ]
[0.99978083 0.99990594 0.99988735 0.99962044 0.9998388  0.99982953
 0.9998305  0.99967813 0.9998424  0.9998178 ]
[0.9998319  0.99991167 0.99988496 0.9997831  0.9998733  0.9997675
 0.999897   0.99972385 0.9998385  0.9998264 ]
[0.99991167 0.99983895 0.9998716  0.99975806 0.9998085  0.9998816
 0.9998652  0.9997831  0.99976975 0.99982363]
[0.99981564 0.99982953 0.9997837  0.99959093 0.99987376 0.99979264
 0.9997863  0.999803   0.999864   0.9997663 ]
[0.9998864  0.99986196 0.99984    0.99973446 0.9998529  0.9997992
 0.9998356  0.999826   0.99983466 0.99978215]
[0.9998136  0.9998692  0.9998499  0.99969316 0.9998652  0.9997861
 0.99980587 0.99982435 0.9998386  0.999851  ]
[0.9999112  0.9998927  0.99983597 0.99974877 0.99982387 0.99988806
 0.9998109  0.99973553 0.9998883  0.99978787]
[0.99985933 0.9998994  0.9998586  0.9998022  0.9999038  0.9998357
 0.99986184 0.9996861  0.9998455  0.99983895]
[0.9998481  0.9998994  0.99988985 0.9997607  0.99983037 0.9998869
 0.9998399  0.9996948  0.9998723  0.99987805]
[0.99978787 0.9998234  0.9998184  0.99981683 0.99986756 0.99983466
 0.999816   0.99971515 0.9998442  0.9998728 ]
[0.9998498  0.9999069  0.9998217  0.9996117  0.9998553  0.9998161
 0.9998808  0.9998338  0.99977607 0.99982446]
[0.9998864  0.9998944  0.9999064  0.9996026  0.99989855 0.99978644
 0.9998342  0.99979085 0.9998486  0.99981683]
[0.99982077 0.99989486 0.9998776  0.9998381  0.9998573  0.99981326
 0.9998914  0.9997242  0.99976665 0.9998554 ]
[0.9998641  0.99981517 0.99991405 0.99960583 0.999767   0.9998808
 0.99983764 0.9998005  0.9998555  0.9998266 ]
[0.9999018  0.9998529  0.9998654  0.9997497  0.9998055  0.9998047
 0.99976987 0.99982435 0.9998591  0.99985516]
[0.99990046 0.9998982  0.9999064  0.9996971  0.9998253  0.99988866
 0.99985754 0.9996817  0.99981195 0.99981254]
[0.99983406 0.9998487  0.99987996 0.99961877 0.9997787  0.9998184
 0.9998134  0.99985003 0.99985695 0.999835  ]
[0.9997867  0.9998252  0.999887   0.99977463 0.9998685  0.99981123
 0.9997981  0.99977547 0.9998871  0.9997913 ]
