Mprobs for dataset sim1 (25)

[0.9868298  0.75345427 0.99985933 0.9998975  0.99986863 0.9993243
 0.9998447  0.9873603  0.99699056 0.33170354 0.9997348  0.99985194
 0.99942976 0.9997583  0.9998318 ]
[0.989565   0.6938141  0.999866   0.9998784  0.99981076 0.99941885
 0.99976164 0.98717916 0.9958853  0.9998646  0.99984884 0.99911505
 0.9998354  0.99981576]
[0.9925794  0.6927732  0.9998816  0.9998957  0.999819   0.99962926
 0.9998217  0.9919956  0.9945791  0.33946797 0.999744   0.9998728
 0.9992551  0.99971277 0.9998808 ]
[0.9890093  0.8114407  0.99982697 0.9998623  0.9998349  0.99959356
 0.99986947 0.98568183 0.99608046 0.9998754  0.9997985  0.9994374
 0.9996916  0.9997733 ]
[0.9889116  0.6063713  0.99989915 0.99987996 0.9998702  0.999566
 0.9998338  0.9907132  0.9966275  0.37463987 0.9998223  0.9997527
 0.99958426 0.999724   0.99989676]
[0.9913037  0.7147265  0.9998274  0.9998466  0.99988616 0.99966013
 0.99984527 0.97394073 0.9957568  0.9997744  0.9998122  0.9994554
 0.99978846 0.9997768 ]
[0.9901266  0.74887    0.99979454 0.99988043 0.99987006 0.99947435
 0.99977475 0.9848903  0.99697185 0.3285945  0.99986124 0.9998246
 0.99920243 0.9997086  0.99979013]
[0.9933478  0.7675171  0.9998988  0.999908   0.9998416  0.9992261
 0.9997675  0.9892536  0.99448276 0.3667897  0.9997962  0.99979454
 0.9996369  0.9998524  0.99987864]
[0.9860681  0.8048572  0.99979347 0.9998989  0.9998876  0.99943656
 0.9998746  0.9898189  0.9929588  0.9998369  0.99987876 0.9997117
 0.9997919  0.99987054]
[0.98997784 0.6964322  0.99987626 0.9998666  0.9998292  0.9994542
 0.9997681  0.982927   0.9971118  0.9998344  0.9997917  0.9994479
 0.9997396  0.99979323]
[0.9925224  0.7739941  0.99989784 0.999877   0.9999025  0.9997092
 0.99978775 0.988786   0.99760675 0.3453763  0.99979    0.9998367
 0.9993656  0.9997594  0.99983096]
[0.9900871  0.69001865 0.9998429  0.9998572  0.99981815 0.99961483
 0.9998275  0.9797642  0.9944938  0.36559042 0.99984145 0.9998165
 0.9992192  0.9997429  0.9998733 ]
[0.9883731  0.78409225 0.9998523  0.99989057 0.9998776  0.9995926
 0.99985325 0.9881023  0.99736196 0.99981695 0.999813   0.99941003
 0.99983275 0.99986875]
[0.99038553 0.67940956 0.9998399  0.9998876  0.999877   0.9994123
 0.9997936  0.98595756 0.9964342  0.3599313  0.9998815  0.9998559
 0.9994578  0.9997322  0.9998901 ]
[0.9890854  0.7234571  0.9998491  0.99990785 0.99989223 0.9993111
 0.9998198  0.98863095 0.995971   0.44977674 0.9998578  0.9998154
 0.9992768  0.9997228  0.99982685]
[0.987048   0.6398244  0.9998685  0.99978465 0.9998878  0.99943286
 0.99986327 0.99077976 0.9969777  0.9997739  0.9998543  0.99927014
 0.9997825  0.99976605]
[0.992366   0.6894908  0.9998111  0.99984014 0.9998197  0.9994567
 0.99987316 0.9873279  0.9962787  0.3180467  0.9997975  0.9998838
 0.9996517  0.99969995 0.9997719 ]
[0.98828065 0.67352164 0.99977106 0.99984753 0.9998386  0.99949336
 0.9998016  0.9852486  0.9935155  0.9998173  0.999835   0.99933654
 0.99980754 0.9998155 ]
[0.98712766 0.7817285  0.9997714  0.9998977  0.9998671  0.9994611
 0.99985135 0.9896741  0.9941273  0.40177774 0.9998323  0.9998518
 0.99944025 0.9997347  0.99988556]
[0.9932468  0.62511057 0.99978477 0.999876   0.999813   0.9995079
 0.9998467  0.9813265  0.99426264 0.9998826  0.9997862  0.9992718
 0.9998387  0.99981326]
[0.9943104  0.7565173  0.9998209  0.9998864  0.9999058  0.9996314
 0.99981266 0.9808967  0.9972161  0.47464806 0.9998017  0.9997913
 0.9994649  0.99974865 0.9998882 ]
[0.9925625  0.7398889  0.9998393  0.99981683 0.99983954 0.99950933
 0.99976736 0.98226786 0.99440515 0.33861467 0.9998853  0.9997403
 0.99920887 0.9997354  0.9998809 ]
[0.98646253 0.7971444  0.9998822  0.99989116 0.9999087  0.9994524
 0.9998758  0.9870432  0.99632937 0.99978584 0.9997732  0.9994624
 0.9997564  0.99987876]
[0.98874414 0.84890455 0.99988186 0.99990094 0.9998473  0.99940753
 0.9997938  0.98551327 0.994557   0.99985194 0.9998785  0.9995461
 0.9998411  0.9998466 ]
[0.98779595 0.7240408  0.99978346 0.9999006  0.9998447  0.9995789
 0.9998091  0.9863798  0.9968209  0.99986446 0.9998578  0.99966085
 0.9998066  0.9997918 ]
[0.98965794 0.78463626 0.99983585 0.9998398  0.99983096 0.99944025
 0.9998597  0.9767899  0.9945815  0.9998771  0.9998579  0.9994647
 0.99982315 0.9997727 ]
[0.9894002  0.80179244 0.99985933 0.9998958  0.9997954  0.9995989
 0.9998356  0.98506564 0.99312085 0.34677905 0.9998512  0.9998325
 0.9995906  0.9997725  0.99983096]
[0.99060553 0.6849554  0.99981457 0.9998325  0.9998872  0.99950135
 0.9998567  0.9866436  0.99369144 0.3279285  0.9998528  0.9997471
 0.9996425  0.9998578  0.9998764 ]
[0.98896    0.7571148  0.9998903  0.99989164 0.9998142  0.99966526
 0.99988544 0.9807365  0.995074   0.9998504  0.99972147 0.99925286
 0.99974877 0.99987674]
[0.9886929  0.6030896  0.99985504 0.9998361  0.9998548  0.9994954
 0.9997526  0.9843858  0.99586594 0.999816   0.9998864  0.99925345
 0.9998541  0.99976784]
[0.99013793 0.74062693 0.99985313 0.9999099  0.9998696  0.9995709
 0.9998017  0.984728   0.9960115  0.31607047 0.99975353 0.9998281
 0.99942905 0.9998153  0.9998728 ]
[0.98308176 0.70711416 0.99982315 0.99983776 0.99983656 0.99951684
 0.9998154  0.9829334  0.99512947 0.39852804 0.99985254 0.9997515
 0.99940336 0.99971336 0.99989367]
[0.98979    0.775761   0.99985504 0.9998857  0.99990547 0.9996495
 0.9998031  0.98661774 0.9945009  0.99983895 0.9998642  0.999387
 0.99971527 0.999788  ]
[0.9889938  0.8094468  0.99979156 0.99987376 0.9998191  0.9995573
 0.9997714  0.9813286  0.994079   0.4070363  0.99984133 0.9998566
 0.9994524  0.9997615  0.99976987]
[0.9879248  0.72795933 0.9998665  0.9999008  0.9997867  0.99931455
 0.99984133 0.982556   0.9955674  0.9998356  0.9998568  0.9995559
 0.999688   0.99977607]
[0.9906934  0.70424247 0.9998098  0.99980134 0.99988616 0.99959034
 0.99983215 0.9863739  0.9964309  0.3624025  0.9998273  0.9998876
 0.9995938  0.9997353  0.9998104 ]
[0.991532   0.71586293 0.9998229  0.99990547 0.9998381  0.99966335
 0.9997465  0.9809363  0.995447   0.99983716 0.9997907  0.9993351
 0.9998704  0.99979633]
[0.99371076 0.6773884  0.99979144 0.99983466 0.99991345 0.9993992
 0.9997546  0.985786   0.9952793  0.9997782  0.9997482  0.99925214
 0.99966455 0.99979347]
[0.99155784 0.71439606 0.99987125 0.9998211  0.99980944 0.99940324
 0.99976367 0.98695403 0.9961727  0.3503509  0.99987936 0.9998492
 0.99930274 0.999826   0.9998697 ]
[0.9829531  0.8096173  0.99988973 0.9999076  0.99981993 0.9993967
 0.9997987  0.9849244  0.997038   0.999785   0.99987614 0.9995608
 0.9998591  0.99988365]
[0.9870559  0.70469755 0.9998555  0.99991477 0.99981624 0.9996884
 0.99976224 0.9827649  0.992743   0.33512282 0.9997992  0.9998635
 0.99947757 0.99978834 0.9998109 ]
[0.99181306 0.7367313  0.9998765  0.99986875 0.9998927  0.99966896
 0.9998306  0.9885079  0.99660337 0.9998808  0.99978    0.999627
 0.9997898  0.9997725 ]
[0.9917807  0.7328184  0.99988675 0.9998498  0.9998745  0.9996431
 0.99986696 0.98400927 0.9967122  0.33417407 0.9997968  0.9997892
 0.9996171  0.99970007 0.9998294 ]
[0.99351925 0.81725925 0.9997569  0.99979633 0.9998435  0.9996137
 0.9998419  0.98562986 0.99697375 0.35912856 0.99988437 0.9998337
 0.9996761  0.9998641  0.9997812 ]
[0.9909196  0.6930853  0.99989796 0.99980086 0.99983096 0.9995189
 0.9997919  0.98290664 0.99475634 0.9998259  0.9998097  0.99933964
 0.99983346 0.9998097 ]
[0.9938053  0.82093614 0.999821   0.99989676 0.9998754  0.9993925
 0.9997559  0.9822953  0.9955707  0.30840424 0.9998566  0.9998313
 0.999295   0.9998287  0.9998685 ]
[0.98988426 0.61836964 0.99981135 0.9998035  0.99981695 0.9995845
 0.9998368  0.9856588  0.99669385 0.99989676 0.9998741  0.99952745
 0.9996853  0.99984014]
[0.98834115 0.7535076  0.999877   0.9998124  0.99980515 0.99969864
 0.9998406  0.982808   0.9942239  0.4246275  0.9998399  0.9998784
 0.99949944 0.9998091  0.999851  ]
[0.9856697  0.6940805  0.999821   0.9998927  0.9998079  0.99958044
 0.9998815  0.97018933 0.9947189  0.35112113 0.9998429  0.9998671
 0.9993073  0.9998436  0.99982786]
[0.9905922  0.8299181  0.99983835 0.9998406  0.99987423 0.9993331
 0.9997507  0.9755788  0.9969267  0.35345402 0.9998012  0.999863
 0.99950874 0.9998209  0.999824  ]
[0.9913816  0.7165099  0.99991155 0.99988616 0.99988675 0.9996847
 0.99983585 0.98860776 0.9966264  0.3786271  0.9997782  0.99978
 0.9994815  0.9998388  0.99987864]
[0.9888643  0.7969372  0.9999081  0.9998627  0.99989045 0.99968445
 0.9998908  0.992331   0.99704725 0.9998165  0.99981016 0.99952805
 0.999795   0.9998216 ]
[0.9915422  0.7792208  0.9998779  0.99984765 0.9998822  0.99950945
 0.99984336 0.9894573  0.9939948  0.9998672  0.99982977 0.99941957
 0.9997775  0.99978083]
[0.99314123 0.7384864  0.99986756 0.9998354  0.99989474 0.99952936
 0.99977547 0.98858696 0.9949339  0.31733888 0.9998524  0.9998522
 0.9993587  0.99968886 0.9998591 ]
[0.98602784 0.63714147 0.9997789  0.9998449  0.9998747  0.9995016
 0.9998192  0.9841489  0.99463    0.36849183 0.9998479  0.99986637
 0.99928683 0.99968493 0.99982387]
[0.99293655 0.62923545 0.9998684  0.9998653  0.9998925  0.99922216
 0.99977714 0.9852598  0.9938214  0.35569456 0.9997658  0.99987566
 0.9993594  0.9997938  0.9998729 ]
[0.9891173  0.82909495 0.9999012  0.99989367 0.99985707 0.99953413
 0.9998535  0.9819027  0.9969874  0.99982566 0.99975365 0.9994837
 0.99969745 0.9997634 ]
[0.991667   0.8017113  0.9997739  0.9999025  0.9998754  0.999481
 0.9997769  0.99193    0.9945345  0.31432018 0.9997713  0.999752
 0.99956733 0.9997402  0.9997812 ]
[0.99151915 0.7445292  0.99981517 0.9999143  0.9998443  0.999321
 0.99982065 0.9789195  0.9975712  0.33150315 0.999793   0.9997743
 0.99939036 0.9997365  0.9998306 ]
[0.987234   0.5298564  0.9998006  0.99988484 0.999907   0.9996306
 0.9998547  0.97157526 0.99664897 0.99977666 0.9998155  0.9994455
 0.9997528  0.999877  ]
[0.9910712  0.7146437  0.99982363 0.99989784 0.9998186  0.99942917
 0.9997311  0.98824257 0.9949037  0.9997869  0.9997768  0.9996213
 0.99983835 0.999775  ]
[0.99253595 0.6969263  0.9998789  0.9999068  0.9998497  0.99966156
 0.99979514 0.98811126 0.99669147 0.3054076  0.99977785 0.9997881
 0.9994764  0.9998031  0.9998375 ]
[0.9918035  0.56429917 0.9998683  0.99989045 0.9998167  0.99941146
 0.99986494 0.9886789  0.99522346 0.37196323 0.9998634  0.9998197
 0.99955636 0.9998211  0.9998729 ]
[0.9876913  0.60959744 0.9998312  0.9998715  0.999841   0.99957687
 0.99986553 0.9762571  0.99579334 0.32838157 0.9998312  0.99984276
 0.9994917  0.99978715 0.99980026]
[0.9904171  0.7803827  0.99984384 0.99990296 0.999889   0.999529
 0.99980694 0.98549116 0.99666    0.33341652 0.9998116  0.99985707
 0.9996464  0.9997509  0.9998419 ]
[0.99254614 0.67509556 0.9998248  0.9998227  0.9998209  0.99962246
 0.99987876 0.98849005 0.9971125  0.42275217 0.9998103  0.9998436
 0.9994778  0.9998203  0.9998771 ]
[0.98806864 0.72380793 0.999824   0.99987555 0.9999119  0.9994671
 0.99986815 0.9855003  0.9960459  0.99987817 0.99978    0.99929607
 0.9998165  0.999821  ]
[0.99079204 0.7031215  0.9997894  0.999902   0.99982846 0.99933594
 0.99980885 0.98748374 0.9974388  0.3562395  0.9998951  0.99985015
 0.99966514 0.9997911  0.99980396]
[0.9878846  0.7259237  0.99986756 0.99979836 0.9998733  0.99968076
 0.9997701  0.9884469  0.99619246 0.39738408 0.9998807  0.9998534
 0.99939334 0.9996853  0.9997892 ]
[0.994722   0.61364716 0.9997979  0.9998871  0.999835   0.9996743
 0.99980277 0.98566437 0.9947699  0.9998018  0.99983096 0.9995721
 0.9998503  0.9998093 ]
[0.99226123 0.53912914 0.99980825 0.9998702  0.99987113 0.9993407
 0.99986637 0.9898811  0.99700683 0.99978286 0.99986005 0.999632
 0.999806   0.9997851 ]
[0.9893167  0.76931536 0.99981064 0.9997924  0.9999063  0.99947685
 0.9997352  0.98740876 0.994304   0.35698986 0.9998485  0.99975723
 0.999385   0.9997677  0.99977857]
[0.98849213 0.6054073  0.99988985 0.9998735  0.99978596 0.9993631
 0.9997522  0.98872584 0.99534947 0.3068251  0.9998838  0.9998504
 0.9995327  0.9997714  0.9998074 ]
[0.99147487 0.8027986  0.99978703 0.99986744 0.9998399  0.9996394
 0.99975294 0.9873102  0.99643975 0.9998572  0.99983644 0.99919766
 0.9997336  0.9998621 ]
[0.98520917 0.66579825 0.99978834 0.9998574  0.9997775  0.9992667
 0.99987364 0.98916525 0.9940176  0.9997696  0.999754   0.99955946
 0.9997912  0.9998449 ]
[0.9881302  0.81639636 0.9998411  0.9999107  0.9998216  0.99938
 0.99984956 0.98881346 0.9948301  0.99976546 0.99978334 0.9995413
 0.99982774 0.99987984]
[0.99075    0.8167636  0.99989283 0.99984396 0.9998846  0.99956244
 0.999811   0.98550814 0.9941936  0.34030506 0.9997582  0.99981505
 0.9993274  0.9998074  0.99987316]
[0.9937874  0.7774184  0.99989116 0.9998934  0.99982136 0.9996283
 0.9997278  0.9861465  0.99432856 0.99986446 0.999782   0.9993819
 0.9998361  0.99985504]
[0.9925248  0.72922504 0.99983966 0.9998367  0.99982846 0.99957603
 0.9997831  0.9839733  0.99677724 0.9997832  0.9998092  0.99966717
 0.9998354  0.99978894]
[0.9926893  0.7368124  0.99988914 0.9998425  0.9998573  0.999421
 0.99986637 0.9804704  0.9947094  0.33991063 0.9997757  0.9998796
 0.9996418  0.9996761  0.9998659 ]
[0.99250364 0.73690176 0.9998442  0.99991477 0.9998301  0.99925643
 0.99985015 0.9910505  0.99412835 0.30429986 0.999887   0.99975663
 0.9993826  0.9998128  0.9997962 ]
[0.98916596 0.73893285 0.99985754 0.99987876 0.99989295 0.9996593
 0.9998299  0.9901592  0.9965552  0.99976414 0.9997764  0.99930096
 0.9997137  0.999796  ]
[0.99379855 0.8054121  0.9998975  0.9998165  0.9998995  0.99963975
 0.99977845 0.9862446  0.9970174  0.99979645 0.99974924 0.9995466
 0.9997801  0.99984705]
[0.98874646 0.69833475 0.9999049  0.9999132  0.99980897 0.99962485
 0.99979585 0.9911737  0.9962268  0.99985194 0.99979883 0.9996389
 0.99970526 0.9998485 ]
[0.9892567  0.6511879  0.999795   0.9998983  0.99988174 0.99931455
 0.99973255 0.9843227  0.9943401  0.31732893 0.99988806 0.9997626
 0.99933225 0.99977416 0.99982303]
[0.9915086  0.53476626 0.9998913  0.9999018  0.9998135  0.99943763
 0.9998373  0.9915469  0.99576855 0.42200625 0.9998604  0.9997621
 0.99921095 0.99983907 0.9997795 ]
[0.99147767 0.78778785 0.9998925  0.9998895  0.9997937  0.999506
 0.9997917  0.9833609  0.99537176 0.4325709  0.9998311  0.9998487
 0.9993968  0.99974006 0.9998399 ]
[0.9841726  0.6719763  0.9998085  0.9998473  0.99988556 0.99925023
 0.9997596  0.9857603  0.9934483  0.4034744  0.9998118  0.9998529
 0.99956745 0.9996222  0.99979645]
[0.9938589  0.80896956 0.99988306 0.99991393 0.9999114  0.999616
 0.9998332  0.9903591  0.9972138  0.99975616 0.9997476  0.99934644
 0.9997607  0.9998518 ]
[0.99088496 0.76914173 0.99988353 0.9998691  0.99985766 0.9996207
 0.9998815  0.99158186 0.99471843 0.35777617 0.9998733  0.99977475
 0.9992945  0.99967086 0.9998729 ]
[0.9946256  0.6562279  0.9998865  0.99991524 0.9998758  0.9996191
 0.99975926 0.9896812  0.9969298  0.42901924 0.99983644 0.99981457
 0.99937147 0.9998503  0.9998802 ]
[0.99333245 0.7003459  0.9998498  0.9998305  0.9998386  0.9994211
 0.9998627  0.98428625 0.9961593  0.99981123 0.99987626 0.9994898
 0.999749   0.99976665]
[0.99318475 0.7292975  0.999795   0.99978715 0.99979347 0.99970967
 0.99982196 0.98913187 0.9967439  0.3328053  0.9998111  0.99980396
 0.99945265 0.9997002  0.99983156]
[0.99138266 0.72837675 0.9998417  0.9998677  0.999897   0.9997242
 0.9997887  0.975418   0.9951202  0.35228992 0.9998802  0.99989116
 0.99957997 0.9997944  0.999861  ]
[0.9937005  0.80200744 0.9998561  0.9999018  0.999803   0.9993486
 0.9998723  0.9883886  0.9967589  0.3562135  0.9997943  0.9998672
 0.99940634 0.99972147 0.99986374]
[0.98991406 0.7734611  0.9998902  0.9998516  0.9998185  0.9996551
 0.9998022  0.9833055  0.995619   0.9998764  0.999814   0.999637
 0.99981076 0.9998128 ]
[0.9868558  0.78241104 0.9998543  0.9998312  0.9999056  0.9994822
 0.9998362  0.9891403  0.9953725  0.99979156 0.99983776 0.999527
 0.9997733  0.9998915 ]
[0.9924275  0.56581867 0.9998116  0.9998447  0.99990237 0.9995455
 0.99973553 0.98810774 0.9957878  0.38495564 0.999828   0.99987435
 0.9993724  0.9997218  0.99986935]
[0.99063677 0.7688718  0.99983597 0.99984336 0.99980253 0.9995747
 0.9998357  0.9898517  0.99719054 0.30029798 0.999879   0.9997447
 0.9996131  0.9998387  0.9998661 ]
