Mprobs for dataset sim1 (3)

[0.45138264 0.9998357  0.9999094  0.99987483 0.9996617  0.9997625
 0.99989057 0.9997713  0.99963844 0.9998037  0.99989176]
[0.43215433 0.9998878  0.9999095  0.9998776  0.9997435  0.99986315
 0.99981636 0.99988747 0.99956304 0.99985564 0.99982506]
[0.43416914 0.9998264  0.9998764  0.9999064  0.9997366  0.9998863
 0.99989986 0.99978846 0.9996325  0.9997404  0.99988973]
[0.39407352 0.99987376 0.99983025 0.999803   0.9996704  0.9998099
 0.99976546 0.9998832  0.99960774 0.9997043  0.9998888 ]
[0.4928789  0.9998882  0.9998504  0.9998661  0.9996984  0.9997961
 0.3320572  0.9998423  0.99983525 0.9997987  0.9998456  0.99977297]
[0.99986184 0.99990726 0.99983776 0.99971014 0.9998667  0.9998301
 0.99981743 0.999688   0.9998344  0.9998179 ]
[0.38930088 0.9998324  0.99982786 0.9998467  0.9996264  0.9998086
 0.999874   0.99976665 0.99964476 0.9998134  0.9998872 ]
[0.3734096  0.9998909  0.99990773 0.9998293  0.9995689  0.9998963
 0.9998956  0.9998716  0.999739   0.999767   0.99981815]
[0.38287684 0.99985623 0.999846   0.9998704  0.9996853  0.9997757
 0.9998412  0.9998599  0.99976665 0.99984205 0.99978584]
[0.38151902 0.99990976 0.9999105  0.9999045  0.9997687  0.99987996
 0.9998555  0.99988985 0.99980646 0.99973494 0.99989784]
[0.39867225 0.9998604  0.9998578  0.9998311  0.9998035  0.99977773
 0.99976987 0.9998801  0.9996302  0.99984837 0.99984443]
[0.33734006 0.9998809  0.9998884  0.9998629  0.9995952  0.99984133
 0.99984705 0.99988794 0.99968123 0.9998745  0.9998933 ]
[0.32760322 0.999884   0.9998286  0.9998011  0.9996333  0.99977607
 0.99985504 0.99986815 0.9998004  0.9998325  0.99980766]
[0.33590415 0.9998908  0.9998876  0.9998191  0.99961805 0.99988043
 0.9998673  0.99986994 0.99964345 0.9997123  0.99987566]
[0.4102479  0.99990106 0.99988425 0.99985087 0.99978787 0.99979776
 0.9998864  0.99987733 0.99979025 0.9998653  0.9997882 ]
[0.40404555 0.9998423  0.9998838  0.9999013  0.9997775  0.99987125
 0.9998555  0.9998522  0.99973243 0.9997888  0.9998294 ]
[0.41777256 0.99986243 0.9998099  0.999894   0.9997111  0.9997838
 0.9998939  0.99987495 0.99960226 0.9998734  0.9997795 ]
[0.33140606 0.9998715  0.99984205 0.99980944 0.99975234 0.9998976
 0.9998697  0.9998473  0.9996822  0.999816   0.99987733]
[0.47617504 0.99978405 0.9999099  0.99988973 0.9996402  0.999895
 0.99984324 0.9997683  0.99955493 0.9997676  0.99979776]
[0.4080795  0.99981874 0.99988365 0.99989665 0.99970335 0.99990225
 0.99989545 0.999892   0.99967325 0.9998228  0.9998448 ]
[0.3777199  0.9998692  0.99991274 0.9998171  0.99976534 0.99980813
 0.99985564 0.99985385 0.99963856 0.9997526  0.9998683 ]
[0.39633366 0.9998691  0.9998342  0.999915   0.99977654 0.9998895
 0.9997719  0.9998834  0.999718   0.99987054 0.9998109 ]
[0.46279916 0.999905   0.99989355 0.9998975  0.99982005 0.9998186
 0.31455272 0.9998816  0.9998623  0.99963534 0.9998301  0.99987996]
[0.35555792 0.99989796 0.9998596  0.9998667  0.99969435 0.99984133
 0.99980325 0.99984396 0.9997253  0.99980384 0.99976844]
[0.3705963  0.9998056  0.99983156 0.9998423  0.99973625 0.99988174
 0.9997832  0.999793   0.9998185  0.99971753 0.9997843 ]
[0.39787295 0.99981624 0.9999101  0.9998275  0.99977785 0.9998652
 0.99986386 0.99987245 0.99959856 0.999726   0.9998491 ]
[0.43280646 0.9998814  0.99987996 0.99982184 0.9998105  0.99988556
 0.9998641  0.9997925  0.99960655 0.99987495 0.99976677]
[0.3542231  0.99987996 0.9998522  0.9998697  0.9996018  0.9998872
 0.99986684 0.9997563  0.9994485  0.9997117  0.99985313]
[0.35251564 0.99980885 0.9998275  0.9998728  0.9998149  0.9997981
 0.99986565 0.9998729  0.99978966 0.9997148  0.9998386 ]
[0.4317088  0.99988925 0.9998006  0.99989283 0.9996792  0.9998266
 0.9998659  0.99988616 0.9996673  0.99971384 0.9998981 ]
[0.99980503 0.9998286  0.99989486 0.9996581  0.99989235 0.31046942
 0.9999014  0.9998242  0.9996376  0.99975306 0.9998816 ]
[0.3299449  0.9998933  0.999912   0.99989605 0.9996024  0.9998301
 0.99982554 0.9997749  0.9996871  0.99980897 0.9998994 ]
[0.31918463 0.9998944  0.9998499  0.99990606 0.9997285  0.99981016
 0.99987996 0.9998957  0.99977964 0.9998286  0.99985826]
[0.38997522 0.999897   0.9998826  0.9998859  0.9996866  0.99979836
 0.9998752  0.99982953 0.99962234 0.9998178  0.9998468 ]
[0.40331912 0.9998128  0.99986947 0.9998337  0.9997576  0.99980694
 0.9997589  0.9998715  0.99965334 0.99975735 0.9998223 ]
[0.46669778 0.99985445 0.9999101  0.99989223 0.9995555  0.9997974
 0.99985564 0.99986947 0.99978155 0.99975854 0.99986935]
[0.4269681  0.99986315 0.99981505 0.9999113  0.9996977  0.9998022
 0.3016414  0.9998739  0.99981374 0.9996706  0.9998393  0.9998568 ]
[0.3844216  0.9998642  0.9998796  0.9999     0.99960977 0.99990034
 0.99985886 0.99975663 0.9997632  0.9998518  0.9997738 ]
[0.3553763  0.99983394 0.99983716 0.9998229  0.99965155 0.9997563
 0.30194205 0.99984384 0.99977905 0.9996177  0.999824   0.99989605]
[0.99981767 0.9998561  0.99982363 0.9996216  0.99985445 0.9999006
 0.9998073  0.9996137  0.9997758  0.99985194]
[0.31178212 0.99985576 0.99984455 0.9998826  0.99966264 0.9997929
 0.99987555 0.9998155  0.99972135 0.9997627  0.9998005 ]
[0.420472   0.99988854 0.999881   0.99980456 0.999688   0.99981374
 0.9998528  0.9997881  0.999813   0.9997868  0.9998609 ]
[0.3905184  0.9998869  0.9998945  0.99988353 0.99958605 0.99981827
 0.9998591  0.9998248  0.999764   0.9997662  0.9998615 ]
[0.39046517 0.99981385 0.9998356  0.9998605  0.9997708  0.9997814
 0.9998847  0.99975973 0.9997243  0.9998914  0.999905  ]
[0.3876637  0.9998603  0.99986327 0.99984443 0.9996276  0.99983656
 0.30108547 0.999833   0.99985373 0.9995875  0.99974996 0.99989915]
[0.50707185 0.999877   0.9998517  0.9998853  0.999676   0.999897
 0.37041238 0.9998363  0.9998006  0.99968004 0.99985635 0.9997869 ]
[0.38939658 0.99987817 0.9998827  0.9998826  0.99971956 0.9998258
 0.9997948  0.9998385  0.9996561  0.99986684 0.99983704]
[0.36894748 0.99986184 0.99990046 0.9998939  0.9996562  0.99977714
 0.99979275 0.9998374  0.99976856 0.9997969  0.9998925 ]
[0.38871226 0.99981445 0.9999019  0.9998259  0.99974436 0.99986386
 0.99979097 0.9998343  0.9995865  0.99978524 0.9998598 ]
[0.3913624  0.99985206 0.99979514 0.99991333 0.9997923  0.9998852
 0.9999001  0.9998294  0.9995747  0.9998037  0.9998981 ]
[0.3897615  0.99981135 0.9998541  0.9999049  0.999778   0.99979776
 0.99983203 0.99983823 0.9997254  0.99980444 0.9998721 ]
[0.36728695 0.99989283 0.99991786 0.99988484 0.9996247  0.9997615
 0.999843   0.99978715 0.99965906 0.99972993 0.99979347]
[0.36658522 0.99987054 0.9998865  0.99985945 0.99983764 0.999856
 0.999814   0.9998933  0.99972934 0.9997665  0.9997749 ]
[0.36046776 0.99985206 0.9998246  0.9998596  0.99979144 0.9997807
 0.9997898  0.99985397 0.9997496  0.99985766 0.9998796 ]
[0.38398474 0.9998006  0.9999032  0.9998605  0.999595   0.99985385
 0.9998952  0.9998753  0.9996283  0.99978775 0.9998703 ]
[0.40205097 0.99988794 0.9999038  0.9998876  0.99969506 0.99980074
 0.99984086 0.9998264  0.9995864  0.9998642  0.9998572 ]
[0.3820869  0.99990153 0.99984026 0.9997938  0.9997707  0.99977475
 0.9997892  0.99988806 0.9995896  0.9998647  0.9998418 ]
[0.37729588 0.9999082  0.9999064  0.9998753  0.99973947 0.99986184
 0.9998147  0.9998288  0.99979204 0.999863   0.99979144]
[0.31663206 0.9998354  0.99990916 0.99988735 0.9997098  0.9998247
 0.99988997 0.99986386 0.99981123 0.99987483 0.99989545]
[0.43992898 0.99988663 0.9998085  0.9998022  0.99974483 0.9998814
 0.3252455  0.99989295 0.99984133 0.9997751  0.9998117  0.9998752 ]
[0.38042367 0.9998617  0.9998783  0.9999223  0.99972945 0.9998274
 0.99981505 0.99978536 0.9996675  0.9998196  0.9998896 ]
[0.37757134 0.9998511  0.99990094 0.9998884  0.99974805 0.99979633
 0.9997789  0.9998374  0.99972945 0.99985206 0.99978286]
[0.41153252 0.9998274  0.9998235  0.9998547  0.999826   0.99979776
 0.9998216  0.999882   0.9997583  0.9997327  0.99986494]
[0.3702812  0.999863   0.9998913  0.9998807  0.9997712  0.9999033
 0.9997981  0.9997671  0.9997234  0.9997738  0.99977833]
[0.38510287 0.99980694 0.99988854 0.9998497  0.99951804 0.99987555
 0.9998709  0.9998779  0.9996426  0.9997931  0.9998752 ]
[0.4062848  0.9998524  0.99986243 0.9998733  0.9996995  0.9998932
 0.99987113 0.9998845  0.99955755 0.9997596  0.99982375]
[0.40252993 0.9998196  0.9998311  0.99987245 0.99973696 0.9998266
 0.99982953 0.99978274 0.9998242  0.99975806 0.99987614]
[0.33282843 0.9997899  0.9998172  0.99987435 0.99956375 0.9998568
 0.9998141  0.9998311  0.9996803  0.9997756  0.9998554 ]
[0.42739612 0.9998468  0.9998178  0.9998963  0.9996146  0.9998392
 0.9998473  0.9997379  0.99976736 0.9998584  0.9998977 ]
[0.3558551  0.99987185 0.9998555  0.999851   0.9996822  0.9998845
 0.9998012  0.9998424  0.9995604  0.9996915  0.99988616]
[0.3264075  0.99991083 0.9998965  0.9998074  0.9997371  0.9998596
 0.9998524  0.9998148  0.999833   0.9997534  0.99989724]
[0.41276857 0.9998865  0.9998816  0.9998503  0.9996804  0.99987364
 0.99979633 0.9998627  0.99973637 0.9997702  0.99989283]
[0.42435676 0.9998585  0.99989235 0.9998703  0.99979967 0.99986887
 0.9997967  0.99982786 0.9996014  0.99984777 0.9998683 ]
[0.4412777  0.9998455  0.9998964  0.9998903  0.99966204 0.99986744
 0.999897   0.99981517 0.9997471  0.99980456 0.999838  ]
[0.3956048  0.9998367  0.9999161  0.99985635 0.9997148  0.9998035
 0.99990284 0.9997942  0.99962723 0.9998246  0.9998105 ]
[0.4486346  0.99988914 0.99983776 0.9997998  0.99975616 0.999818
 0.999811   0.99984944 0.9996419  0.9997731  0.99985003]
[0.45005918 0.9999044  0.9998797  0.9998877  0.99977523 0.9998716
 0.99979717 0.9997749  0.9996729  0.9998492  0.99987066]
[0.41347072 0.99989355 0.9998598  0.9998698  0.999694   0.99976104
 0.9998865  0.99977964 0.99969447 0.9997421  0.99987614]
[0.36323866 0.9997979  0.99984694 0.99981564 0.9997003  0.9998853
 0.99979275 0.99979717 0.9997898  0.99986875 0.99980944]
[0.39071748 0.9998404  0.9999033  0.9998222  0.9995976  0.99979633
 0.9998796  0.99986315 0.9997508  0.999813   0.9998828 ]
[0.324404   0.9998068  0.9998857  0.9998584  0.9998227  0.9998173
 0.99988997 0.99976975 0.9997905  0.99979264 0.9997993 ]
[0.39015105 0.9998441  0.9998958  0.9998343  0.9997174  0.99982566
 0.99981874 0.9998863  0.9997861  0.999876   0.9998319 ]
[0.40692875 0.9998005  0.99982375 0.99986255 0.99956876 0.9998727
 0.999833   0.9998229  0.9997106  0.99979275 0.9998605 ]
[0.47233295 0.99980336 0.9998927  0.9998054  0.9997136  0.99986565
 0.9998178  0.99980193 0.9995109  0.9997693  0.9998776 ]
[0.35937932 0.99986494 0.9998746  0.9998586  0.999793   0.9997669
 0.9997904  0.9998229  0.99970067 0.99985826 0.99979085]
[0.3496484  0.9999064  0.99990225 0.99989426 0.99966395 0.99977535
 0.9997665  0.99978787 0.999624   0.9997284  0.9997663 ]
[0.36451474 0.9998067  0.9999052  0.9998808  0.9997429  0.99983346
 0.9998417  0.99984217 0.9997253  0.9997906  0.9998091 ]
[0.4009796  0.9998766  0.9999025  0.9999026  0.9995906  0.9997907
 0.999876   0.9998728  0.99968266 0.99983525 0.99984586]
[0.4423886  0.9998559  0.99990344 0.99982065 0.9997788  0.99984145
 0.3361954  0.99984515 0.9998288  0.99969137 0.99985695 0.999818  ]
[0.3265361  0.99988747 0.9998104  0.99982697 0.99963486 0.9998777
 0.99982893 0.999818   0.9995864  0.99973255 0.99988997]
[0.38017178 0.999819   0.9998658  0.9998079  0.99964476 0.9998294
 0.30788186 0.99977154 0.99983215 0.9996904  0.99985135 0.99984455]
[0.43967104 0.9998963  0.9999112  0.9998758  0.9997032  0.9998312
 0.32613477 0.99989724 0.9998611  0.99963665 0.99987936 0.999803  ]
[0.39691252 0.9998404  0.9998671  0.9999021  0.99973387 0.9998118
 0.99989986 0.9997743  0.99970585 0.99981517 0.9998029 ]
[0.44678837 0.99983716 0.99988437 0.99980074 0.9996092  0.9998934
 0.9998635  0.9998167  0.99959964 0.99987197 0.9997856 ]
[0.46908107 0.99991274 0.9999     0.99980277 0.99966526 0.99981385
 0.30919334 0.99986565 0.9997681  0.99952173 0.99982977 0.9998085 ]
[0.3922154  0.99983144 0.99992037 0.9998479  0.9997061  0.99988985
 0.999882   0.9998424  0.9995803  0.9998754  0.9998503 ]
[0.3337021  0.99988544 0.9999     0.9998461  0.9996182  0.99977666
 0.321197   0.99977237 0.9998863  0.99964213 0.9998628  0.9997907 ]
[0.39709762 0.9999144  0.9998841  0.9998728  0.9996094  0.9998677
 0.9998735  0.9998336  0.99977714 0.99985886 0.9998648 ]
[0.31927037 0.99986506 0.9998646  0.99979347 0.99960536 0.9999031
 0.9997687  0.99979967 0.99973315 0.9997998  0.999845  ]
[0.38264227 0.9998635  0.9998468  0.9998616  0.9997719  0.99982435
 0.9998857  0.9997943  0.9996716  0.99977964 0.9998845 ]
