Mprobs for dataset sim1 (4)

[0.7541793  0.99990904 0.9998479  0.99983716 0.99964523 0.99989593
 0.5566662  0.9998859  0.9997868  0.99962246 0.9997937  0.9998387 ]
[0.6832773  0.9998702  0.99985516 0.9998795  0.999681   0.9998909
 0.66784596 0.9998859  0.9998037  0.9994455  0.99984014 0.99983823]
[0.72023445 0.99986804 0.9998708  0.9998549  0.9996488  0.9997781
 0.51063657 0.9998864  0.99983585 0.999739   0.9997514  0.9998109 ]
[0.69860864 0.9998491  0.99988997 0.999902   0.9997404  0.99987626
 0.62378854 0.9998053  0.99980074 0.99973935 0.99974185 0.99985147]
[0.75099754 0.9998499  0.9998578  0.9998117  0.99967515 0.9998272
 0.65480554 0.9998223  0.9998889  0.99954766 0.99982005 0.99980277]
[0.7056729  0.999806   0.99985945 0.9998795  0.99964476 0.99986136
 0.66529506 0.9998362  0.99983215 0.999742   0.9998697  0.99982244]
[0.71605784 0.99986434 0.9998933  0.99984074 0.9997137  0.9998165
 0.6386321  0.9998759  0.9998485  0.99953425 0.9997297  0.9998161 ]
[0.6646738  0.99983895 0.99988675 0.9998211  0.9996375  0.9998683
 0.5499338  0.99979454 0.99988484 0.9997447  0.99977523 0.99977523]
[0.7203834  0.99985623 0.99992025 0.9998895  0.9997199  0.9998518
 0.6752681  0.9998921  0.99987006 0.99972636 0.999833   0.99979   ]
[0.7296015  0.99989533 0.99983454 0.99989176 0.99965215 0.9998248
 0.58276236 0.9998896  0.9998462  0.9996675  0.99981266 0.99989617]
[0.7177747  0.9998733  0.99991095 0.99988115 0.99980754 0.9998109
 0.62232715 0.9998714  0.9998134  0.9997272  0.99984086 0.99986684]
[0.61617094 0.9998354  0.9999206  0.99989045 0.99960333 0.9998777
 0.5414335  0.99986017 0.9998357  0.99975413 0.999848   0.9998965 ]
[0.68228436 0.99988055 0.99990904 0.99986064 0.9996816  0.9998977
 0.5968604  0.9998227  0.9998068  0.9997212  0.99982446 0.99984896]
[0.697366   0.99987364 0.9998915  0.9999031  0.9997899  0.999816
 0.5779796  0.999869   0.99981207 0.9996362  0.9997526  0.9997845 ]
[0.61005694 0.9999113  0.9998865  0.99989784 0.9996195  0.99979323
 0.6403368  0.9998858  0.9998753  0.9996853  0.99974996 0.99979156]
[0.7206435  0.9999062  0.999915   0.9998591  0.99960786 0.99980074
 0.5753219  0.999866   0.99985087 0.99974686 0.99974006 0.99989104]
[0.65525436 0.999902   0.9999026  0.99979335 0.999783   0.9997949
 0.60718286 0.9997588  0.9998586  0.9997764  0.9998511  0.999803  ]
[0.62982    0.9999021  0.9999039  0.9997987  0.99972564 0.99979645
 0.63057005 0.9998091  0.99989164 0.9997681  0.9997372  0.9998087 ]
[0.6931957  0.9998683  0.9998863  0.99981886 0.99978966 0.9998739
 0.60600436 0.9997645  0.9997609  0.99961925 0.99973077 0.9998746 ]
[0.7385954  0.99987066 0.9998375  0.999894   0.9996855  0.9998516
 0.6731265  0.9998386  0.9998294  0.9997836  0.99972636 0.9997831 ]
[0.6907553  0.9998647  0.9998684  0.99990773 0.9997445  0.99980336
 0.6011268  0.9998406  0.9997949  0.9996747  0.99972874 0.9998523 ]
[0.7137584  0.9998827  0.9998405  0.9998995  0.9998357  0.99989724
 0.6079689  0.99989355 0.9998584  0.9997509  0.9997905  0.9998481 ]
[0.71013856 0.9998493  0.9999043  0.9998914  0.99976    0.9997713
 0.66516745 0.999866   0.99988806 0.9998109  0.9998591  0.99986756]
[0.58467513 0.9998779  0.99982697 0.9998784  0.999567   0.9998964
 0.6301846  0.9998273  0.99977404 0.9997336  0.9997427  0.99988115]
[0.65923256 0.99985826 0.9998771  0.9998745  0.99964726 0.99985254
 0.5843011  0.9998889  0.9998479  0.9997334  0.9998777  0.99989307]
[0.6757302  0.9999014  0.9998741  0.9998692  0.9995846  0.99980646
 0.62845343 0.9998803  0.9998851  0.9995509  0.9998246  0.9998392 ]
[0.7075053  0.99989486 0.999902   0.9997918  0.99962115 0.99988496
 0.61849785 0.99987805 0.9998623  0.99956065 0.99985766 0.99989116]
[0.7119366  0.99990594 0.99991965 0.9998921  0.99955934 0.9998903
 0.5594528  0.9998548  0.99977404 0.9996191  0.9997974  0.999777  ]
[0.6552467  0.99987113 0.9998274  0.99989223 0.9997212  0.9998567
 0.5085434  0.9998758  0.99987864 0.99979013 0.99977356 0.99979943]
[0.6522474  0.9997937  0.99990785 0.9998864  0.99974555 0.9998925
 0.5914201  0.9998436  0.99977773 0.99977416 0.99986184 0.9998975 ]
[0.70327747 0.99988925 0.9998702  0.99989927 0.9996728  0.9998534
 0.6301688  0.9998424  0.9998172  0.99957913 0.9998758  0.99985445]
[0.6524088  0.999838   0.9998336  0.9998679  0.99973303 0.99985516
 0.6717359  0.99982315 0.9998839  0.99964607 0.9998851  0.99978465]
[0.67175436 0.99990344 0.9998771  0.9999064  0.9997254  0.99986184
 0.56646377 0.9998627  0.99984753 0.9996954  0.9998354  0.9998541 ]
[0.68745136 0.999884   0.9998864  0.999895   0.9996031  0.9997882
 0.65308815 0.99978155 0.9997774  0.99956685 0.999848   0.9997886 ]
[0.6985113  0.99983644 0.99991083 0.9998884  0.99980634 0.99985087
 0.58848596 0.9998492  0.9998474  0.99969435 0.9998079  0.999821  ]
[0.72723454 0.99991095 0.99981767 0.99985063 0.9996909  0.9998779
 0.6702211  0.99989355 0.99989474 0.99969447 0.9998479  0.9998518 ]
[0.7239079  0.9998888  0.9998747  0.9997974  0.9998186  0.9998299
 0.6021714  0.9997911  0.99984944 0.9996549  0.999853   0.99978215]
[0.72969896 0.99980885 0.9998859  0.99987984 0.99970144 0.9998665
 0.56461555 0.9998932  0.9998869  0.9997644  0.99985874 0.99984944]
[0.6547533  0.99982494 0.999856   0.99987304 0.999711   0.9997907
 0.63267237 0.9998994  0.99984384 0.9995159  0.9998481  0.99984264]
[0.7061913  0.99978036 0.99989545 0.9998053  0.9997118  0.9997832
 0.65814877 0.99982005 0.99977463 0.9997644  0.9997911  0.9999014 ]
[0.7285236  0.9998369  0.9998228  0.9998274  0.9996748  0.999856
 0.6457533  0.99981517 0.9998547  0.99975985 0.9998529  0.9998275 ]
[0.7124455  0.9998361  0.99981564 0.9998946  0.9995666  0.9998431
 0.56723076 0.9998846  0.99976975 0.9997216  0.99973327 0.9998461 ]
[0.64607173 0.99984205 0.99987364 0.99989116 0.99979824 0.9998599
 0.6303215  0.9998863  0.99984837 0.99973637 0.99978    0.99988127]
[0.685143   0.9998611  0.99989784 0.99988997 0.9997516  0.9998903
 0.5355072  0.9997856  0.999835   0.9996388  0.9998721  0.9998324 ]
[0.71346503 0.9998871  0.9998566  0.99989843 0.99977595 0.9998734
 0.57231396 0.9998747  0.9997949  0.9997111  0.9997912  0.9997837 ]
[0.66158473 0.9998878  0.9998299  0.99983704 0.99977964 0.99987733
 0.6640209  0.9998004  0.9998332  0.9994448  0.9998062  0.9998196 ]
[0.7529991  0.9998877  0.9998714  0.9998872  0.9997696  0.999811
 0.5560251  0.9997787  0.9998412  0.9997806  0.99977857 0.9997763 ]
[0.7000689  0.99986887 0.99990034 0.9999021  0.9997793  0.999851
 0.6151128  0.9998667  0.9998124  0.9997142  0.99981123 0.9998927 ]
[0.6541443  0.9998888  0.99991024 0.9998983  0.9994925  0.9998357
 0.54441816 0.9998361  0.999856   0.99976724 0.99978787 0.99978   ]
[0.6947966  0.99982905 0.9998561  0.9998555  0.99963033 0.9998343
 0.5749057  0.9998902  0.99985075 0.9997968  0.99972695 0.9998597 ]
[0.63661903 0.999876   0.9998379  0.99986184 0.9996282  0.99981016
 0.7029179  0.99988484 0.9998511  0.9996971  0.9997795  0.9998344 ]
[0.7456963  0.9998678  0.99989665 0.9998062  0.99975663 0.9998411
 0.6208098  0.99980646 0.9998042  0.99977034 0.9998079  0.9998109 ]
[0.6865503  0.99980587 0.99986947 0.99980456 0.9995896  0.99986124
 0.6037609  0.99978536 0.9998203  0.9997552  0.99982136 0.9998215 ]
[0.67620236 0.9998965  0.99991465 0.9998671  0.9996954  0.9998487
 0.6217647  0.9998753  0.9998822  0.9997372  0.9997582  0.9997856 ]
[0.71654195 0.9998104  0.999897   0.99984145 0.99974257 0.999814
 0.54424965 0.9997651  0.99989295 0.9996661  0.99981457 0.9998791 ]
[0.6594987  0.99984324 0.99985933 0.9998702  0.99981064 0.99978536
 0.6047388  0.999877   0.99981457 0.9997756  0.99973506 0.9998247 ]
[0.67867684 0.99980456 0.9998622  0.9998797  0.9997445  0.99989486
 0.5647889  0.99977595 0.9998301  0.9996569  0.9998448  0.99987423]
[0.7012143  0.9998609  0.99982613 0.9998454  0.99961615 0.99978167
 0.63747424 0.99983525 0.9998863  0.9997358  0.99973565 0.9998821 ]
[0.71847177 0.9998826  0.9998771  0.99990785 0.9997305  0.9998534
 0.66967154 0.9998555  0.99988425 0.99961215 0.9998498  0.9998517 ]
[0.6597731  0.9997936  0.99982953 0.9998331  0.99978644 0.9998068
 0.6833298  0.9998642  0.99983585 0.99960953 0.99988043 0.99985826]
[0.67586285 0.99988294 0.9998541  0.9998934  0.9997608  0.99986553
 0.5703442  0.9998996  0.9998361  0.99974865 0.99976534 0.99976116]
[0.58817357 0.999912   0.9998512  0.9997832  0.9997981  0.99980396
 0.6326134  0.99979156 0.9997931  0.99970716 0.99980944 0.99977213]
[0.66651696 0.9998184  0.9999114  0.9999007  0.999668   0.9998735
 0.57882905 0.99978584 0.99984765 0.9996648  0.99983215 0.99978477]
[0.64506507 0.99983335 0.99984336 0.9998878  0.9997836  0.99985516
 0.6229627  0.99977535 0.99981886 0.99966943 0.9998031  0.9998766 ]
[0.72508055 0.999833   0.99989843 0.99988854 0.9996737  0.9998714
 0.6227668  0.99979204 0.99983776 0.99946946 0.9997404  0.99988806]
[0.7041614  0.9998134  0.99981934 0.99984384 0.9997936  0.9998447
 0.62491804 0.9998398  0.9998709  0.99961996 0.9998093  0.9998715 ]
[0.6169643  0.9998827  0.9998889  0.9998528  0.9997589  0.9999044
 0.58462805 0.999796   0.9998381  0.99976355 0.99987507 0.9998703 ]
[0.71005464 0.9998004  0.9998387  0.9999118  0.99962604 0.9999062
 0.62602514 0.99983764 0.9997788  0.99972504 0.9998313  0.9998037 ]
[0.73234063 0.9998903  0.9999049  0.999912   0.99978894 0.9998927
 0.59473586 0.99982697 0.9998115  0.9995919  0.9998074  0.9998838 ]
[0.6715894  0.9998629  0.9999081  0.9998124  0.99956864 0.9998996
 0.57350653 0.99980944 0.99982774 0.99982834 0.9998561  0.9998228 ]
[0.66140354 0.99984276 0.9998449  0.9999106  0.9998053  0.9998679
 0.70062107 0.999778   0.9998356  0.99968445 0.99981517 0.9998109 ]
[0.56155324 0.9998437  0.99984825 0.9998677  0.9997857  0.9998317
 0.6754311  0.9997844  0.99985206 0.99960536 0.9997465  0.9998252 ]
[0.71282786 0.9998553  0.9998783  0.9998896  0.9996418  0.99985576
 0.63040245 0.9998722  0.99988186 0.99965346 0.9997464  0.9998802 ]
[0.71199214 0.9998022  0.9998522  0.99980694 0.9997321  0.99985254
 0.59697205 0.9998864  0.99980336 0.9996922  0.9998716  0.9998876 ]
[0.71615386 0.99981385 0.9998944  0.9998412  0.9996623  0.9998092
 0.62899774 0.99989676 0.9998523  0.9996753  0.99974114 0.99986494]
[0.63866055 0.99989855 0.99986637 0.99985206 0.9997719  0.9998023
 0.6140365  0.9998696  0.99986255 0.99979013 0.99974984 0.99979323]
[0.73668426 0.99986804 0.9998118  0.99982846 0.9997292  0.9997702
 0.6123395  0.99986374 0.9998598  0.9996865  0.9998252  0.9998665 ]
[0.68968874 0.9998882  0.99987495 0.9998435  0.99952185 0.99977094
 0.67540246 0.999853   0.9998406  0.99951816 0.9998124  0.99978834]
[0.6986999  0.9998258  0.99990606 0.9998086  0.9996177  0.9998042
 0.6470879  0.9998281  0.9998504  0.9996563  0.99981016 0.999811  ]
[0.6824475  0.9998536  0.999884   0.99983275 0.9997812  0.99986565
 0.67713124 0.99977463 0.99984586 0.99977547 0.99981374 0.99981564]
[0.724865   0.9998913  0.9998802  0.99983895 0.9996177  0.9998894
 0.6065401  0.99981695 0.99983597 0.9996     0.99981505 0.9998548 ]
[0.64981955 0.9999118  0.99988604 0.9998405  0.9997569  0.9998467
 0.66569203 0.99981016 0.9998311  0.9997104  0.9998479  0.99985707]
[0.73224604 0.9998265  0.99982375 0.99980503 0.9997645  0.9998264
 0.58330417 0.999858   0.99989617 0.9996873  0.9998424  0.9998561 ]
[0.66060686 0.9998816  0.99990404 0.9998833  0.99960035 0.999899
 0.5858279  0.9998203  0.9998154  0.99970645 0.99977344 0.99977106]
[0.7231187  0.9998809  0.99987817 0.99989724 0.9996246  0.9998667
 0.6398106  0.99980754 0.99988294 0.99975187 0.99987125 0.9998111 ]
[0.7267102  0.9999118  0.99981695 0.9998398  0.99968016 0.9998714
 0.5782289  0.99981266 0.99985397 0.99975556 0.99987257 0.99988747]
[0.70475036 0.9998154  0.99979895 0.99991405 0.9996917  0.9997781
 0.6133657  0.9998054  0.9998149  0.99960583 0.99980766 0.99981254]
[0.6391746  0.9998982  0.99988115 0.99984205 0.9997831  0.99986243
 0.613095   0.99989307 0.99982184 0.9996556  0.99976164 0.99982244]
[0.6428959  0.99986863 0.9998179  0.99984825 0.99960965 0.99981695
 0.5755037  0.9997614  0.999788   0.99979454 0.99980694 0.99986684]
[0.71389085 0.99990165 0.99989533 0.9998555  0.99978906 0.9998584
 0.6155498  0.9998105  0.9998596  0.9998062  0.99982965 0.9998903 ]
[0.6849491  0.9998505  0.9998171  0.9998443  0.99979335 0.99989223
 0.6113187  0.9998547  0.99983466 0.9997403  0.9997751  0.9997894 ]
[0.6762143  0.9998869  0.9999131  0.9998983  0.9996747  0.9998795
 0.6120482  0.99987996 0.99989474 0.9998147  0.99975735 0.9998233 ]
[0.7190304  0.9998772  0.99985325 0.99980265 0.99966073 0.99979
 0.5742004  0.9998648  0.9998666  0.99960345 0.9998061  0.9998865 ]
[0.6525175  0.9997991  0.9998367  0.9998635  0.99960035 0.9998265
 0.6074146  0.99978906 0.9997638  0.99971515 0.9998392  0.99979466]
[0.7025508  0.9999043  0.9998282  0.9998609  0.99976534 0.99980146
 0.63567424 0.99989116 0.99977    0.9996125  0.9997439  0.99986494]
[0.74383557 0.99985313 0.99988556 0.9998338  0.9996407  0.9998629
 0.5972973  0.9998016  0.99987376 0.9997073  0.99978155 0.99981767]
[0.64047235 0.99979    0.9998274  0.99981755 0.9997348  0.99985635
 0.595056   0.9997812  0.9998542  0.99975556 0.9998553  0.9997874 ]
[0.7196525  0.99985075 0.9998325  0.99986994 0.9996327  0.9998087
 0.6360867  0.9998733  0.999843   0.99967694 0.99986506 0.9998609 ]
[0.68076026 0.99989533 0.9998497  0.9998597  0.9996495  0.9998412
 0.64871234 0.9997961  0.9998084  0.9998086  0.9997969  0.99989486]
