Mprobs for dataset art (10)

[0.99867356 0.9944126  0.9876796  0.99686    0.9985489  0.9983229
 0.8510888  0.9986089  0.995159   0.9671794  0.99920803 0.94164735
 0.99506134 0.9925996  0.9890036  0.9261151  0.99800795 0.97304136]
[0.99872166 0.9961345  0.983032   0.99722856 0.9986254  0.9965927
 0.7456673  0.9789539  0.9956079  0.9951532  0.9576204  0.9762999
 0.956294   0.99909735 0.9931878  0.9819547  0.98888636 0.99855095
 0.9706104 ]
[0.99841905 0.9973869  0.96069    0.9968437  0.99819106 0.99799794
 0.9981475  0.635559   0.9660967  0.96843797 0.98901856 0.52120835
 0.96165645 0.99397874 0.99603456 0.9924092  0.969532   0.91915655
 0.99790454 0.96001375 0.97324276]
[0.99863225 0.9906859  0.99362504 0.9984145  0.99647635 0.9983725
 0.86789745 0.9948147  0.9677491  0.9737298  0.83168256 0.9031827
 0.9733021  0.8764119  0.99638534 0.9901418  0.998408   0.9837616
 0.9986137  0.9833847 ]
[0.99898654 0.99767226 0.9930916  0.99680066 0.99664044 0.9971942
 0.9983784  0.9980019  0.8187529  0.75870496 0.98090804 0.9738316
 0.9922879  0.7386641  0.7144907  0.81925106 0.9935976  0.95346045
 0.99047065 0.9984035  0.9979347  0.8576752 ]
[0.9983134  0.993779   0.9936186  0.98524404 0.99794525 0.9981521
 0.997359   0.7020041  0.8721807  0.9980572  0.92540556 0.9951599
 0.9989919  0.994477   0.998447   0.99380726 0.98977435 0.92646664
 0.99850273 0.9865739  0.978663  ]
[0.9979285  0.99581736 0.99380565 0.99785966 0.9970329  0.9981838
 0.99788994 0.5109513  0.8335418  0.9987472  0.99065393 0.999198
 0.9592449  0.9958858  0.99730206 0.9945768  0.9869589  0.871163
 0.99758244 0.9971397  0.9475029  0.8597643 ]
[0.9968811  0.9937158  0.99740976 0.99073434 0.99854636 0.9981938
 0.9979461  0.9982147  0.9941625  0.9972916  0.9821571  0.9749859
 0.9821286  0.9949792  0.99643    0.9845707  0.98674    0.96871924
 0.9986039  0.9909401  0.8883589  0.9461747  0.9913526  0.69322515
 0.995304   0.9717784  0.9947501 ]
[0.9989827  0.9954074  0.9928219  0.99847573 0.9970241  0.99820507
 0.9972113  0.6131771  0.88072675 0.99860567 0.9880756  0.9990477
 0.99718046 0.9936242  0.99183124 0.9919412  0.9375227  0.9976307
 0.99797124 0.95562583]
[0.99798006 0.9940195  0.9972435  0.9984199  0.99834347 0.95449847
 0.99875057 0.98958147 0.98811185 0.9989237  0.99570787 0.99378914
 0.9867495  0.90184486 0.9988746  0.9432135 ]
[0.99864334 0.994165   0.9980591  0.9967945  0.99777395 0.99771714
 0.90662515 0.91404086 0.99832207 0.93353146 0.99907035 0.98247474
 0.9975037  0.963546   0.9963426  0.9916449  0.9086566  0.9971734
 0.9978775  0.94347215 0.94898266]
[0.99842477 0.98175126 0.8588501  0.9971257  0.8051826  0.9815828
 0.99842596 0.9968516  0.9979759  0.62466484 0.9909986  0.9810801
 0.97225285 0.9910076  0.9908578  0.9605741  0.9976299  0.99871445]
[0.99866855 0.9959319  0.9798006  0.99674416 0.9972784  0.9979844
 0.911447   0.9980009  0.96668285 0.99893695 0.6455378  0.9970874
 0.9933693  0.9889965  0.9044253  0.9977518  0.9949949  0.96540946]
[0.9985557  0.5184774  0.99596304 0.9984463  0.9986557  0.9984865
 0.95199126 0.9987791  0.9929543  0.99423015 0.99924445 0.98491526
 0.9974807  0.9944936  0.9969458  0.9871761  0.97696745 0.6201967
 0.9957273  0.91752195 0.9854865 ]
[0.9981097  0.97078776 0.9777052  0.99687344 0.9982925  0.99705195
 0.9976876  0.9912867  0.97891575 0.59413695 0.9918726  0.99283445
 0.98792577 0.9918142  0.9967404  0.99856925]
[0.9990758  0.9767743  0.7848006  0.99367756 0.9214906  0.99829954
 0.99773324 0.9970673  0.97986734 0.94864255 0.99437165 0.967001
 0.9572978  0.9945792  0.9917389  0.9985709  0.9945215  0.96775997
 0.99782336]
[0.99805814 0.99391395 0.9940096  0.99733716 0.998389   0.9984687
 0.9149946  0.9351854  0.99862707 0.95962256 0.9987527  0.9609711
 0.9953434  0.92792356 0.9973271  0.9820641  0.9277024  0.9976165
 0.99753904 0.9494096  0.8652357 ]
[0.9988668  0.99634993 0.9933563  0.9979225  0.9970848  0.9979609
 0.9336091  0.9020739  0.9970599  0.9989778  0.8128468  0.99118197
 0.9900614  0.9934505  0.9882587  0.99113643 0.9910778  0.9910383
 0.99385023 0.9983057  0.9673812 ]
[0.99858284 0.99528474 0.9965461  0.9966035  0.9980268  0.9910874
 0.9072185  0.9530132  0.86947566 0.8437082  0.7929311  0.9918139
 0.94579655 0.9968387  0.9976242  0.9886085  0.94479054 0.91554564
 0.99586076 0.9485465  0.99452376 0.98518604]
[0.99851614 0.98893213 0.99721956 0.9849289  0.9965496  0.99840504
 0.9976507  0.9672704  0.9905319  0.99869734 0.9265309  0.93440306
 0.5646444  0.9396269  0.99375015 0.9886369  0.92170465 0.99737597
 0.9913702  0.75425905]
[0.9990017  0.9948743  0.9969578  0.99806803 0.99808097 0.9410073
 0.96129566 0.99894863 0.9235762  0.9992411  0.93360823 0.9857939
 0.99560815 0.9824059  0.99399525 0.9876095  0.540918   0.9978677
 0.9609429  0.9786871 ]
[0.9987846  0.99458003 0.9966619  0.996585   0.9965892  0.92783624
 0.9841464  0.99809164 0.96199524 0.9918079  0.99908185 0.51838946
 0.990092   0.9962453  0.96749306 0.97963107 0.9952551  0.9921331
 0.54439205 0.9973254  0.9734105  0.9834183 ]
[0.9989278  0.99645656 0.9944149  0.9977996  0.9915535  0.9972783
 0.9976922  0.99821955 0.84545094 0.9992137  0.9029851  0.99770975
 0.9969009  0.98854905 0.98016536 0.9608964  0.9679069  0.984758
 0.99501354 0.99523145 0.98851377 0.97665566 0.99614465 0.9951337
 0.9803504 ]
[0.9987937  0.99637187 0.99466276 0.99669445 0.9955037  0.9968348
 0.9980932  0.9982553  0.7329079  0.51960534 0.9792885  0.98033315
 0.9911885  0.8460492  0.9934355  0.99545574 0.8919887  0.9851879
 0.9979159  0.9976666 ]
[0.9987004  0.9930698  0.9931358  0.9979899  0.9981742  0.997624
 0.99850744 0.63754326 0.8612422  0.99816775 0.9928323  0.9988865
 0.9968945  0.9971198  0.9939466  0.9872371  0.9657677  0.99796706
 0.9978789  0.9709452 ]
[0.99894685 0.9870499  0.9981931  0.98716056 0.9983467  0.9978219
 0.9978942  0.99375254 0.99023366 0.9426505  0.99142116 0.98865545
 0.95458883 0.9979786  0.9991523 ]
[0.99875844 0.99747    0.98652166 0.9892875  0.99693763 0.99629766
 0.99693847 0.99870574 0.9924448  0.99631566 0.9806142  0.95189047
 0.9899934  0.98088866 0.999084   0.9956143  0.9929369  0.9960294
 0.9693778  0.76473314]
[0.9986767  0.99560344 0.9912998  0.9962237  0.9983169  0.9976407
 0.997678   0.7158538  0.9043826  0.9958781  0.99473745 0.99872214
 0.57140094 0.9973827  0.99813384 0.9967751  0.988054   0.9366321
 0.9983033  0.99825066 0.9584166 ]
[0.99811673 0.9954613  0.99266374 0.99822134 0.9973226  0.9982821
 0.99854964 0.64848506 0.8663304  0.9984255  0.9941301  0.99868673
 0.99522626 0.9947919  0.9931686  0.9846022  0.94685286 0.9988445
 0.9981629  0.967974  ]
[0.998703   0.99404246 0.99772936 0.9980586  0.99856514 0.9967739
 0.8743209  0.99824846 0.96556914 0.9991665  0.98855084 0.9973895
 0.99693227 0.9912218  0.97354895 0.8736528  0.9985562  0.99745506
 0.9399429  0.9873783 ]
[0.99876165 0.99598736 0.8907221  0.9980387  0.9983582  0.997255
 0.81774914 0.924795   0.9951304  0.91401297 0.8245177  0.97178143
 0.95466304 0.8267145  0.99657995 0.9895655  0.9952976  0.9706706
 0.99846774]
[0.99815327 0.9929102  0.9830768  0.9949079  0.9966516  0.9983133
 0.9969241  0.61136883 0.95754486 0.98119766 0.97380483 0.9989041
 0.98150486 0.94272    0.9926388  0.98414385 0.98658746 0.9979226
 0.99804026 0.9726494 ]
[0.9987503  0.9930941  0.99402833 0.99750865 0.99741733 0.9966974
 0.9234005  0.9556336  0.99820185 0.9545583  0.99921656 0.9795162
 0.99576473 0.9522142  0.9966102  0.99031353 0.8338492  0.99790984
 0.9952276  0.9494358  0.9680807 ]
[0.9982237  0.9956138  0.99366236 0.9975635  0.99831164 0.9976046
 0.9984174  0.99145377 0.9879923  0.98453116 0.9987074  0.9930716
 0.990072   0.99656737 0.9860582  0.9285585  0.9920655  0.9983234
 0.99674976]
[0.9982223  0.992434   0.9966331  0.99842    0.99811053 0.9967194
 0.9049598  0.9980421  0.9750056  0.9992224  0.9958209  0.99292773
 0.9913163  0.9757279  0.99875295 0.99709487 0.9776995 ]
[0.9986136  0.9939418  0.9980938  0.99724376 0.99818915 0.9549379
 0.7568227  0.9977024  0.99679714 0.9991054  0.99664885 0.9976787
 0.9968413  0.9930227  0.9358839  0.9977927  0.98054886 0.92732376]
[0.99916935 0.99395096 0.9960568  0.9961331  0.9965829  0.99782026
 0.9977284  0.99741274 0.6026674  0.770364   0.58540076 0.98462003
 0.9637778  0.991372   0.52313733 0.909683   0.86882716 0.995174
 0.8909288  0.9932981  0.99808913 0.997549   0.98447317]
[0.9979619  0.99776137 0.9949654  0.98976314 0.99688977 0.99685353
 0.9969874  0.998161   0.9649203  0.99286145 0.993236   0.9925167
 0.93181276 0.98486865 0.99785346 0.843124   0.99802655 0.9961125
 0.98854303 0.98952115 0.8618575  0.9937534  0.6359693  0.99744236
 0.9214234  0.9926777 ]
[0.9987305  0.9966229  0.9915952  0.9960394  0.9965139  0.99779993
 0.99766505 0.99718446 0.6082317  0.97877043 0.9852212  0.988552
 0.9867028  0.88616395 0.99477625 0.99453425 0.9987575  0.9983986 ]
[0.99806887 0.99683136 0.9963271  0.9970619  0.9969049  0.99681276
 0.99224263 0.989141   0.96528107 0.9602629  0.9985905  0.9810612
 0.785152   0.9791084  0.99491477 0.99212646 0.9983204  0.990234  ]
[0.9992417  0.99270284 0.9965778  0.9961123  0.990747   0.99902785
 0.9973477  0.9973201  0.997174   0.9547931  0.9717495  0.8059736
 0.9923826  0.9837367  0.97316736 0.9745147  0.99685717 0.9802771
 0.9893545  0.68235415 0.9945651  0.94002825 0.992266  ]
[0.9987305  0.993722   0.9687894  0.9917161  0.9976775  0.9977628
 0.99731016 0.98480576 0.9790462  0.9818631  0.9985898  0.98735833
 0.89336336 0.99123436 0.9794287  0.991189   0.9973718  0.99716526
 0.9574957 ]
[0.99894136 0.99406487 0.99752027 0.9975091  0.99762625 0.99780315
 0.90443194 0.9987697  0.97606206 0.999156   0.98848933 0.99695826
 0.99541146 0.9924817  0.984402   0.93322414 0.99779236 0.99798167
 0.92483073 0.99082804]
[0.9981558  0.9969627  0.92760897 0.9960878  0.99709857 0.99790525
 0.9975032  0.7265338  0.98132014 0.9659948  0.9922035  0.53735405
 0.99004644 0.9896157  0.9965581  0.9943579  0.97732884 0.962861
 0.9970157  0.7978524  0.9369926 ]
[0.99794537 0.99332124 0.9972186  0.99808514 0.9980703  0.9978496
 0.8900839  0.9988777  0.9777908  0.99927396 0.9970011  0.99402505
 0.9922333  0.94749755 0.9983132  0.9966287  0.9355475 ]
[0.99823785 0.9928334  0.9956528  0.9983216  0.99711716 0.9980526
 0.9972671  0.82714725 0.99759895 0.9934755  0.9991579  0.90268105
 0.9965969  0.99780935 0.9956305  0.9942285  0.9532022  0.99786913
 0.9984516  0.95997465 0.52648056]
[0.99884063 0.99368626 0.99740535 0.99784493 0.9972777  0.99830437
 0.900732   0.99798834 0.97853494 0.999003   0.9971752  0.99660134
 0.9923193  0.95758235 0.99769944 0.9982609  0.9533627 ]
[0.99917126 0.9963611  0.995667   0.9689792  0.98498166 0.9969469
 0.99685776 0.99827266 0.9698335  0.99398416 0.9555145  0.5254172
 0.9955432  0.98743385 0.99051076 0.9965216  0.98930407 0.98683375
 0.99822706 0.9962554  0.99633527 0.98610383 0.99657154 0.990049  ]
[0.9983677  0.99770606 0.991971   0.99904853 0.99693227 0.9982408
 0.9982135  0.9977354  0.9986707  0.99398947 0.99729854 0.99669826
 0.9666635  0.9981567  0.9634079  0.99598736 0.99236465 0.9966248
 0.99713707 0.99836594 0.9682248  0.9913345  0.9188983  0.9860833
 0.9522709 ]
[0.9985563  0.9933096  0.9962984  0.9980416  0.9968742  0.9977623
 0.9975859  0.68965846 0.78817654 0.9987307  0.9962534  0.99915636
 0.99457526 0.9983923  0.9930803  0.9891016  0.9588313  0.9976603
 0.9984035  0.96314645]
[0.9983175  0.99618113 0.9443282  0.99639374 0.99688953 0.9965287
 0.9984274  0.9236415  0.99102086 0.9059762  0.96830463 0.9906979
 0.84766513 0.9924798  0.99472946 0.9855033  0.99201655 0.9023491
 0.9957385  0.5217629 ]
[0.9989274  0.9763569  0.9967018  0.9598898  0.9975183  0.998478
 0.9970005  0.9934754  0.98336107 0.9693317  0.988777   0.98790085
 0.93441635 0.99855393 0.9987184 ]
[0.9979545  0.9929963  0.9983063  0.9984907  0.99746764 0.99795157
 0.91469747 0.99714357 0.9750862  0.99884737 0.9963153  0.99582833
 0.9876545  0.970586   0.9979386  0.9985421  0.96839505]
[0.9982457  0.9917812  0.9895948  0.9966574  0.998245   0.9971859
 0.9209833  0.99861765 0.99031246 0.9990275  0.99544024 0.9820164
 0.9970908  0.99078935 0.9134707  0.9973584  0.9955064  0.9401884 ]
[0.9981831  0.9971733  0.99246585 0.99650586 0.99569416 0.9978169
 0.9984775  0.9984518  0.6791503  0.9829758  0.97708833 0.99317086
 0.8179078  0.93677515 0.86868787 0.9941759  0.89479756 0.98846334
 0.99846905 0.9984097 ]
[0.9980714  0.99566334 0.9898038  0.9983175  0.9985171  0.9983912
 0.9029788  0.99804604 0.9956736  0.98651683 0.9989986  0.94733554
 0.9940884  0.99216276 0.99057895 0.94709104 0.9984004  0.96494883]
[0.9986816  0.9967732  0.9944629  0.99535406 0.99474573 0.9985037
 0.9982199  0.9969908  0.9814276  0.96028787 0.99059314 0.74677306
 0.9920683  0.9912547  0.9885026  0.5046342  0.9972825  0.99815196]
[0.9980708  0.99362904 0.9979068  0.9972892  0.9975229  0.9312077
 0.94806165 0.9986345  0.9894672  0.9991283  0.5705759  0.99669635
 0.9891538  0.9918663  0.7711568  0.9985783  0.98588365 0.962811  ]
[0.99885964 0.9950677  0.99838185 0.9984634  0.9979863  0.9449763
 0.99731207 0.9942849  0.9860464  0.998814   0.85769403 0.9961832
 0.99493283 0.9930038  0.86463505 0.9980509  0.9328386 ]
[0.9982284  0.99659735 0.9936249  0.99608576 0.9975776  0.9974388
 0.997905   0.91288036 0.9978719  0.9958497  0.9991542  0.9956714
 0.998459   0.99376255 0.99314606 0.877738   0.998151   0.995181
 0.9526203 ]
[0.9989567  0.99559647 0.99659497 0.9983468  0.9975567  0.9973828
 0.8956703  0.998744   0.9728009  0.99903035 0.99692625 0.99342924
 0.9924981  0.94685286 0.9981463  0.99811965 0.9529766 ]
[0.9978236  0.99225426 0.99770457 0.99723864 0.9981141  0.9978417
 0.87775254 0.9989581  0.97622186 0.9991731  0.9962048  0.99593204
 0.98777825 0.9757583  0.9985104  0.99770564 0.9493949 ]
[0.9980258  0.9905346  0.93370974 0.9965989  0.9983546  0.9972893
 0.9968094  0.9856226  0.9801191  0.9749653  0.9678219  0.9990392
 0.99252737 0.9836025  0.9935846  0.8803357  0.70492727 0.9865435
 0.99605846 0.9985967  0.9764742 ]
[0.99876153 0.99592245 0.99018747 0.9799234  0.9748908  0.99739873
 0.99642736 0.9964818  0.7035553  0.8595246  0.9968354  0.95646846
 0.9879788  0.9249093  0.98471075 0.9838922  0.99849916 0.9939307
 0.99415827 0.99211276 0.99829155 0.9929047  0.97393   ]
[0.99885774 0.9932607  0.99693847 0.99832696 0.9973953  0.92591596
 0.9963904  0.99431854 0.97886354 0.9987118  0.9970048  0.99188226
 0.9900989  0.9420006  0.9987042  0.9683962 ]
[0.99815327 0.9962237  0.98931    0.9985172  0.9509177  0.9667017
 0.9983165  0.9975688  0.9965396  0.9875042  0.99506444 0.9986297
 0.961251   0.99793303 0.9917659  0.986534   0.9814293  0.9923038
 0.96703434]
[0.9981177  0.9953945  0.9947127  0.9978529  0.99855787 0.99735343
 0.99762887 0.90444463 0.99849963 0.99162513 0.99925023 0.87920505
 0.99677235 0.9970886  0.99254483 0.99289966 0.8511977  0.9271672
 0.9985567  0.99796534 0.9284805  0.9436931 ]
[0.99793833 0.99530184 0.9636394  0.9900365  0.9960938  0.9982815
 0.9978231  0.997773   0.61280185 0.99492973 0.9918292  0.9969562
 0.9940848  0.9283138  0.9689256  0.9955468  0.9938951  0.9804426
 0.9979373  0.99787414 0.9981912  0.93799716]
[0.99820447 0.9959358  0.99785596 0.9970745  0.99850744 0.9978668
 0.87945384 0.9980749  0.9638008  0.9990054  0.76142544 0.9951261
 0.9962716  0.992603   0.9626173  0.9979625  0.9978491  0.9531518 ]
[0.99878734 0.9957319  0.9922733  0.9958145  0.9556522  0.99648106
 0.99845624 0.99786866 0.78304696 0.99573153 0.963244   0.98860043
 0.9986021  0.9893483  0.9830821  0.9943921  0.9942888  0.98813695
 0.99056935 0.99683326 0.9905782  0.990298  ]
[0.9985172  0.9967218  0.99505746 0.9949181  0.9932039  0.99831223
 0.9979584  0.99846375 0.8025005  0.6427977  0.97923785 0.96884567
 0.9915643  0.82104737 0.97653913 0.99384826 0.92342025 0.9872076
 0.9981352  0.99831104 0.9150257 ]
[0.9981121  0.99297065 0.9981719  0.9987445  0.9967102  0.9071359
 0.9987588  0.5840258  0.9691552  0.9991985  0.8707614  0.9627709
 0.9962262  0.99647695 0.99094033 0.98355985 0.90268254 0.9974656
 0.97235584 0.9872022 ]
[0.99804175 0.9944675  0.9958313  0.9980737  0.99846554 0.99821717
 0.9299075  0.9984676  0.99063545 0.9987717  0.9970988  0.9903341
 0.99738544 0.99058867 0.9804795  0.996627   0.99811447 0.9504443 ]
[0.99869883 0.99443746 0.9935156  0.9984162  0.99672    0.99717414
 0.9983645  0.8330299  0.9467001  0.9975915  0.9815894  0.9992211
 0.969993   0.9963527  0.95733184 0.98361176 0.9955961  0.99265325
 0.9602617  0.9984786  0.99822205 0.96648294 0.96388763]
[0.9989305  0.9956721  0.96540105 0.9985771  0.9975435  0.9982187
 0.93488455 0.9981565  0.9875567  0.9955913  0.9987966  0.99405044
 0.9982388  0.9921029  0.98747385 0.8689705  0.9983199  0.95176667]
[0.9977533  0.9972492  0.86343056 0.9898347  0.9956505  0.9970902
 0.9976793  0.9969531  0.96140087 0.98712695 0.9988387  0.98441654
 0.740752   0.9934396  0.99296826 0.87318957 0.99604994 0.9986457
 0.5224992  0.99533516]
[0.99789536 0.9960974  0.889735   0.9983798  0.99837875 0.99727756
 0.9406783  0.9978935  0.9935993  0.9991061  0.99598193 0.9973279
 0.9969867  0.98984104 0.9289082  0.9973054  0.94882894 0.9536874 ]
[0.99888235 0.99583685 0.99315965 0.9965822  0.9949508  0.9982869
 0.99746084 0.9984555  0.715959   0.6935615  0.98147136 0.9805675
 0.9933074  0.77221876 0.9689956  0.99573463 0.94136596 0.9900239
 0.99718297 0.9984754  0.7903017 ]
[0.9980088  0.9958289  0.994653   0.9975689  0.9966787  0.99855465
 0.99738556 0.8808186  0.99778855 0.9964514  0.99888974 0.9971227
 0.9980282  0.9965843  0.9884439  0.94004625 0.99814534 0.998133
 0.9512562 ]
[0.9984456  0.9978405  0.9951994  0.9881285  0.9847898  0.9964485
 0.9965485  0.9964694  0.94588226 0.8535894  0.99889934 0.9893226
 0.9992322  0.9965168  0.75903153 0.9972886  0.9165889  0.99447757
 0.97422475 0.99285614 0.99117774 0.99579585 0.9920374  0.9814122 ]
[0.99853504 0.9950654  0.9927769  0.9967     0.99794453 0.998884
 0.99748045 0.75753504 0.86222494 0.9989267  0.99544084 0.9991547
 0.8915787  0.9971546  0.9981098  0.99550796 0.9926127  0.89173204
 0.9983612  0.9980019  0.94776183]
[0.99784195 0.99306196 0.9954295  0.99840313 0.9976839  0.99815565
 0.92562205 0.9987816  0.99324954 0.998982   0.9950519  0.98686093
 0.9938407  0.99205387 0.92166066 0.9970703  0.9981541  0.94003254]
[0.9977143  0.99751794 0.9895476  0.9965062  0.9965622  0.9977551
 0.9973176  0.99745744 0.99700564 0.93060225 0.98839426 0.99277264
 0.9520254  0.9524925  0.99648356 0.9890426  0.9468437  0.9946079
 0.9987262  0.9784756  0.9981304 ]
[0.99812    0.9923862  0.9743069  0.9969164  0.9981968  0.9975726
 0.99660695 0.83666205 0.9978054  0.93242615 0.99899644 0.98524624
 0.9972363  0.9969606  0.9917857  0.97799575 0.93190384 0.9983329
 0.99752814 0.9317313  0.98735124]
[0.9987741  0.992376   0.99798137 0.9974368  0.99765813 0.9898846
 0.99552464 0.99424756 0.9954144  0.967157   0.98764265 0.98574466
 0.9990429  0.98999995 0.9854624  0.9874143  0.998123   0.99562955]
[0.9979803  0.9847764  0.9846357  0.997352   0.99721646 0.99679106
 0.99725085 0.8697953  0.52926004 0.6650612  0.99336857 0.9850204
 0.9948479  0.99858177 0.9979248  0.98054653 0.977705   0.9821845
 0.9981153  0.9930936  0.99778134 0.8397494 ]
[0.99922967 0.9938566  0.99354976 0.96278983 0.9980957  0.99703884
 0.99781585 0.9288886  0.7184238  0.99464273 0.9777564  0.99191636
 0.98235863 0.9941233  0.9941057  0.99843425 0.98907614 0.99780077
 0.99101335 0.99134237 0.9077466 ]
[0.9984668  0.9934628  0.9889986  0.9966798  0.9986846  0.9971131
 0.9031779  0.9986634  0.9953719  0.9864189  0.99891794 0.9102087
 0.99677014 0.9926811  0.9894387  0.9443515  0.99784935 0.9411677 ]
[0.9979164  0.7311786  0.9949549  0.9969312  0.99863005 0.9971697
 0.935091   0.99880517 0.995587   0.9992348  0.99499065 0.99745494
 0.9974287  0.9919768  0.9193756  0.9954135  0.9884157  0.93814296]
[0.99877685 0.9969271  0.98729813 0.99798715 0.99829334 0.99747556
 0.9941987  0.9713467  0.9985141  0.9474967  0.99111325 0.91091657
 0.61821085 0.93397546 0.9934337  0.9066944  0.9984603  0.9461436
 0.9585675  0.9910958  0.99343467 0.99184495 0.9896478  0.9980726
 0.9926294  0.9341172  0.98491836 0.9929246 ]
[0.9990963  0.9957761  0.9930367  0.99711037 0.96198785 0.99654466
 0.99708945 0.9976579  0.62088716 0.75778836 0.5012246  0.9899893
 0.96643716 0.9933903  0.63986486 0.98571116 0.9947345  0.9376758
 0.99224395 0.9984982  0.9939466 ]
[0.998939   0.9953426  0.9978217  0.99732697 0.9968389  0.9232476
 0.9982493  0.9783512  0.99906045 0.99487656 0.99446493 0.9889943
 0.9341099  0.9983103  0.9887583  0.9603914 ]
[0.9990238  0.9981002  0.9922037  0.99598145 0.6899275  0.99847025
 0.9973289  0.9981006  0.9222143  0.568163   0.9970804  0.99202067
 0.98550236 0.9819972  0.9929414  0.9896237  0.8619819  0.99464464
 0.988897   0.9472671  0.9975425 ]
[0.9983646  0.99655426 0.9921266  0.9859476  0.99734384 0.998063
 0.99776006 0.9966338  0.55741465 0.99899846 0.82304    0.97674495
 0.9986889  0.9967001  0.90558344 0.9924394  0.998538   0.9943974
 0.98030967 0.8911421  0.9862497  0.9981949 ]
[0.9990458  0.99722713 0.99141264 0.98042893 0.99793446 0.99627066
 0.9971697  0.99710745 0.98273337 0.99879324 0.9908965  0.9941507
 0.99527466 0.98045474 0.936706   0.9846257  0.9892652  0.9910227
 0.7624647  0.99461406 0.9920014  0.9937151  0.71120936 0.9971654 ]
[0.9987087  0.9945679  0.99832374 0.9979436  0.9979097  0.9252524
 0.7080107  0.99845266 0.9937848  0.9664823  0.9992454  0.97707444
 0.995321   0.9954139  0.992599   0.54078877 0.9987031  0.9381778
 0.9323883 ]
[0.99868006 0.9940002  0.99776256 0.99765754 0.9970912  0.998519
 0.9941577  0.9874326  0.96289486 0.9965497  0.99425286 0.9811342
 0.98944175 0.86620474 0.9935992  0.76379406 0.99767023 0.98481685
 0.93408084 0.971056   0.9815969  0.9974704  0.99720865 0.98514426
 0.92596525 0.9840581 ]
[0.9987103  0.9952657  0.99807584 0.99859625 0.99851626 0.9975216
 0.9391351  0.99855286 0.9694243  0.999092   0.9976775  0.99415886
 0.9887211  0.95539045 0.9976572  0.99805415 0.89979494]
[0.9986228  0.9922131  0.9944365  0.9985642  0.99865973 0.99745816
 0.9747062  0.99178165 0.83336246 0.7816787  0.9956365  0.9962607
 0.98954177 0.9978275  0.9815863  0.9919419  0.9878126  0.9968761
 0.9823397  0.9990095  0.9694652  0.9941801  0.99597794]
[0.9986166  0.99680686 0.9878566  0.99854195 0.99866927 0.99820554
 0.9201909  0.9983853  0.9948133  0.99699247 0.99917585 0.99754083
 0.99784124 0.99387556 0.9904178  0.92520136 0.9982268  0.9431256 ]
