Mprobs for dataset art (0.00000001)

[0.9990441 0.9962275 0.9979196 0.9989053 0.997408  0.9994522 0.9984353]
[0.9987109  0.9960516  0.99800724 0.99881613 0.99697363 0.99785054
 0.99832195 0.97385675 0.9977539 ]
[0.99907863 0.9976163  0.9984836  0.998995   0.9984762  0.9995735
 0.9369162  0.9980592 ]
[0.9977695  0.99688077 0.99802905 0.997552   0.99761    0.9953648
 0.9952566  0.911652   0.99938464]
[0.99848914 0.99551046 0.99741286 0.99897385 0.99724716 0.9977584
 0.997355   0.97562873 0.9994135 ]
[0.99807966 0.9966371  0.998429   0.99785787 0.9984523  0.9992095
 0.9292264  0.9975184 ]
[0.9981504 0.9964605 0.9985343 0.9986167 0.9981888 0.9671002 0.9984249
 0.9996549]
[0.99890184 0.9967519  0.99786395 0.99731594 0.9972339  0.99934417
 0.92730534 0.9972861 ]
[0.9988331  0.9966646  0.9976071  0.99822396 0.9975024  0.9394126
 0.999329   0.99894744]
[0.9980756  0.9969505  0.99726784 0.9979656  0.9978676  0.9994236
 0.95799625 0.9972921 ]
[0.9989818  0.9967368  0.9986386  0.9986841  0.99760973 0.9988305
 0.93153554 0.99912506]
[0.9988657  0.9961541  0.6033353  0.9980521  0.9982212  0.99810106
 0.7743212  0.9988158  0.9985598 ]
[0.9978689  0.99601954 0.99752754 0.99713933 0.998626   0.9982451
 0.97322184 0.99834037]
[0.9989446  0.9938478  0.9978946  0.99847406 0.99700123 0.99927384
 0.97437423 0.99845326]
[0.9979625  0.99728405 0.9975484  0.9982167  0.9970782  0.99938965
 0.8945751  0.99851876]
[0.99821424 0.9970625  0.9972844  0.9973686  0.9973078  0.9995629
 0.7517166  0.9990433 ]
[0.99868757 0.99650663 0.99731785 0.9971835  0.99820864 0.99744874
 0.9967405  0.9308016  0.99937516]
[0.99832076 0.9965192  0.99698776 0.99848515 0.99843556 0.996897
 0.96270967 0.9980135  0.9963356 ]
[0.9987457  0.99724686 0.9981212  0.9984458  0.99758995 0.99928707
 0.9683908  0.9993112 ]
[0.99713326 0.99806494 0.9978034  0.99831843 0.9976457  0.9991352
 0.99880695]
[0.9989072  0.9973603  0.9977665  0.99758863 0.99753773 0.9979086
 0.99716645 0.96616447 0.9989549 ]
[0.99868053 0.99706644 0.9979437  0.9984837  0.99845374 0.99946994
 0.9035434  0.9981164 ]
[0.9988669 0.9969048 0.9973803 0.998701  0.9985002 0.978314  0.9697693
 0.9976363 0.9989158]
[0.99858487 0.99649686 0.99754614 0.99814093 0.9979492  0.9972594
 0.9976139  0.9171083  0.9990006 ]
[0.99765956 0.9972729  0.9977794  0.99894816 0.9973616  0.999532
 0.96721274 0.9975349 ]
[0.99852824 0.9971769  0.9824181  0.9980811  0.9978144  0.9974699
 0.9862547  0.99839956 0.68025744 0.99823666]
[0.99851197 0.99681336 0.9971149  0.9986327  0.9980216  0.9989655
 0.9528089  0.99859756]
[0.99851614 0.99747014 0.9986349  0.998334   0.9969342  0.99647254
 0.8677724  0.99824107 0.99791354]
[0.99876344 0.99674416 0.9976878  0.9981122  0.99719524 0.99921024
 0.9385282  0.99781173]
[0.9988859  0.9973103  0.99715436 0.9986266  0.997682   0.75242305
 0.99956876 0.9989347 ]
[0.9986399  0.9978371  0.9981687  0.9985227  0.9985668  0.99867946
 0.9985746  0.9339898  0.9989454 ]
[0.99886155 0.9955309  0.99765956 0.998744   0.99765223 0.9725084
 0.9993825  0.999579  ]
[0.9984218  0.9959402  0.9983292  0.99850523 0.99783415 0.99816424
 0.9976871  0.9387896  0.9983253 ]
[0.9990464  0.99738044 0.9969612  0.9984133  0.99846005 0.9988834
 0.88648087 0.9984376 ]
[0.999137   0.9954456  0.9983316  0.99902296 0.9986085  0.60955244
 0.97074425 0.9991684  0.99900573]
[0.9974577  0.99744046 0.997113   0.9988136  0.9980732  0.9972806
 0.99649894 0.80626744 0.9982456 ]
[0.9975067  0.99748635 0.9986739  0.99757993 0.99854004 0.99707687
 0.9982268  0.6869513  0.99836403]
[0.9979851  0.9961765  0.9979233  0.9982174  0.9984901  0.95616066
 0.9987638  0.99901676]
[0.99844676 0.99467987 0.99842983 0.99816054 0.99864954 0.99931514
 0.97367215 0.9991934 ]
[0.9984068  0.9974982  0.9975556  0.9988405  0.99845684 0.99863166
 0.6525904  0.9992649 ]
[0.9986634  0.99717975 0.99848264 0.9983183  0.99867624 0.98455596
 0.9985422  0.9996221 ]
[0.9986261  0.9965042  0.9973335  0.99792683 0.9972083  0.9975769
 0.9986123  0.93504715 0.9981406 ]
[0.99872845 0.9957397  0.9984547  0.9981737  0.9971089  0.9970487
 0.9981996  0.94718164 0.99942255]
[0.9979875  0.99650025 0.99733424 0.99688405 0.99804914 0.9715096
 0.99862254 0.9992404 ]
[0.9983417  0.9951369  0.9974124  0.99845004 0.99840623 0.9993369
 0.9842741  0.99747425]
[0.99810034 0.9975268  0.99851364 0.9987802  0.99724126 0.9981845
 0.998304   0.9291904  0.99916923]
[0.99766076 0.99534273 0.99751115 0.99828184 0.99859506 0.9989674
 0.9736849  0.9983    ]
[0.99801946 0.9948271  0.99854016 0.9986161  0.9986273  0.9994211
 0.9289903  0.99776113]
[0.99777216 0.99743724 0.9972916  0.99827063 0.9978842  0.9993272
 0.8612735  0.99834573]
[0.99760973 0.996228   0.998662   0.99774325 0.99793774 0.99541724
 0.9966425  0.9458355  0.9991166 ]
[0.9985032  0.9930549  0.9984351  0.9981415  0.99781775 0.980667
 0.9986682  0.9620545  0.9989189  0.97396153]
[0.9987708  0.99563235 0.9975508  0.99783796 0.9971307  0.9983694
 0.9667463  0.9985923 ]
[0.9976712  0.9951833  0.9984168  0.99876404 0.9970681  0.9995466
 0.9367557  0.9971916 ]
[0.99872977 0.9939918  0.99818426 0.99820554 0.9980519  0.9967325
 0.9980965  0.97937894 0.9994017 ]
[0.9989717  0.99797004 0.9983602  0.99900466 0.99761754 0.9992859
 0.9984983 ]
[0.99793506 0.9969656  0.99869967 0.9989004  0.99773526 0.9977882
 0.99745554 0.9683027  0.9978083 ]
[0.99814904 0.9974462  0.9985013  0.9977188  0.99775887 0.99631554
 0.99754083 0.9986682 ]
[0.9988373  0.9966011  0.99813926 0.9980262  0.9981679  0.9990074
 0.97823226 0.9983766 ]
[0.9987086  0.99590474 0.9984958  0.99813557 0.99821246 0.99920577
 0.92947084 0.9989178 ]
[0.9980046  0.9974813  0.99825996 0.99832183 0.9986827  0.9994336
 0.9981609 ]
[0.9986474  0.9944501  0.9987368  0.9988551  0.99840194 0.99832934
 0.99924004]
[0.99851197 0.99749774 0.9984372  0.9987606  0.99832076 0.99573696
 0.9977652  0.85255057 0.9979036 ]
[0.9978187  0.99695826 0.9986551  0.99794716 0.9983992  0.9985298
 0.99820995]
[0.9987196  0.99571437 0.9984578  0.99761873 0.9983563  0.94790334
 0.9981558  0.99949646]
[0.998323   0.996808   0.9978859  0.99811375 0.9979672  0.9991418
 0.97787607 0.99903893]
[0.99887985 0.9973393  0.9971976  0.99868995 0.9970283  0.99922717
 0.9402571  0.9985227 ]
[0.99864453 0.9937516  0.9983103  0.99686426 0.99696904 0.9977272
 0.97821665 0.9969593 ]
[0.998588   0.9960855  0.9986975  0.99794465 0.9975435  0.9987657
 0.9970778  0.956953   0.99900645]
[0.9982475  0.9970504  0.9983034  0.9986584  0.9973725  0.9874479
 0.9870617  0.9969807  0.96407276 0.9977054 ]
[0.9980774  0.9960984  0.9986847  0.9982768  0.9978169  0.99954575
 0.91879666 0.9973942 ]
[0.9982395  0.9972742  0.9977526  0.9986627  0.99735    0.8738415
 0.9973424  0.99959856]
[0.9990602  0.9976452  0.9970884  0.998594   0.997299   0.99942017
 0.78654075 0.9982944 ]
[0.9982742  0.99533314 0.9978969  0.99821126 0.9977108  0.9995301
 0.9767952  0.99823344]
[0.99912137 0.99726725 0.9980406  0.9981926  0.99811965 0.998103
 0.9765435  0.99754494 0.99710137]
[0.99917406 0.99709415 0.99820566 0.9986351  0.99803513 0.9095827
 0.9977406  0.99953043]
[0.99842095 0.99753016 0.9986344  0.99890745 0.9986236  0.9995577
 0.9765555  0.99842095]
[0.9979341  0.99329466 0.9985441  0.9984937  0.99784315 0.99910057
 0.9561092  0.99926096]
[0.9981614  0.99763393 0.6865652  0.99861574 0.9987197  0.99753016
 0.99330056 0.99432445 0.6883161  0.9973552  0.99883014]
[0.9969885  0.995666   0.9978142  0.99796295 0.99858713 0.9996026
 0.72185737 0.99724364]
[0.9986426  0.9978193  0.9980648  0.99800533 0.9978446  0.9994273
 0.9983607 ]
[0.9989993  0.99699306 0.9977586  0.9978017  0.9968548  0.99936646
 0.93842226 0.9985662 ]
[0.99791485 0.99619067 0.9981908  0.9984775  0.99793375 0.98226476
 0.99901164 0.9985299 ]
[0.9987104  0.9930548  0.99765176 0.9986369  0.9979638  0.9994949
 0.9989261 ]
[0.99846953 0.99804175 0.9977512  0.99840987 0.998386   0.9994036
 0.9978405 ]
[0.9982284  0.99620795 0.99838257 0.9985966  0.9981217  0.99958175
 0.90926814 0.9981123 ]
[0.99805546 0.99655163 0.9986418  0.99840987 0.9983981  0.9992853
 0.9649083  0.99728405]
[0.9988017  0.9970572  0.99725986 0.99751353 0.9980884  0.9995394
 0.9241462  0.9979492 ]
[0.9982798  0.99554956 0.9977754  0.9987931  0.99736553 0.9955271
 0.93652385 0.997531   0.99848795]
[0.9979012  0.9961935  0.99835336 0.99739146 0.998262   0.99890614
 0.6187492  0.9977691 ]
[0.99905354 0.9952331  0.99860257 0.99894935 0.9986987  0.99795026
 0.98169976 0.9982679  0.9976301 ]
[0.9989768  0.99630654 0.99697804 0.9981395  0.99791425 0.9756284
 0.9973687  0.9995092 ]
[0.99788994 0.99686915 0.9978193  0.9968509  0.99799263 0.99706346
 0.99871135 0.9021026  0.9987286 ]
[0.9983706  0.99694914 0.9969758  0.9985964  0.99839467 0.9967661
 0.99792933 0.9608692  0.99886996]
[0.9989279  0.99565685 0.9971649  0.99845004 0.99863774 0.9991259
 0.95537424 0.9978933 ]
[0.99819946 0.9961743  0.99874336 0.99785787 0.9977997  0.9993444
 0.9488019  0.9973416 ]
[0.9982602  0.99624544 0.9980421  0.9987154  0.9977049  0.98369455
 0.9989384  0.99930084]
[0.99839646 0.99682343 0.9982015  0.9982749  0.9982692  0.99922025
 0.95750594 0.9990214 ]
[0.9988599  0.99704105 0.9970042  0.99835324 0.9982924  0.9984193
 0.9985007  0.91878617 0.99881196]
[0.9976883  0.99592006 0.9970804  0.9987325  0.997619   0.99832577
 0.91636384 0.9988269 ]
[0.9986981  0.99752754 0.9986532  0.99841976 0.99846715 0.9996619
 0.9644255  0.9985624 ]
