Mprobs for dataset art (0.1)

[0.99826753 0.9965239  0.99821824 0.9981432  0.99833506 0.9992192
 0.94333875 0.9988722 ]
[0.9984571  0.99564123 0.9977551  0.99825805 0.99778557 0.99955064
 0.9580651  0.9981927 ]
[0.9988257  0.9963792  0.998386   0.99829274 0.99736446 0.9986022
 0.9754149  0.99857354]
[0.9986308  0.9973694  0.99846137 0.99875546 0.99863964 0.99890554
 0.962646   0.9978884 ]
[0.99830425 0.99646497 0.99855417 0.9984168  0.9985733  0.9449087
 0.9993191  0.999204  ]
[0.9980165  0.9970591  0.99735665 0.9979279  0.9980404  0.9992988
 0.9439823  0.99859875]
[0.99903995 0.99602157 0.9986808  0.9984107  0.99769944 0.9987784
 0.9859211  0.9992829  0.8805111 ]
[0.99845123 0.9961074  0.9974362  0.9984975  0.99866474 0.9995301
 0.9722755  0.99815077]
[0.998393   0.9967834  0.9981877  0.99852043 0.99786395 0.9973947
 0.9777699  0.99831784]
[0.998667   0.9955456  0.9980148  0.99861026 0.99837106 0.9993451
 0.96633786 0.998553   0.70837677]
[0.9984194  0.9976222  0.9990657  0.9981493  0.99854374 0.9981421
 0.99762374]
[0.99887425 0.99817216 0.99773955 0.9973219  0.99805534 0.9988574
 0.99948394]
[0.9988372  0.9961809  0.9983198  0.99809605 0.9986816  0.9989893
 0.81596357 0.9984518 ]
[0.9966883  0.9976566  0.99725926 0.9969829  0.9976647  0.99862754
 0.9084378  0.99848205]
[0.9988594  0.99627113 0.99840885 0.9984497  0.99726    0.99947685
 0.94907916 0.9983467 ]
[0.99876475 0.9976654  0.9993125  0.99802005 0.9988426  0.9970145
 0.9984646 ]
[0.99852633 0.99694484 0.9981896  0.99876654 0.99700457 0.9993717
 0.9829816  0.9983615 ]
[0.9986234  0.99608254 0.9978897  0.9976895  0.99792767 0.9987348
 0.9580433  0.9993774 ]
[0.9981329  0.9962064  0.9985838  0.99865085 0.9986864  0.99886924
 0.9546514  0.99917185]
[0.99827826 0.99681324 0.99810284 0.9990037  0.9980901  0.9966947
 0.9971541  0.96219254 0.99936193]
[0.99830425 0.996099   0.9980457  0.99818087 0.99755716 0.9985713
 0.8786036  0.9996012 ]
[0.99831235 0.99541867 0.9976069  0.99670583 0.9973953  0.9995122
 0.96222585 0.9996159 ]
[0.9977775  0.9956067  0.9979577  0.9978956  0.99819237 0.9983551
 0.9685259  0.9989774 ]
[0.99817824 0.99674976 0.99790835 0.9972951  0.9972119  0.9990772
 0.9510697  0.99770516]
[0.9984376  0.9961169  0.9978275  0.99899703 0.99770784 0.9985947
 0.9716844  0.99901986]
[0.9977514  0.9972089  0.999387   0.9976998  0.9984086  0.99719775
 0.97672063 0.99930835]
[0.99799263 0.99780804 0.99812526 0.99776447 0.99768925 0.99920887
 0.66305214 0.9979517 ]
[0.99834955 0.9973959  0.9985291  0.9978607  0.9970993  0.9995926
 0.92389375 0.99817157]
[0.99843174 0.99663585 0.9985525  0.9986808  0.9978435  0.99772257
 0.94179523 0.99881566 0.7159954 ]
[0.998818  0.9965004 0.9977095 0.9985044 0.9974988 0.9977798 0.7161108
 0.9992913]
[0.99896324 0.9960387  0.99744666 0.99817467 0.9974088  0.9978727
 0.9595282  0.9975762  0.99708885]
[0.9980836  0.9957794  0.9992785  0.99703276 0.99837863 0.99693346
 0.9653787  0.9987062 ]
[0.99855167 0.99720865 0.99805814 0.9977557  0.9971969  0.9979069
 0.99856985 0.94090545 0.99822825]
[0.99790335 0.99643826 0.99840504 0.99853015 0.9978631  0.9994987
 0.9432635  0.9992847 ]
[0.9980465  0.9962896  0.99865675 0.9977969  0.9981857  0.99875236
 0.97040874 0.9987406 ]
[0.9990006  0.9949521  0.99790764 0.9974491  0.99736327 0.9988569
 0.99948823]
[0.99829644 0.9970161  0.9971439  0.9977755  0.99723166 0.9996325
 0.9125879  0.9985031 ]
[0.99835074 0.995808   0.9979406  0.9987337  0.99840385 0.9989225
 0.97019315 0.998401  ]
[0.9986338  0.9964227  0.9987092  0.99847144 0.99729013 0.99407923
 0.99606353 0.9410804  0.9990115 ]
[0.9989742  0.9953667  0.9982216  0.9980787  0.99825627 0.9985116
 0.94838697 0.9990042  0.94945204]
[0.9968688  0.9969543  0.9986052  0.997171   0.99798703 0.9983335
 0.9199537  0.99899215]
[0.9987734  0.997283   0.99736506 0.9979778  0.9977837  0.998453
 0.99588484 0.939107   0.9979753 ]
[0.9983925  0.99733377 0.9984611  0.99783176 0.9976986  0.9993272
 0.94813335 0.9973521 ]
[0.998292   0.9960691  0.9980326  0.9977099  0.99735343 0.9985654
 0.96251976 0.9988331 ]
[0.99807453 0.9959526  0.9977596  0.99820185 0.9969681  0.9980568
 0.9986987  0.9667004  0.99897337]
[0.998209   0.994991   0.99882525 0.9981482  0.9984061  0.95600975
 0.99924767 0.99899536]
[0.99847394 0.9967989  0.998599   0.9981567  0.9983146  0.9981345
 0.99857616 0.9748342  0.9990594 ]
[0.9984971  0.9971301  0.9983354  0.99850273 0.9981256  0.9994469
 0.9520994  0.9992563 ]
[0.99812275 0.99772173 0.9980567  0.99881375 0.99834013 0.99863416
 0.95323086 0.9989497 ]
[0.99851114 0.9956092  0.99828607 0.997449   0.9971666  0.9995097
 0.96036506 0.99833566]
[0.99814034 0.99567056 0.99865085 0.99800044 0.99812037 0.9995647
 0.9688737  0.99907804]
[0.99802184 0.99625176 0.99859077 0.99820685 0.9981201  0.997216
 0.9632425  0.9967259  0.99806374]
[0.997869   0.9966695  0.9988141  0.99729794 0.9983298  0.9987937
 0.6843382  0.99959   ]
[0.9988079  0.9968182  0.9969752  0.99769175 0.9986904  0.9993801
 0.9717765  0.9972761 ]
[0.998836   0.99608165 0.9972631  0.9976115  0.9974015  0.99855024
 0.96951306 0.99789375 0.9595486 ]
[0.997835   0.99616987 0.99824786 0.9977695  0.99766266 0.9959053
 0.99685955 0.97848505 0.99886584]
[0.99866986 0.994712   0.99951947 0.9979912  0.99771225 0.9978224
 0.9762116  0.9974437 ]
[0.99815196 0.99618715 0.99787974 0.99651283 0.9973302  0.9994785
 0.97416264 0.99805367]
[0.99781406 0.995387   0.9984964  0.9987118  0.9980369  0.99957687
 0.97708935 0.99823904]
[0.99897254 0.9966276  0.9973349  0.99785113 0.9976713  0.99929845
 0.9520628  0.9980044 ]
[0.99815446 0.99802786 0.99867946 0.9985868  0.9985038  0.9993906
 0.99776804]
[0.9985753  0.99570507 0.9979686  0.9982508  0.9975719  0.99951446
 0.9771249  0.9992105 ]
[0.9991786  0.9933861  0.99952424 0.99860793 0.99765956 0.9974567
 0.97764665 0.9969927 ]
[0.9989033  0.9958871  0.9979424  0.9984237  0.99706525 0.9990019
 0.9660963  0.998694  ]
[0.99821705 0.9947876  0.9973072  0.9987368  0.99830544 0.9987972
 0.9992329 ]
[0.9989862  0.99465865 0.99781007 0.9979359  0.99757844 0.9972851
 0.97532654 0.9982881  0.9978091 ]
[0.998798   0.9972184  0.99815327 0.99794453 0.9977506  0.99799216
 0.7487638  0.99832004]
[0.9986885  0.9975127  0.99802065 0.9989612  0.9983342  0.9996124
 0.7002946  0.9986161 ]
[0.9983929  0.99571013 0.9986909  0.99861646 0.9979785  0.99879175
 0.97411764 0.99921095]
[0.99804425 0.9958263  0.998985   0.99828255 0.9985905  0.99833953
 0.9642294  0.9991049 ]
[0.99847335 0.99708205 0.9983852  0.99817336 0.9973563  0.99828064
 0.6863477  0.9982651 ]
[0.99876    0.9964425  0.99822205 0.9987425  0.997718   0.997445
 0.9979259  0.9620024  0.9991904 ]
[0.9989391  0.9942538  0.99803907 0.99778545 0.9974444  0.96874166
 0.99924845 0.99885654]
[0.99831223 0.99363106 0.9979632  0.9986981  0.99849236 0.9780975
 0.999212   0.9973578 ]
[0.9983699  0.9961515  0.99828136 0.9974553  0.99752504 0.99924904
 0.9979796 ]
[0.9985494  0.99550617 0.9975133  0.9981229  0.9980118  0.970827
 0.9996107  0.99848586]
[0.99879104 0.9978447  0.9972274  0.9985013  0.9978528  0.99917656
 0.9111281  0.99813914]
[0.9979893  0.9960737  0.998204   0.9963457  0.9974849  0.9995253
 0.98468333 0.99900925]
[0.9987124  0.9924589  0.9979475  0.9969297  0.99714077 0.9718264
 0.99943846 0.99881977]
[0.99906605 0.9973719  0.99860495 0.998642   0.99842143 0.99819
 0.9985252  0.96421945 0.99885786]
[0.9984633  0.9972452  0.99805105 0.9972051  0.9977197  0.99778074
 0.93618363 0.9981723  0.9985355 ]
[0.99843615 0.99670273 0.99845433 0.9988469  0.9977203  0.9983876
 0.9985696  0.98425716 0.9987814 ]
[0.9986456  0.9969073  0.99728775 0.9983827  0.9986035  0.99929917
 0.9742866  0.9988171 ]
[0.99913675 0.997088   0.99820054 0.99903834 0.99852365 0.99736136
 0.9984263  0.9514189  0.99876827]
[0.9989127  0.996863   0.99691594 0.997472   0.99840313 0.9990344
 0.95148677 0.99856925 0.78954667]
[0.9988568  0.99706954 0.9982753  0.99866104 0.9984981  0.85845697
 0.99822277 0.99791557]
[0.9977107  0.99531895 0.9975299  0.9987784  0.9974268  0.952591
 0.9994178  0.9986551 ]
[0.99899465 0.99657214 0.99739933 0.9974534  0.9982103  0.9994506
 0.9784647  0.9979474  0.77093667]
[0.9987612  0.996335   0.99760383 0.99886477 0.9978528  0.99787676
 0.99859613 0.9681358  0.99788874]
[0.9991003  0.99702626 0.9974366  0.9968804  0.9982363  0.9952181
 0.99833626 0.97692275 0.9991327 ]
[0.9984231  0.99681807 0.9970324  0.9977825  0.9978777  0.99959284
 0.9679234  0.9992052 ]
[0.99880743 0.99721307 0.99858236 0.996591   0.9977241  0.99913883
 0.9747707  0.99951017]
[0.998955   0.99702495 0.9977608  0.99646425 0.9978956  0.99940455
 0.9821001  0.99846727 0.89982027]
[0.99835396 0.9941963  0.9971607  0.9981462  0.99754936 0.9976527
 0.99865925 0.96589524 0.99902976]
[0.99832267 0.99786747 0.9974343  0.997687   0.997063   0.9964863
 0.9985262  0.9124944  0.9986284 ]
[0.9979656  0.99602133 0.99839514 0.99802256 0.99770564 0.9556732
 0.9993642  0.9991392 ]
[0.9990075  0.99533045 0.99805766 0.99741    0.99863344 0.99904865
 0.96635467 0.9975013 ]
[0.9987224  0.99671054 0.9973738  0.99839145 0.9987004  0.99941003
 0.95138556 0.99858654 0.7250728 ]
[0.99870396 0.9974584  0.99728537 0.9973273  0.9980677  0.99544585
 0.9956026  0.9863512  0.998546  ]
[0.99807113 0.9963566  0.997267   0.9981969  0.99780756 0.9995529
 0.96971244 0.99740773]
