Mprobs for dataset art (0.000001)

[0.99798894 0.996084   0.9986935  0.99834263 0.9981774  0.9181602
 0.9990308  0.99826753]
[0.99873966 0.99521154 0.9976204  0.998871   0.9988085  0.99925536
 0.9700772  0.99851745]
[0.9985341  0.9973592  0.9973278  0.99814916 0.9973225  0.9980743
 0.9982065  0.9562702  0.9976064 ]
[0.9990264  0.9940164  0.99847156 0.99858344 0.99725384 0.9819402
 0.999009   0.9995433 ]
[0.99840504 0.99718225 0.9984665  0.99819154 0.9982424  0.99640936
 0.97577715 0.99740595 0.99715245]
[0.9975157  0.9974481  0.9972331  0.99873096 0.997738   0.99699783
 0.9970306  0.9982399 ]
[0.99909127 0.9965249  0.99800116 0.99849796 0.9984504  0.9862134
 0.9985266  0.9995414 ]
[0.99879813 0.9957989  0.9971072  0.9972404  0.9985642  0.9984748
 0.9965061  0.9857474  0.9632576  0.9993173 ]
[0.9986375  0.99529785 0.99729353 0.9983064  0.996923   0.9996679
 0.96197605 0.999342  ]
[0.99896395 0.99543494 0.9971336  0.9985171  0.99710363 0.99698466
 0.99770975 0.9601596  0.99923503]
[0.99820423 0.99570566 0.9984842  0.99885607 0.99857986 0.9531204
 0.9980106  0.9994229 ]
[0.9989465  0.99544156 0.9977356  0.9981481  0.9986934  0.9614967
 0.997186   0.9996101 ]
[0.9985128  0.9970145  0.9983908  0.998204   0.9977264  0.9980914
 0.99870884 0.9636289  0.99865794]
[0.9987685  0.9976876  0.9980725  0.99710304 0.9977381  0.9990369
 0.9994235 ]
[0.9981748  0.9945321  0.9986078  0.9977775  0.99816054 0.9991804
 0.9737148  0.99800366 0.9127564 ]
[0.99835986 0.9976363  0.9971129  0.99825805 0.9980111  0.99529797
 0.9982889  0.7631877  0.99875283]
[0.9979493  0.995918   0.9985701  0.99700433 0.9985655  0.99777454
 0.9979819  0.9815025  0.9984144 ]
[0.998681   0.9974158  0.9980768  0.9983376  0.9976235  0.99870896
 0.9785604  0.9990615 ]
[0.9989561  0.996825   0.9977731  0.9987206  0.998487   0.9985121
 0.9985662  0.93107295 0.9988913 ]
[0.9988471  0.9960871  0.99845886 0.99867886 0.998468   0.99856746
 0.9971607  0.936082   0.99923277]
[0.99817014 0.99587655 0.99856144 0.9979038  0.9974457  0.99660826
 0.99689674 0.95811826 0.99859494]
[0.99898905 0.99646866 0.998643   0.99837154 0.99782217 0.9255827
 0.99768734 0.9995509 ]
[0.9982327  0.9966724  0.99738103 0.99843544 0.99840087 0.9996581
 0.95250934 0.9970694 ]
[0.9988422  0.9959096  0.99785906 0.9987544  0.9986046  0.99772245
 0.940312   0.9980506  0.99804074]
[0.9975362  0.99479127 0.99714583 0.9980775  0.9970387  0.9743577
 0.999361   0.99871206]
[0.9987078  0.99465007 0.997922   0.9983045  0.99810815 0.997338
 0.9903707  0.9916564  0.95979935 0.9982229 ]
[0.9989687  0.9956345  0.9982356  0.99896073 0.9983028  0.99936813
 0.9558382  0.99804986]
[0.99756086 0.9965694  0.99764496 0.99857914 0.99728394 0.99699485
 0.85638887 0.9987214  0.99842995]
[0.9989114  0.99297607 0.9974807  0.9979049  0.99828374 0.9671775
 0.99936444 0.9994623 ]
[0.998338   0.99657756 0.9987011  0.9981193  0.99727374 0.9969476
 0.9980375  0.8726407  0.9982646 ]
[0.9988325  0.99438816 0.9984692  0.9972779  0.9974751  0.99675375
 0.99672323 0.9564129  0.9986534 ]
[0.9982211  0.99637055 0.9986355  0.997398   0.99811375 0.99908507
 0.94580317 0.9975019 ]
[0.9986916  0.9962166  0.9982887  0.99823534 0.9971117  0.99600947
 0.9967294  0.9766818  0.9983615 ]
[0.99875355 0.9960879  0.9969003  0.99830097 0.99835736 0.99713373
 0.99778867 0.91439086 0.9986494 ]
[0.99758554 0.99706656 0.9983631  0.9981364  0.9967077  0.9991937
 0.99884725]
[0.998142   0.9974721  0.99783653 0.9981254  0.9980856  0.99757725
 0.99755114 0.96722287 0.999331  ]
[0.9985896  0.99621814 0.997889   0.9986607  0.99779403 0.9526705
 0.99907863 0.9991198 ]
[0.9989145  0.99705493 0.99783665 0.99782985 0.99717987 0.99947196
 0.8980621  0.9977715 ]
[0.9979615  0.9971335  0.9979767  0.9984451  0.9984854  0.99871385
 0.91173506 0.99822634]
[0.9983204  0.99528956 0.9972638  0.99890673 0.9972408  0.99936193
 0.9660005  0.9984137 ]
[0.9985018  0.9961469  0.99703515 0.99804175 0.99755126 0.99867415
 0.9371003  0.9984459 ]
[0.9976936  0.99697685 0.997678   0.9983096  0.99702483 0.99953115
 0.92071754 0.99750644]
[0.9980551  0.99709475 0.99869496 0.9981811  0.9977617  0.99739313
 0.9977227  0.92155105 0.99885666]
[0.99876934 0.9970763  0.9986526  0.9980306  0.99806434 0.9990946
 0.9985398 ]
[0.99871576 0.9975867  0.9983903  0.99834764 0.9978217  0.99936515
 0.51983243 0.9979747 ]
[0.9988594  0.9974475  0.9979126  0.9984567  0.9977773  0.9963433
 0.95129275 0.99813914 0.9966294 ]
[0.9984572  0.9956695  0.9974088  0.9983765  0.99712986 0.9979772
 0.99821043 0.9403827  0.9989849 ]
[0.9984316  0.99399054 0.99770606 0.9986639  0.99807054 0.99951196
 0.9633242  0.9982274 ]
[0.99858946 0.9961965  0.9975211  0.9977476  0.9978179  0.9986608
 0.99843425 0.9284971  0.99887305]
[0.997489   0.9975177  0.997142   0.99769044 0.9978123  0.9511895
 0.9995974  0.9989692 ]
[0.998517   0.99615484 0.997001   0.99902785 0.9981452  0.9980896
 0.96966696 0.9981013  0.9973794 ]
[0.9985208  0.9962853  0.9978817  0.99785453 0.9979971  0.99880266
 0.95654684 0.99898237]
[0.99863094 0.9976647  0.9975393  0.9987596  0.9986713  0.997531
 0.9775714  0.9988299  0.9979576 ]
[0.99830365 0.99728334 0.9973354  0.99877447 0.99811006 0.99883467
 0.99853814]
[0.9988803  0.9961541  0.9984281  0.9978677  0.996992   0.9980835
 0.99779236 0.9413071  0.9987949 ]
[0.9980496  0.99394244 0.99877995 0.9978067  0.9970714  0.9986028
 0.96250427 0.99929225]
[0.99822265 0.99605715 0.9987062  0.9987405  0.9974657  0.9995666
 0.9312084  0.99856853]
[0.99862194 0.99687    0.9975133  0.9984303  0.9983725  0.9976841
 0.9817909  0.9978002  0.9969356 ]
[0.99881834 0.99442047 0.9986254  0.9984988  0.99756396 0.99867475
 0.9980767  0.94204813 0.99907506]
[0.99747306 0.9978544  0.9987025  0.9981341  0.99776924 0.9980282
 0.92089826 0.99885535]
[0.9975101  0.9979032  0.9983247  0.99877065 0.9970855  0.99828464
 0.9981679  0.99847335]
[0.9982419  0.9947818  0.99779737 0.9990632  0.99808925 0.99916685
 0.98983824 0.99757785]
[0.9982058  0.99578154 0.99747133 0.99779654 0.99733657 0.99827063
 0.9985966  0.94813734 0.99878925]
[0.99815303 0.99614584 0.9985246  0.998892   0.9977062  0.9956808
 0.9339132  0.99870753 0.99436224 0.9946426 ]
[0.9985245  0.99733883 0.99785304 0.99725807 0.9981111  0.9992963
 0.94754046 0.99751663]
[0.99856025 0.99664474 0.9979361  0.9978131  0.9971227  0.999276
 0.99724436]
[0.99880683 0.9970624  0.99694735 0.9989341  0.9982754  0.99888617
 0.8738199  0.99761033 0.9981602 ]
[0.9980075  0.9956579  0.99715143 0.99731296 0.9986437  0.996777
 0.9967602  0.92647505 0.99929667]
[0.99781454 0.9972704  0.99820065 0.9987208  0.99799675 0.997999
 0.91691875 0.9986627 ]
[0.9982919  0.99790406 0.9980414  0.9988022  0.9976835  0.9587865
 0.9982217  0.99965155]
[0.9978156  0.9968811  0.99840707 0.997912   0.99701035 0.9995759
 0.78059953 0.9985355 ]
[0.99818736 0.99627125 0.9977584  0.99801457 0.99711037 0.9967434
 0.99838006 0.90133095 0.9992083 ]
[0.99862826 0.99813324 0.9975163  0.999037   0.9985122  0.9976947
 0.6003349  0.998495   0.99741805]
[0.99846673 0.99668306 0.9972314  0.998519   0.99711776 0.9986959
 0.97655857 0.99933213]
[0.9985089  0.99690396 0.99796695 0.99806625 0.9985474  0.99742234
 0.9976968  0.9556091  0.9983783 ]
[0.9990429  0.9974395  0.998417   0.9976654  0.9969969  0.9957948
 0.9973042  0.65561116 0.9983506 ]
[0.99811125 0.9959133  0.99865746 0.9987614  0.99765646 0.99700755
 0.9983883  0.96326935 0.9993468 ]
[0.99777156 0.9962303  0.99851936 0.99822634 0.99789786 0.923313
 0.9989429  0.9982644 ]
[0.99870753 0.99616915 0.99801457 0.99851066 0.99822336 0.9994473
 0.96635926 0.9985057 ]
[0.99892586 0.9951448  0.99706334 0.9990036  0.9984653  0.9996369
 0.95367455 0.9973003 ]
[0.997736   0.99713767 0.99737155 0.99898    0.99839157 0.999298
 0.90792865 0.9990625 ]
[0.9979538  0.99757975 0.9978911  0.9971976  0.99719536 0.99908185
 0.96545756 0.9980344 ]
[0.998066   0.9969477  0.9983714  0.99872905 0.9967437  0.9993772
 0.8937414  0.9989033 ]
[0.99797827 0.99713755 0.9969194  0.9976355  0.9983492  0.9995005
 0.9793046  0.99851364]
[0.9983779  0.9973127  0.99725395 0.9982932  0.99820316 0.9994679
 0.69325393 0.9976503 ]
[0.99806696 0.9969439  0.998552   0.9979534  0.9983575  0.9673962
 0.9989592  0.9993974 ]
[0.99849415 0.99700636 0.9969319  0.99695325 0.9986926  0.9989054
 0.9346474  0.9988041 ]
[0.99796283 0.9971886  0.998657   0.99857414 0.998678   0.99942684
 0.96704817 0.9979559 ]
[0.9987006  0.9965252  0.9978346  0.99662304 0.99732566 0.99929607
 0.89061403 0.99850947]
[0.9979171  0.9963659  0.997957   0.9981529  0.99846256 0.99925965
 0.9229523  0.9985495 ]
[0.9982114  0.9962745  0.9979406  0.9986929  0.99841225 0.9987984
 0.9412902  0.99824595]
[0.99874604 0.99600947 0.9980451  0.9989561  0.9971621  0.99758995
 0.9979018  0.96590257 0.9993298 ]
[0.9984888 0.9974451 0.9987268 0.9982487 0.9984652 0.9986272 0.9444982
 0.9983235]
[0.9981604  0.9955913  0.9973878  0.99846125 0.99709356 0.9976793
 0.9982811  0.93900335 0.99766576]
[0.99804914 0.997264   0.9984902  0.9989139  0.9982053  0.99741554
 0.99863404 0.9986627 ]
[0.9985843  0.9976539  0.99815184 0.99727494 0.99800354 0.99814594
 0.99801457 0.9515754  0.9992636 ]
[0.99828655 0.99710494 0.9976762  0.9981654  0.9983322  0.99684936
 0.9981499  0.97356343 0.99835795]
[0.9985347  0.9961825  0.9975056  0.9985863  0.99826765 0.99953234
 0.9795576  0.9978802 ]
[0.9992029  0.9964939  0.99718624 0.99746704 0.9973738  0.998711
 0.87418616 0.998933  ]
[0.99896395 0.99635965 0.99855644 0.99868566 0.9975357  0.9667066
 0.99871457 0.99923193]
