Mprobs for dataset art (0.001)

[0.9984811  0.9967338  0.9972873  0.9984365  0.99717087 0.99907434
 0.9684589  0.99907875]
[0.9986526  0.9958067  0.9983387  0.99904054 0.9985109  0.99723405
 0.97520876 0.9987546  0.99871457]
[0.99853325 0.9964533  0.99748445 0.9977816  0.99761474 0.9995672
 0.9780936  0.998509  ]
[0.9988243  0.998075   0.99774015 0.99671894 0.99762136 0.9991904
 0.99716765]
[0.99864787 0.99725443 0.99750334 0.9989497  0.9974503  0.8993195
 0.99921834 0.99843234]
[0.9982895  0.99729186 0.9981091  0.9986615  0.99787784 0.9980246
 0.9983608  0.9340624  0.9993293 ]
[0.9972677  0.9968099  0.99797064 0.9973757  0.997719   0.99464536
 0.99795663 0.9605616  0.99913234]
[0.997595   0.99606544 0.99819297 0.9982836  0.99776113 0.99637127
 0.6284308  0.9959514  0.99894506 0.99511164]
[0.99723476 0.99750334 0.997867   0.9982134  0.9978606  0.9991781
 0.90009    0.9985361 ]
[0.9982779  0.9965155  0.9985197  0.99808526 0.9972588  0.8951095
 0.99920183 0.99927634]
[0.9986527  0.99500114 0.9971744  0.99785477 0.99835926 0.9972742
 0.9871781  0.9508612  0.9980786  0.9918691 ]
[0.99739444 0.99786854 0.9971886  0.99799865 0.9986952  0.99790525
 0.85165226 0.9993963 ]
[0.99894506 0.99624604 0.9981509  0.9988696  0.9984962  0.99932694
 0.98761684 0.9985524 ]
[0.9971666  0.9959877  0.99856704 0.9988445  0.99847895 0.9996493
 0.9424168  0.99812657]
[0.9978765  0.9970644  0.9975249  0.99750036 0.99801505 0.9992143
 0.5399326  0.99795246]
[0.9988244  0.9963012  0.99764997 0.99819934 0.9982821  0.99929965
 0.95250535 0.99928313]
[0.99874437 0.9968125  0.9983936  0.9986493  0.99757236 0.9992612
 0.98209745 0.9977962 ]
[0.9982534  0.99507767 0.9975706  0.9982962  0.99833506 0.9976336
 0.997948   0.9719568  0.99902785]
[0.9987588  0.9976271  0.9980951  0.99763143 0.99830675 0.9989912
 0.8923572  0.99901736]
[0.9980446  0.9962521  0.9979698  0.99788755 0.9979163  0.99804616
 0.9745815  0.9992894 ]
[0.99764997 0.99614125 0.99814355 0.9975165  0.9980804  0.99415034
 0.996938   0.95912534 0.99881506]
[0.99880433 0.9940561  0.99855417 0.9982382  0.9979158  0.9993175
 0.99791783]
[0.99827135 0.99633956 0.99717194 0.9987717  0.9983181  0.99843794
 0.9979248  0.96234155 0.9993112 ]
[0.99773335 0.9942392  0.9977137  0.9989274  0.9971306  0.9994486
 0.9781411  0.998381  ]
[0.99807054 0.9961367  0.99815553 0.9981996  0.99847656 0.95709985
 0.9992168  0.999201  ]
[0.9991769  0.99651504 0.99750465 0.99877733 0.9969748  0.8952317
 0.9992016  0.99852556]
[0.9980823  0.9965983  0.99767786 0.99877185 0.99829537 0.99810684
 0.9696909  0.9989202 ]
[0.997489   0.9964547  0.9977659  0.9985152  0.9976859  0.99961495
 0.9225061  0.99836105]
[0.9982632  0.997361   0.99768376 0.99837875 0.99706596 0.99943084
 0.80616575 0.9989429 ]
[0.9978277  0.99631184 0.9980039  0.99858737 0.9984829  0.99954706
 0.9621487  0.99701995]
[0.9977214  0.99725705 0.9985594  0.9981336  0.9986111  0.99724174
 0.91555274 0.9974617  0.99814785]
[0.99875724 0.995001   0.9971534  0.9978289  0.99862313 0.9769967
 0.9979752  0.99940264]
[0.9984566  0.9958677  0.9976463  0.998315   0.9981798  0.99893004
 0.9490356  0.99915195]
[0.99791247 0.9965959  0.9980286  0.99794203 0.9979832  0.9973008
 0.99703145 0.93119866 0.99795747]
[0.9988053  0.99544394 0.99844533 0.99772626 0.9969902  0.9993461
 0.94530517 0.99790454]
[0.9989717  0.9971746  0.9984571  0.99783653 0.99808747 0.99960095
 0.9493727  0.99917406]
[0.9980246  0.996597   0.99860734 0.99864703 0.99846125 0.9969976
 0.9986236  0.9645585  0.998434  ]
[0.99890447 0.99503726 0.99861205 0.998577   0.9973157  0.97476983
 0.99870205 0.99884903]
[0.99871576 0.99756134 0.9977576  0.99856794 0.99839514 0.9001476
 0.99916446 0.9987018 ]
[0.9988092  0.9968599  0.9985505  0.99776995 0.99725693 0.99953914
 0.84705436 0.99877566]
[0.9978339  0.9976266  0.9986399  0.99883586 0.9984394  0.99912053
 0.94671845 0.99864405]
[0.99876153 0.9960393  0.997175   0.9983537  0.9977585  0.99892104
 0.93277967 0.99862015]
[0.998806   0.996756   0.9982582  0.99855083 0.9969348  0.97022635
 0.99896765 0.9993099 ]
[0.9988906  0.9939301  0.9973175  0.9980227  0.99777055 0.9927993
 0.99897194 0.9985765 ]
[0.9980095  0.9970208  0.9981516  0.99848586 0.99867487 0.9979906
 0.8629643  0.99885   ]
[0.99836    0.99754286 0.76958674 0.9983053  0.9982906  0.9972473
 0.5761923  0.99823135 0.9987978 ]
[0.9989893  0.9962843  0.9810791  0.9971834  0.99795973 0.9987017
 0.9902479  0.99764913 0.72956735 0.9987913 ]
[0.9980546  0.9964528  0.9983169  0.99845695 0.9976847  0.9963569
 0.99743146 0.96318173 0.9977077 ]
[0.9987752  0.99522144 0.9985911  0.9980546  0.9978282  0.99698645
 0.9715963  0.99917185 0.99814427]
[0.99895895 0.9965475  0.9981527  0.99872714 0.9973189  0.99956626
 0.9513122  0.99884784]
[0.99897313 0.99656504 0.9983689  0.9978709  0.9978515  0.99951935
 0.97134745 0.99851435]
[0.998409   0.9952192  0.99845505 0.9983797  0.9982495  0.9967631
 0.9985488  0.97126716 0.999238  ]
[0.9981931  0.99574584 0.9972264  0.9986161  0.9981926  0.9983536
 0.99819165 0.95760375 0.99914944]
[0.9985857  0.99658304 0.9978828  0.99873656 0.9980573  0.92993563
 0.9990606  0.9984388 ]
[0.9985776  0.9973833  0.9976392  0.9984768  0.99777645 0.99946696
 0.5126093  0.9991652 ]
[0.9990915  0.99583566 0.9985378  0.9975879  0.9978288  0.99473214
 0.9468318  0.9980268  0.996878  ]
[0.9986519  0.9971559  0.9976494  0.9986665  0.9984983  0.9963104
 0.9968298  0.90199196 0.9991473 ]
[0.9983192  0.99717915 0.9985281  0.9979558  0.99793786 0.9996517
 0.8540339  0.9985128 ]
[0.9986426  0.9987061  0.9968696  0.9977191  0.99767286 0.99807405
 0.74771446 0.9182926  0.99890506 0.7919653 ]
[0.9979296  0.99571395 0.99873775 0.9974056  0.9975005  0.9994399
 0.98141986 0.99914527]
[0.9975151  0.9956689  0.9971641  0.9971418  0.998654   0.9993782
 0.915882   0.99800223]
[0.998944   0.9949064  0.99876297 0.998055   0.9980452  0.9553147
 0.99901724 0.9989208 ]
[0.99830425 0.9950734  0.99802434 0.9989874  0.9974368  0.9993493
 0.97728544 0.99739325]
[0.998066   0.99634886 0.99824214 0.99799025 0.997696   0.9853764
 0.99861014 0.9996592 ]
[0.9983846  0.9951747  0.998131   0.99796766 0.99841046 0.9280245
 0.998926   0.99855274]
[0.9982973  0.994547   0.99837935 0.99855846 0.9983175  0.9992988
 0.9400472  0.9970463 ]
[0.9976788  0.99749064 0.99768734 0.9979607  0.9978422  0.9968532
 0.99794096 0.7768643  0.9976808 ]
[0.9984169  0.99622166 0.9983948  0.9989735  0.99714357 0.9955649
 0.99739337 0.98755205 0.9771094  0.9981659 ]
[0.99833626 0.9950153  0.99733305 0.9986663  0.99849975 0.999418
 0.9618551  0.9984621 ]
[0.99889874 0.99417526 0.99852824 0.99794286 0.997654   0.99944276
 0.9831676  0.9979961 ]
[0.99824905 0.99687046 0.99839467 0.99870443 0.99782276 0.9319903
 0.9991755  0.9992211 ]
[0.9977537  0.99575293 0.9982658  0.9984925  0.99783283 0.9992536
 0.9301981  0.9985459 ]
[0.9988141  0.9963821  0.99866855 0.99719894 0.99857235 0.93328947
 0.9990007  0.99940646]
[0.9986829  0.9959758  0.9985482  0.99816847 0.9981187  0.997715
 0.95196736 0.99772626 0.99859554]
[0.9977574  0.99678314 0.9981724  0.99806505 0.9972184  0.9981336
 0.96350455 0.9992118 ]
[0.9988217  0.9967439  0.9979698  0.9986895  0.99833965 0.9979322
 0.98134047 0.99813324 0.9988017 ]
[0.9982079  0.9962806  0.99748504 0.99845254 0.99843484 0.9979348
 0.960793   0.99802905]
[0.9987658  0.9975666  0.9975737  0.9985947  0.997244   0.99883145
 0.5660146  0.99905425]
[0.9982704  0.99542624 0.99866855 0.9978999  0.9972905  0.9981238
 0.9982438  0.95607555 0.997526  ]
[0.9984933  0.99535817 0.9977138  0.9982874  0.997614   0.99891853
 0.9305498  0.99792635]
[0.9978452  0.99824643 0.5993694  0.9982821  0.9978326  0.9986308
 0.9992353  0.9990671 ]
[0.9987165  0.9957099  0.9980971  0.9975782  0.9975413  0.99846554
 0.99839586 0.95679444 0.99799913]
[0.99912876 0.9964079  0.9978988  0.99866045 0.997806   0.99814725
 0.9688094  0.9987809  0.99796104]
[0.99883837 0.99536383 0.9977957  0.9977825  0.99799    0.9976902
 0.99785304 0.9693429  0.9988129 ]
[0.9981318  0.99723345 0.9974624  0.99836856 0.9983559  0.99930584
 0.96398026 0.9983315 ]
[0.9985483  0.99657744 0.9980551  0.9985067  0.99849784 0.9995197
 0.9372695  0.9975211 ]
[0.9990435  0.996221   0.99049735 0.99826753 0.99771094 0.9981254
 0.9864965  0.99797744 0.9763872  0.9987393 ]
[0.9990181  0.99663335 0.99779713 0.99805546 0.998432   0.99925035
 0.97133785 0.99741685]
[0.9986411  0.99816114 0.9984059  0.9987386  0.99727327 0.9993826
 0.82872826 0.9990922 ]
[0.9986119  0.9950907  0.9975055  0.99873966 0.9985586  0.9994087
 0.94943905 0.9976216 ]
[0.9984763  0.9944364  0.9983726  0.9989397  0.998497   0.99947387
 0.99888164]
[0.99896085 0.9974004  0.997004   0.9981939  0.99762887 0.9993405
 0.93430376 0.99903286]
[0.99725693 0.99686277 0.9985903  0.99839044 0.9983431  0.99903214
 0.97186387 0.998823  ]
[0.9982838  0.99600816 0.99862635 0.9985896  0.99707913 0.9979633
 0.9426256  0.99741554]
[0.9986117  0.9967974  0.997502   0.99867296 0.9975707  0.99859434
 0.99951017]
[0.9980196  0.9964288  0.9983463  0.9980627  0.99839455 0.99959713
 0.7570603  0.9982475 ]
[0.998637   0.9967096  0.99740124 0.9986633  0.99860746 0.9996711
 0.96180207 0.9987727 ]
[0.99775606 0.9961461  0.9985738  0.99855274 0.9984397  0.9985933
 0.997775   0.95635885 0.9983127 ]
[0.9987184  0.99530447 0.51078385 0.9984956  0.9974172  0.9983645
 0.9712752  0.9986993  0.9990984 ]
[0.99815816 0.99737954 0.9983695  0.9979596  0.998613   0.9964516
 0.99839777 0.74622405 0.99830997]
