Mprobs for dataset art (1)

[0.99797624 0.99549747 0.99922156 0.99845195 0.9985128  0.99768686
 0.9711737  0.9982973 ]
[0.9989741  0.9918181  0.99938715 0.9970186  0.996557   0.9974444
 0.9885492  0.99874544 0.9906577 ]
[0.9983701  0.995191   0.9991436  0.9972397  0.99871886 0.99819165
 0.98730046 0.9978976 ]
[0.9988673  0.9970067  0.9989354  0.998678   0.99823797 0.9974847
 0.97403944 0.999228   0.8183995 ]
[0.9991855  0.9964645  0.999435   0.99840456 0.9983365  0.99813014
 0.98314786 0.9992441  0.8306696 ]
[0.9990639  0.99562114 0.99909747 0.9444345  0.9982932  0.9978604
 0.9976533  0.9836068  0.9986363  0.9869703 ]
[0.9988624  0.9967908  0.9993125  0.9979235  0.99808085 0.99782974
 0.97097033 0.99921393 0.8107896 ]
[0.9984426  0.9976739  0.9989492  0.99782133 0.99876773 0.99729013
 0.9901979  0.9491919  0.9978503 ]
[0.9986299 0.9956886 0.9987865 0.9977647 0.9986272 0.9978807 0.9838854
 0.9981312]
[0.9987398  0.9947042  0.9993538  0.9980755  0.99784696 0.9983494
 0.97707343 0.9979862 ]
[0.9988096  0.9949307  0.9988871  0.997387   0.9982424  0.9983032
 0.73717916 0.98317957 0.99861836]
[0.99855167 0.9939422  0.99936193 0.9978289  0.998401   0.998618
 0.9884576  0.99899226 0.8462367 ]
[0.9985978  0.99433124 0.9989046  0.9984509  0.99844676 0.9979365
 0.98817015 0.9989157  0.9827816 ]
[0.9985886  0.9953773  0.9983157  0.9978375  0.99854314 0.9972127
 0.9664569  0.99894685]
[0.99883574 0.99374515 0.99890316 0.99856085 0.99852705 0.99835914
 0.9893624  0.9990069  0.9759409 ]
[0.9989109  0.99449265 0.9989784  0.99712604 0.99811363 0.9976706
 0.96359533 0.97314036 0.99762255]
[0.9984926  0.99614584 0.99876785 0.998104   0.9976205  0.9977852
 0.96222466 0.9760957  0.9990471 ]
[0.99906975 0.99615186 0.9994023  0.9977754  0.99716187 0.9983181
 0.96797377 0.99919957 0.9682834 ]
[0.99697924 0.99712676 0.9992111  0.99810165 0.996563   0.998505
 0.97149134 0.9967855 ]
[0.99913687 0.9939195  0.99933964 0.9975535  0.99703074 0.9983897
 0.99097025 0.9992483  0.8890255 ]
[0.99854857 0.99582267 0.9989102  0.9982266  0.9977817  0.9978325
 0.9748113  0.9988275  0.99070334]
[0.9985746  0.9960312  0.99934345 0.9979019  0.9984566  0.9968629
 0.97121567 0.9969387 ]
[0.9992046  0.9965257  0.9993543  0.9984567  0.99799746 0.99850214
 0.96207213 0.9983707 ]
[0.99756277 0.9971132  0.998909   0.9982551  0.9987858  0.9980895
 0.9872936  0.9995498 ]
[0.9988952  0.9967925  0.99916315 0.9974777  0.9974589  0.9982253
 0.9625128  0.9993235  0.8971705 ]
[0.9986357  0.9965677  0.99929047 0.9977324  0.99773574 0.9970553
 0.9693503  0.99884146 0.97065777]
[0.998679   0.9965875  0.99761593 0.99713624 0.99822205 0.9977672
 0.98084855 0.9995485 ]
[0.9991721  0.9946714  0.99944514 0.9973954  0.99832886 0.99857354
 0.97604203 0.99904567 0.94945955]
[0.9990582  0.99612504 0.99942374 0.9986595  0.9984933  0.99759954
 0.9878231  0.99932647 0.85328305]
[0.9974395  0.9948644  0.99882346 0.99844676 0.99864715 0.99812347
 0.9926985  0.99934477]
[0.99886405 0.9935389  0.9992567  0.99804246 0.9978254  0.9986304
 0.97071564 0.9991321  0.9617858 ]
[0.9990435  0.9941369  0.9993286  0.99785465 0.99847513 0.9982882
 0.9844944  0.9994073 ]
[0.99821764 0.99667203 0.99919444 0.99723697 0.9980123  0.99825054
 0.9726829  0.99717844]
[0.9982527  0.9915746  0.99944323 0.99786735 0.9984326  0.99754864
 0.97967577 0.9991617  0.924054  ]
[0.9986754  0.99658245 0.9993363  0.9980075  0.99826497 0.99851745
 0.98046595 0.9993285  0.6802593 ]
[0.9977543  0.9957196  0.9992766  0.9979321  0.9984597  0.99846137
 0.9694026  0.9974711 ]
[0.99845374 0.99668115 0.99945456 0.99815756 0.9976859  0.99724257
 0.965569   0.9986111 ]
[0.99855906 0.995577   0.99942374 0.99835986 0.9972191  0.99720395
 0.98703057 0.9993973 ]
[0.9992317  0.9957521  0.99906415 0.99774337 0.99854314 0.9984939
 0.89536804 0.9894086  0.9984302 ]
[0.9981833  0.9960305  0.99896765 0.99862814 0.99852604 0.99786806
 0.97936064 0.9989643  0.9552677 ]
[0.9988379  0.99568933 0.999433   0.99754083 0.9972972  0.99757963
 0.97168046 0.9989329  0.8479306 ]
[0.998979   0.9959552  0.99913824 0.99731064 0.9981012  0.9969511
 0.98049635 0.99932396 0.8820286 ]
[0.9991683  0.9948225  0.99902797 0.9986358  0.9985727  0.9981552
 0.9889631  0.9992706  0.9458636 ]
[0.99905926 0.9953727  0.99912983 0.99853384 0.9984931  0.9975828
 0.97272384 0.9989975  0.9833967 ]
[0.99858665 0.99447733 0.9994935  0.99720395 0.9978714  0.99807394
 0.9864618  0.9975688 ]
[0.99878114 0.99636465 0.99938095 0.9983229  0.99859387 0.9969842
 0.98706776 0.99917126 0.9094861 ]
[0.99917406 0.99449366 0.99902546 0.9974025  0.9974119  0.99800605
 0.98876065 0.99910635 0.98703265]
[0.998485   0.9938949  0.9989681  0.998276   0.9982358  0.99786323
 0.98689264 0.9990514  0.97301674]
[0.9984901  0.9964678  0.99888784 0.9974089  0.9977487  0.9969248
 0.95560366 0.9991141 ]
[0.9987783  0.99611425 0.9994611  0.99872714 0.9985152  0.9976458
 0.98929495 0.99886274 0.9743221 ]
[0.99831885 0.99349797 0.99923813 0.99742174 0.998184   0.99858356
 0.98812705 0.9994357 ]
[0.99826235 0.9959246  0.99923754 0.99821186 0.99686784 0.99692935
 0.9745691  0.99825686]
[0.9989274  0.99515367 0.9993388  0.99826556 0.9977443  0.9978866
 0.9903681  0.9990243  0.98936546]
[0.9990747  0.9955243  0.99917114 0.9983606  0.997436   0.9983779
 0.98572344 0.99916434 0.97608966]
[0.99818486 0.9932375  0.9993388  0.99783283 0.99853647 0.9972403
 0.98839206 0.99930966 0.9742508 ]
[0.99907184 0.9936243  0.99918395 0.99860066 0.9985985  0.9985876
 0.98442507 0.99911505 0.9718069 ]
[0.9982674  0.9933416  0.9994936  0.9972573  0.9985941  0.99747974
 0.9858688  0.99937767 0.9391308 ]
[0.9988887  0.995754   0.9994419  0.9987123  0.99860793 0.9982844
 0.9699677  0.9992176  0.7162685 ]
[0.9991462  0.994856   0.99905115 0.99744034 0.9981395  0.99861443
 0.99209666 0.99894816 0.9428779 ]
[0.9990639  0.99164736 0.99947363 0.99769694 0.9980787  0.99707353
 0.99251723 0.9990594  0.9483186 ]
[0.99907434 0.9950807  0.9993536  0.99873024 0.9982502  0.9969488
 0.9884545  0.9970011 ]
[0.99844754 0.9964349  0.9990747  0.9978828  0.9979736  0.99820733
 0.9664233  0.99797446]
[0.9972248  0.99677247 0.9991468  0.99797004 0.9986563  0.9976165
 0.95991755 0.9981019 ]
[0.9989215  0.99534154 0.99941504 0.99844354 0.9979107  0.9986652
 0.98694605 0.9992248  0.8628288 ]
[0.9984963  0.9950571  0.99914443 0.9983741  0.9986149  0.99822634
 0.9916397  0.9993843 ]
[0.99830234 0.99463624 0.99914587 0.9973036  0.99712425 0.9972856
 0.9783256  0.99928635 0.7745181 ]
[0.99839586 0.99360013 0.99925464 0.9983315  0.9979038  0.9972487
 0.98461056 0.9992557  0.6515476 ]
[0.9984149  0.995865   0.99900204 0.9981547  0.99756    0.9973354
 0.9776757  0.9992113  0.97576606]
[0.99873656 0.99272245 0.9989625  0.9985281  0.9976683  0.99772507
 0.98500776 0.9992663  0.9629202 ]
[0.99897695 0.996349   0.99926955 0.99762386 0.9985098  0.9983442
 0.97924244 0.9971348 ]
[0.99861157 0.99593735 0.99876547 0.99760014 0.9973277  0.9984054
 0.98241675 0.9988851 ]
[0.99907994 0.99455523 0.99928135 0.9979512  0.9981504  0.99762326
 0.97687644 0.9993581  0.96004814]
[0.9984102  0.9944022  0.9996019  0.99784195 0.99812037 0.9973683
 0.9845061  0.9978549 ]
[0.9986695  0.996046   0.9994479  0.9977912  0.9979711  0.99825567
 0.98471236 0.99901295]
[0.9989889  0.9954312  0.9993032  0.9980387  0.99844116 0.99744785
 0.990949   0.9994462 ]
[0.9990403  0.99551505 0.9994122  0.99875546 0.99821764 0.99852955
 0.9883338  0.99930584 0.9670414 ]
[0.99843675 0.9956728  0.9990619  0.99877733 0.99831593 0.9984102
 0.9779699  0.9993018  0.94813037]
[0.9983222  0.9929698  0.99937147 0.9977234  0.99782616 0.99782455
 0.9806749  0.9988279  0.8632005 ]
[0.99915814 0.9920231  0.9993216  0.99822026 0.99787915 0.99715155
 0.9875896  0.9990101  0.97397375]
[0.99787176 0.9945589  0.99931514 0.9984438  0.9979602  0.9983803
 0.9869048  0.9973514 ]
[0.9978581  0.99537486 0.9995172  0.99784684 0.9984322  0.99741685
 0.9832628  0.99740976]
[0.998251   0.99546295 0.99924374 0.9980172  0.9980945  0.9981647
 0.7190268  0.9872048  0.9976058 ]
[0.9986706  0.9950104  0.999      0.998665   0.9977075  0.9972217
 0.9792875  0.99942124 0.9529199 ]
[0.99910307 0.9954898  0.9993692  0.99867564 0.99851555 0.99805593
 0.98317564 0.99888676 0.966783  ]
[0.9990582  0.9967632  0.999148   0.99829036 0.99797875 0.9984946
 0.98180157 0.9992663  0.9753969 ]
[0.9979988  0.99732107 0.9982723  0.99833906 0.99768424 0.99820507
 0.99023306 0.99922264]
[0.9981888  0.9965587  0.99873453 0.997422   0.9980546  0.9971943
 0.99313545 0.98867667 0.999203  ]
[0.9991315  0.9967781  0.9993117  0.997189   0.9988557  0.9986143
 0.98886836 0.97590894 0.9990594 ]
[0.9982634  0.9969797  0.99942243 0.99845433 0.9984743  0.9982212
 0.9762782  0.9992188 ]
[0.9988176  0.9903606  0.9993211  0.99877757 0.9980369  0.99765825
 0.98651147 0.9993932  0.9704475 ]
[0.9982982  0.9925929  0.9991197  0.99805415 0.99810374 0.9984289
 0.9914624  0.99928147 0.9375595 ]
[0.9982502  0.99627846 0.99946886 0.99782854 0.9984668  0.997479
 0.97703415 0.9970349 ]
[0.99734867 0.9955303  0.99843794 0.9977889  0.9982377  0.9981664
 0.9866887  0.9989706  0.96898746]
[0.99840003 0.9961027  0.9994093  0.99816775 0.9974624  0.9982357
 0.9833067  0.99869543]
[0.9990214  0.99527526 0.9991702  0.99745494 0.99845874 0.9983854
 0.98761904 0.9993073  0.5036976 ]
[0.9977997  0.99749434 0.9978484  0.99829894 0.998694   0.99755305
 0.97478855 0.9994205 ]
[0.9987632  0.9969754  0.99901843 0.99730253 0.9976507  0.9983638
 0.99254227 0.97374064 0.9986916 ]
[0.99912864 0.9959157  0.9994221  0.9987072  0.99836    0.99851125
 0.98084426 0.9988644  0.97555804]
[0.9985953  0.99381185 0.99939334 0.99783903 0.9982437  0.997682
 0.9914624  0.9981153 ]
[0.9984889  0.9959842  0.99905246 0.9987802  0.9985701  0.99742436
 0.9802501  0.99922276 0.96249545]
