Mprobs for dataset art (0.000000001)

[0.9984799  0.99691796 0.9984865  0.9981059  0.99767953 0.99879056
 0.8685489  0.9986105 ]
[0.99806017 0.99679947 0.9981413  0.99896634 0.99854773 0.99961627
 0.95775604 0.99743646]
[0.998487   0.9966132  0.99828416 0.9977441  0.9968822  0.99950135
 0.9568097  0.9975406 ]
[0.99862325 0.99560887 0.9980761  0.9981342  0.9985311  0.964714
 0.998637   0.9988011 ]
[0.9977336  0.99455655 0.9977575  0.99831104 0.99857795 0.998094
 0.99769163 0.9604627  0.99936134]
[0.9984275  0.99792814 0.9975527  0.998434   0.9983134  0.99960047
 0.9979488 ]
[0.9987451 0.9970462 0.9980673 0.9977191 0.9974215 0.9985545 0.8947969
 0.997145  0.9977131]
[0.9986922  0.9961916  0.9979031  0.9984596  0.9974759  0.9972199
 0.997968   0.9394094  0.99851805]
[0.99906784 0.99582076 0.99808645 0.998681   0.99734986 0.99871886
 0.95677227 0.99868053 0.9982632 ]
[0.9987748  0.99670607 0.99827814 0.9977992  0.9975042  0.9976654
 0.93568295 0.99842596]
[0.99830556 0.99500424 0.9986927  0.99865365 0.99778134 0.9992442
 0.9986658 ]
[0.9984921  0.9967961  0.99696606 0.9987832  0.99694425 0.99949276
 0.95019203 0.99811053]
[0.998575   0.996618   0.9977507  0.9981883  0.9985241  0.99943036
 0.87651354 0.99909365]
[0.9988977  0.9962488  0.9971022  0.9976221  0.99862254 0.99966025
 0.98431605 0.9985884 ]
[0.9980913  0.99567115 0.9972306  0.99898535 0.99797255 0.9991763
 0.94977915 0.99859005]
[0.9981483  0.9978258  0.9979753  0.99767095 0.99867934 0.9994816
 0.77177054 0.99902284]
[0.9984584  0.9975223  0.99851066 0.99878687 0.9983376  0.99235475
 0.99627376 0.9950736  0.8353075  0.9979997 ]
[0.9989158  0.99690956 0.997184   0.99783736 0.99764436 0.9965139
 0.99826705 0.93412036 0.9988907 ]
[0.99891305 0.9971528  0.9971301  0.9988417  0.9981102  0.99938977
 0.9705813  0.9987753 ]
[0.99820566 0.9966493  0.99765414 0.99874395 0.9986358  0.9972516
 0.9968244  0.9578785  0.9991917 ]
[0.99898046 0.99688333 0.9977908  0.99836534 0.9972326  0.9994837
 0.8684407  0.99855345]
[0.9991266  0.996207   0.9978637  0.9983956  0.9979898  0.9955128
 0.99801266 0.9818588  0.99894255]
[0.9989489  0.997303   0.99722195 0.9983473  0.9973302  0.91046053
 0.9993814  0.9993333 ]
[0.9985733  0.9962698  0.99828315 0.9986482  0.9975555  0.99567646
 0.99566627 0.90751034 0.99938655]
[0.9983941  0.99447316 0.9981166  0.99634284 0.9974439  0.9995827
 0.94646037 0.9988374 ]
[0.99870765 0.99723697 0.9986896  0.9976667  0.9976501  0.99935883
 0.707833   0.99828076]
[0.99850214 0.99650687 0.9974138  0.99854636 0.99811697 0.99954045
 0.93793803 0.99854374]
[0.998547   0.9968202  0.9970823  0.9982408  0.99798644 0.98249197
 0.99741817 0.99964607]
[0.9988071  0.9973901  0.9981504  0.99876356 0.9987116  0.9986438
 0.97641844 0.999345  ]
[0.9987225  0.9967265  0.9982089  0.9981779  0.99788636 0.99841654
 0.9979506  0.9458752  0.9992101 ]
[0.99757844 0.99627894 0.997182   0.99748164 0.9986072  0.99529654
 0.9963446  0.9724892  0.99924743]
[0.99795485 0.9976547  0.9968266  0.9979728  0.99858725 0.9991904
 0.7023302  0.99877757]
[0.9988864  0.99620926 0.9971806  0.9984536  0.9968928  0.9990415
 0.8906116  0.99917066]
[0.9971814  0.99621    0.99794716 0.99881303 0.99744797 0.94253135
 0.99954295 0.99916065]
[0.99855477 0.9977139  0.9983438  0.9980532  0.99686396 0.9985195
 0.99609095 0.75359416 0.9977984 ]
[0.9981579  0.9972403  0.9977736  0.99791294 0.9981451  0.9992901
 0.9058877  0.99854136]
[0.99877626 0.9967542  0.9975706  0.9975707  0.9983327  0.9991104
 0.9492048  0.9970335 ]
[0.99841857 0.9968478  0.9980696  0.99895895 0.99813145 0.9992859
 0.9820488  0.99749327]
[0.99776244 0.99598193 0.99844354 0.99737287 0.9970107  0.9993075
 0.9832356  0.99841654]
[0.9981957  0.9946467  0.9983292  0.99688464 0.9977804  0.9995821
 0.95710117 0.9974438 ]
[0.9986314  0.9978872  0.9982128  0.9979018  0.9987218  0.9989636
 0.63464797 0.9993857 ]
[0.99847025 0.99640745 0.9979348  0.9986571  0.99840873 0.9993563
 0.92210776 0.9984946 ]
[0.99876344 0.99626654 0.99793184 0.99731857 0.9984273  0.95960456
 0.9540992  0.9720719  0.99799144 0.9864884  0.99871016]
[0.9990044  0.99380106 0.9983359  0.99840623 0.9970005  0.99904066
 0.9641542  0.9982286 ]
[0.9987987  0.9968623  0.9982528  0.99855906 0.99815685 0.9982917
 0.99798226 0.9368307  0.9983834 ]
[0.9990042  0.99727434 0.9974542  0.9981129  0.9976291  0.9991155
 0.8526788  0.9988512 ]
[0.9985544  0.99507266 0.99399406 0.99710625 0.99789596 0.9974759
 0.9812339  0.9975592  0.9491712  0.9987287 ]
[0.99784505 0.99679595 0.9974903  0.9981785  0.9974571  0.9632294
 0.99936193 0.99863726]
[0.9988863  0.99625325 0.9982058  0.9983876  0.9974585  0.9994295
 0.9497172  0.99878544]
[0.99752754 0.99689686 0.99753237 0.99697495 0.9975019  0.9977145
 0.95447826 0.9982382 ]
[0.9978532  0.997396   0.997849   0.998168   0.99722433 0.9988594
 0.8749287  0.99885607]
[0.99870706 0.99458015 0.9986313  0.9987282  0.99734735 0.9835118
 0.9993711  0.9987563 ]
[0.9989893  0.9976513  0.9985448  0.9988477  0.9986431  0.99876106
 0.8740221  0.9971449 ]
[0.99822146 0.9968081  0.9983687  0.9970005  0.99751234 0.9972089
 0.95615    0.9982141 ]
[0.9984432  0.9980032  0.9974776  0.9986809  0.99700576 0.99913245
 0.9993574 ]
[0.99855393 0.9954455  0.99866617 0.99809545 0.99782604 0.9713567
 0.99867284 0.9981292 ]
[0.9985752  0.99754494 0.9981552  0.99833244 0.997414   0.9994337
 0.99922895]
[0.9981725  0.9945305  0.9976421  0.9979164  0.99834406 0.9964713
 0.9665376  0.99735343 0.9983885 ]
[0.99840766 0.9971848  0.99843186 0.998801   0.9975541  0.9566125
 0.99921334 0.9991117 ]
[0.9980617  0.9966563  0.99802667 0.9978588  0.9985695  0.9601161
 0.99901843 0.99941504]
[0.99885416 0.99506676 0.99685067 0.99792826 0.99861336 0.99506724
 0.99782616 0.9655411  0.9981335 ]
[0.9967714  0.9975363  0.99729866 0.99869764 0.99749786 0.9980646
 0.9979443  0.9002486  0.9982716 ]
[0.99790084 0.9963735  0.998027   0.9984339  0.9986273  0.9992478
 0.93967867 0.9976693 ]
[0.9984579  0.9961676  0.9979215  0.9982646  0.998642   0.99877137
 0.95176715 0.9989563 ]
[0.999064   0.99680424 0.9972037  0.99848324 0.9982672  0.99771667
 0.9976501  0.94853306 0.9979183 ]
[0.9986338  0.9977229  0.99832267 0.99644756 0.99707305 0.9990688
 0.80512935 0.99842924]
[0.99909806 0.99678445 0.9978453  0.99809843 0.99777347 0.99939716
 0.8803894  0.9967366 ]
[0.99887687 0.99735606 0.9987249  0.99859685 0.9970577  0.998175
 0.99771845 0.9543143  0.9991167 ]
[0.99835026 0.99734205 0.99801445 0.99828064 0.9983512  0.9981281
 0.89842564 0.9988524 ]
[0.99865997 0.9963104  0.99840635 0.9981731  0.99728596 0.9994185
 0.97807854 0.9972332 ]
[0.9990575  0.99701464 0.99723935 0.99794215 0.99851567 0.8929671
 0.99811894 0.99945   ]
[0.9983479  0.994093   0.9981609  0.99803716 0.9984969  0.9533612
 0.99918765 0.9994696 ]
[0.9983126  0.9950296  0.99799734 0.99743444 0.99844056 0.99628615
 0.9971546  0.9483765  0.9993711 ]
[0.9984951  0.9975228  0.9986229  0.99866796 0.99790937 0.9992493
 0.91859305 0.9980683 ]
[0.998869   0.9943916  0.99875855 0.9981592  0.99769235 0.9988319
 0.9722998  0.9991936 ]
[0.9984774  0.9958171  0.99861217 0.9982784  0.99833006 0.9980842
 0.95691884 0.9974765 ]
[0.9983602  0.99699175 0.9970283  0.9975706  0.9985065  0.99767405
 0.9969022  0.96280587 0.9982326 ]
[0.9978155  0.9959727  0.9977088  0.99734807 0.998228   0.99793315
 0.9543575  0.9973828 ]
[0.99860734 0.9972651  0.99699605 0.9987496  0.9972287  0.9338347
 0.9992181  0.99915135]
[0.9985061  0.9933606  0.9979631  0.99767417 0.9978728  0.99926275
 0.95252204 0.9984701 ]
[0.9980275  0.9950354  0.99840975 0.99722725 0.99804235 0.99940276
 0.96150017 0.99794346]
[0.9987931  0.9975706  0.99792874 0.99785775 0.99849546 0.99947613
 0.83843493 0.99696773]
[0.99778324 0.9961111  0.9974663  0.9988949  0.99801147 0.9996557
 0.9790411  0.9984257 ]
[0.99906915 0.99573565 0.9982957  0.9988901  0.9982759  0.9994362
 0.8947049  0.9984321 ]
[0.99850804 0.9954354  0.9984316  0.99793375 0.9971928  0.9987317
 0.9708793  0.9987839 ]
[0.9972209  0.996092   0.9979102  0.99788445 0.9982722  0.9995448
 0.8983972  0.99837   ]
[0.99896634 0.99656963 0.997592   0.998701   0.9974304  0.9978114
 0.9981316  0.9524433  0.99809605]
[0.99902153 0.9969146  0.9985404  0.9984497  0.9982522  0.99828464
 0.99828005 0.9401938  0.9976545 ]
[0.997253   0.99486154 0.9973369  0.99859875 0.99828845 0.9768738
 0.97665    0.9983992  0.9653586  0.9986552 ]
[0.9989698  0.9967795  0.9977932  0.9988506  0.99773324 0.9970306
 0.99800926 0.92286456 0.9994481 ]
[0.99886924 0.99743843 0.9985644  0.9979892  0.9982002  0.9959358
 0.89451855 0.99856275 0.9971711 ]
[0.99866724 0.99759465 0.9984034  0.9983796  0.9975069  0.99489635
 0.94998956 0.9987155  0.99743634]
[0.9981976  0.99788505 0.9970049  0.9985349  0.9978398  0.99951446
 0.54906034 0.9994454 ]
[0.9977533  0.9944028  0.99865735 0.99839467 0.9980615  0.96610874
 0.99855715 0.9996075 ]
[0.9984113  0.9962792  0.9979062  0.99785644 0.99726546 0.9824225
 0.99875414 0.99934274]
[0.99821943 0.9955048  0.99873406 0.9983296  0.9971097  0.99785525
 0.97661394 0.9989416 ]
[0.99722975 0.99668056 0.99822503 0.997142   0.99854636 0.99860317
 0.8550596  0.99843913]
[0.99867177 0.99600667 0.9975998  0.99669516 0.9975171  0.998273
 0.9613407  0.9984542 ]
[0.9989466  0.9968644  0.99794596 0.9975141  0.9971156  0.99950767
 0.9174126  0.99858737]
[0.9981293  0.99662846 0.9977404  0.998095   0.9979361  0.99589455
 0.99745184 0.9556253  0.99929667]
