Mprobs for dataset art (0.0001)

[0.9989569  0.99702114 0.99701333 0.9987343  0.997835   0.9984658
 0.99856156 0.9380078  0.9986965 ]
[0.99838686 0.9963182  0.99798477 0.99784374 0.9982778  0.96677285
 0.9993049  0.99893373]
[0.9981084  0.9957373  0.9982691  0.99841714 0.9986093  0.99803895
 0.9977197  0.87494403 0.9987174 ]
[0.99880874 0.99644107 0.99847394 0.9983728  0.9977835  0.9993418
 0.9722634  0.9973744 ]
[0.9978479  0.99659026 0.99685514 0.9983537  0.998145   0.9993832
 0.9470342  0.9983438 ]
[0.9984322  0.9972209  0.99863094 0.99718827 0.9983006  0.99749255
 0.91943675 0.99706465]
[0.99872106 0.9952128  0.9984864  0.99857116 0.9973646  0.9991462
 0.9466918  0.9991999 ]
[0.99912304 0.99787855 0.9987037  0.996851   0.9977335  0.99933666
 0.95515484 0.9990588 ]
[0.9983304 0.9965837 0.9986324 0.9990582 0.9967206 0.9993994 0.9467162
 0.9994666]
[0.9977303  0.9969326  0.9979303  0.99830973 0.9973341  0.9988888
 0.9722205  0.99917454]
[0.99814296 0.9963438  0.9981811  0.9973617  0.99703974 0.99956626
 0.9703588  0.9993037 ]
[0.9979797  0.99575657 0.9984079  0.9986123  0.9980349  0.99842596
 0.9984877  0.9316351  0.9989986 ]
[0.9984909  0.99588144 0.99814034 0.99790573 0.99867    0.99928826
 0.9333022  0.99777657]
[0.99891496 0.99607927 0.9982132  0.99882776 0.9975043  0.99776864
 0.99709594 0.956162   0.99897814]
[0.99866545 0.9953472  0.9974298  0.9983639  0.9971311  0.9577074
 0.99856704 0.9992099 ]
[0.9986449  0.996627   0.9970523  0.9983596  0.99740356 0.9984902
 0.9976647  0.9527331  0.99797624]
[0.9987049  0.9969887  0.9979151  0.99847203 0.99722844 0.99963593
 0.9396702  0.9986331 ]
[0.9988642  0.9961389  0.9979436  0.99914813 0.9979032  0.9976285
 0.95858806 0.99821436 0.9973557 ]
[0.99801207 0.99466586 0.9971205  0.99814    0.99785054 0.941201
 0.99868816 0.99905974]
[0.9986563  0.9942021  0.99863774 0.9980203  0.99703884 0.99918467
 0.99853516]
[0.9985025  0.997584   0.99812824 0.99891746 0.9982679  0.9305656
 0.9971335  0.9996244 ]
[0.9983658 0.9966878 0.9984445 0.9988954 0.9985832 0.9983342 0.997113
 0.9255032 0.9989693]
[0.9980459  0.9958318  0.9984731  0.9987136  0.9978758  0.99698097
 0.99826247 0.9185068  0.99897516]
[0.9985989  0.99797493 0.9984285  0.9980603  0.9969688  0.99753225
 0.9986154  0.9219359  0.9990361 ]
[0.9985341  0.9954982  0.9976829  0.9979048  0.9979518  0.99867415
 0.94894665 0.9974285 ]
[0.999212   0.9980868  0.99829036 0.99785775 0.99842227 0.99919933
 0.72361696 0.9989649 ]
[0.9985335  0.9962269  0.99748933 0.9985784  0.99868315 0.9978142
 0.99747807 0.9597741  0.9993741 ]
[0.99850464 0.9974366  0.9979442  0.998454   0.9980108  0.9995933
 0.958615   0.9975541 ]
[0.99873513 0.99417853 0.9979316  0.9989027  0.99821496 0.9994962
 0.9647908  0.9990031 ]
[0.9977744  0.9948926  0.997271   0.99817824 0.99798656 0.9507136
 0.99891174 0.99902713]
[0.99867874 0.99464804 0.99697506 0.9990049  0.9987515  0.99957556
 0.97984904 0.9973552 ]
[0.99866927 0.9973574  0.9975526  0.99848324 0.998295   0.9994155
 0.97930944 0.99851674]
[0.9983577  0.9964659  0.9983606  0.996543   0.99861383 0.99930036
 0.94480455 0.9971591 ]
[0.99890673 0.99678814 0.997449   0.9984511  0.9986615  0.97061265
 0.999321   0.99931145]
[0.99849164 0.99699247 0.99722797 0.9982742  0.99831796 0.9993969
 0.96594965 0.9975641 ]
[0.9979499  0.99752814 0.9971355  0.99862695 0.99730045 0.99951255
 0.8074253  0.9981184 ]
[0.9988134  0.9966049  0.9978865  0.9986218  0.997612   0.99600005
 0.99833137 0.93104255 0.99903524]
[0.9973074  0.99709153 0.99874324 0.9972747  0.99804366 0.99918336
 0.9471223  0.99827254]
[0.99849856 0.99661714 0.99791485 0.9985739  0.99830014 0.999613
 0.93472433 0.99689615]
[0.99833184 0.9966709  0.998475   0.9982173  0.9968892  0.9974227
 0.9970439  0.95395947 0.99797124]
[0.99851555 0.9955884  0.9985764  0.99905246 0.9987218  0.9973341
 0.96606475 0.9972064  0.998536  ]
[0.99807966 0.9972583  0.99843735 0.99798465 0.99761355 0.9981523
 0.94464254 0.9984825 ]
[0.9988881  0.9954888  0.99869317 0.9977603  0.9969399  0.96247745
 0.9992848  0.99942905]
[0.99854654 0.9971179  0.9968733  0.99809915 0.99786574 0.99822086
 0.99726295 0.9122402  0.99907935]
[0.9991055  0.9969118  0.99864477 0.99764144 0.9973616  0.9990055
 0.9582529  0.9992336 ]
[0.9989699  0.9964282  0.9979755  0.99847466 0.99827266 0.99766624
 0.9976865  0.91791785 0.99779737]
[0.99883145 0.9934983  0.9975304  0.9977234  0.997729   0.9728263
 0.9993067  0.99849296]
[0.998563   0.99518186 0.9971648  0.99830925 0.9986034  0.9994491
 0.99844474]
[0.99847394 0.99386746 0.99734867 0.9983785  0.9986425  0.99936086
 0.97802275 0.99825543]
[0.99889225 0.995691   0.99834967 0.9976451  0.9985025  0.9993235
 0.9634159  0.99845743]
[0.9990741  0.99705565 0.99859935 0.9986589  0.9978992  0.9961624
 0.9977071  0.9407534  0.9991824 ]
[0.9991636  0.9969001  0.9981071  0.998026   0.99829227 0.9976527
 0.99840647 0.9467759  0.9991147 ]
[0.99904615 0.9963477  0.9971221  0.9985587  0.99815434 0.9983494
 0.99855655 0.9613321  0.9993093 ]
[0.99887735 0.9970886  0.99787056 0.9982552  0.9973902  0.99933404
 0.9087392  0.99926585]
[0.99834967 0.99660987 0.9986243  0.99750996 0.99803334 0.9963766
 0.997695   0.8739694  0.99876785]
[0.9981254  0.9967643  0.99783725 0.9985781  0.998701   0.95462674
 0.9985734  0.9996669 ]
[0.99845445 0.9975842  0.9981596  0.99799734 0.99835384 0.9266612
 0.8499421  0.99898404 0.55097836 0.9987167 ]
[0.99791783 0.99663615 0.9970612  0.9988422  0.99836284 0.9994228
 0.9379864  0.9984314 ]
[0.9984224  0.99736327 0.9204456  0.9984755  0.99757034 0.9984066
 0.7004664  0.9994004  0.99881196]
[0.99901724 0.9963122  0.99786204 0.99843353 0.99791235 0.9988201
 0.95027924 0.9984536 ]
[0.99812454 0.9952047  0.9978492  0.9986197  0.9983199  0.99844426
 0.997474   0.9616213  0.9990914 ]
[0.9982023  0.99681157 0.99719584 0.9987785  0.99777657 0.9970674
 0.9959275  0.9134526  0.9987897 ]
[0.9979717  0.99538165 0.9983058  0.99807477 0.99697447 0.99964345
 0.9580827  0.99711967]
[0.99776506 0.9966743  0.9975811  0.99800974 0.99744177 0.99950314
 0.9572177  0.99804354]
[0.99891245 0.9962831  0.9974795  0.998466   0.9981577  0.9548233
 0.99891603 0.99892503]
[0.99881506 0.9973001  0.9973928  0.998478   0.99809974 0.99930346
 0.9433178  0.9971642 ]
[0.99894327 0.9942023  0.9982173  0.9977538  0.9985079  0.99935955
 0.96231925 0.99909914]
[0.9970757  0.99652004 0.99721575 0.99679285 0.99706656 0.9982516
 0.94969106 0.99809724]
[0.9972186  0.99669623 0.9975018  0.99760157 0.9984157  0.9634685
 0.99941957 0.9990558 ]
[0.998395   0.9972371  0.998743   0.9983177  0.9979113  0.99473995
 0.9975751  0.9370666  0.99946636]
[0.9981065  0.9966192  0.99871874 0.9980482  0.9977806  0.996558
 0.907469   0.9981034  0.9987093 ]
[0.9991073  0.9973755  0.9983713  0.99855894 0.99703526 0.8979377
 0.9983955  0.9991806 ]
[0.9982375  0.9975745  0.9978461  0.9985322  0.99699926 0.99765944
 0.99790996 0.9989973 ]
[0.99810994 0.99578    0.99773896 0.99858654 0.9981742  0.99662256
 0.9979108  0.9833339  0.998987  ]
[0.9986204  0.99737346 0.99851984 0.9982874  0.99831796 0.99887246
 0.9974025  0.9229935  0.9985801 ]
[0.99887294 0.9972275  0.9984864  0.9982584  0.99820733 0.9548804
 0.9977387  0.9995084 ]
[0.9984439  0.9966304  0.9987178  0.998483   0.9981413  0.99885523
 0.9445262  0.9983088 ]
[0.99907625 0.996424   0.99729013 0.99888045 0.9971831  0.9782164
 0.9985701  0.99939644]
[0.99876285 0.9967386  0.99723923 0.99856997 0.9980725  0.9993895
 0.974331   0.99882895]
[0.9990044  0.9962373  0.9971795  0.99869615 0.9984018  0.9961753
 0.97311497 0.99777156 0.9966439 ]
[0.9986021  0.9961521  0.9984445  0.99825186 0.99755436 0.9397313
 0.9990759  0.9987025 ]
[0.9983027  0.9965693  0.99712497 0.9985663  0.9980129  0.9994424
 0.9985833 ]
[0.9985298  0.99688417 0.99860954 0.9986218  0.9976156  0.9981007
 0.99819523 0.9514535  0.99856985]
[0.9982957  0.996552   0.9973807  0.9986268  0.9983045  0.995856
 0.99689156 0.9152905  0.998887  ]
[0.99810493 0.9962112  0.93981594 0.99730116 0.9981421  0.997724
 0.9990181  0.99895823]
[0.9976701  0.995542   0.9979335  0.9988662  0.99770856 0.99937683
 0.9315953  0.9986084 ]
[0.99868935 0.99526227 0.9983272  0.9983935  0.9975514  0.97924244
 0.9988217  0.9983956 ]
[0.99862075 0.9966258  0.99738485 0.99878293 0.99761486 0.99598795
 0.99622154 0.98678964 0.9993463 ]
[0.9978002  0.99691296 0.9985353  0.9981958  0.99798393 0.99606293
 0.99726164 0.9594301  0.9990194 ]
[0.99892586 0.9974788  0.9976775  0.9984275  0.9976801  0.9506571
 0.99696165 0.99731123 0.96523964 0.9985468 ]
[0.99796885 0.99485815 0.9983718  0.99863106 0.99852175 0.99753845
 0.9983315  0.95883954 0.9978442 ]
[0.998495   0.99253243 0.997581   0.99776566 0.99739754 0.9995277
 0.9791753  0.99883646]
[0.998519   0.9963007  0.9982981  0.9986577  0.99735665 0.9987196
 0.99871194 0.9784516  0.99920195]
[0.9987721  0.99728775 0.9970074  0.99777114 0.9981194  0.99912924
 0.9750387  0.9981414 ]
[0.9988261  0.9966162  0.9977724  0.9971404  0.9972691  0.99917716
 0.9715285  0.99825937]
[0.9976031  0.9967734  0.9972166  0.99901843 0.99768174 0.9976762
 0.8746581  0.9974463  0.99833184]
[0.9975472  0.99609405 0.99852425 0.9979538  0.9977544  0.9942524
 0.9968845  0.94621664 0.9992519 ]
[0.99802434 0.9979954  0.9980021  0.99878544 0.998247   0.9978237
 0.99827874 0.99876875]
[0.9987569  0.99687344 0.99740595 0.9977385  0.9969029  0.99957997
 0.926665   0.9982456 ]
[0.9983407  0.9967476  0.9972681  0.998175   0.99867886 0.9983602
 0.94285274 0.99796295]
