Mprobs for dataset art (50)

[0.9990439  0.9968266  0.9978902  0.9949793  0.99653256 0.997581
 0.99779654 0.99571013 0.99705815 0.9911533  0.96424264 0.97711086
 0.9886199  0.9916304  0.9815298  0.9782783  0.9976152  0.9968196
 0.9899109  0.9858655  0.99580836 0.99927336 0.9963187  0.99328977
 0.9971732  0.9950566  0.9990901  0.9866073  0.9959378  0.9971945
 0.9985306  0.9914329  0.99569976 0.99879944 0.9971825  0.98567873
 0.9959037 ]
[0.9984578  0.9960751  0.9968418  0.9955888  0.9970059  0.997156
 0.99650383 0.99579066 0.99727565 0.9878455  0.96426344 0.97643375
 0.9897996  0.9966522  0.9950513  0.9613037  0.99771047 0.99638164
 0.99628687 0.9723442  0.9945852  0.9991905  0.9845132  0.99428374
 0.99531674 0.9991937  0.98184925 0.9528865  0.99815995 0.9973328
 0.99910885 0.9834737  0.99720854 0.9990245  0.99389184 0.9906566
 0.994263  ]
[0.99917114 0.9975509  0.9972168  0.99790454 0.9976871  0.998276
 0.99759597 0.9979937  0.99687624 0.98895955 0.9430836  0.9861222
 0.980536   0.99353    0.9783084  0.9949399  0.9977984  0.9975733
 0.99019146 0.99696904 0.98903066 0.99718946 0.99919146 0.9878665
 0.99710685 0.9952199  0.9991541  0.9898588  0.9591054  0.9973672
 0.9983871  0.99838686 0.9958687  0.99528474 0.99871767 0.99786335
 0.99284405 0.9956613 ]
[0.99910575 0.99755245 0.9976561  0.995122   0.99720615 0.9976138
 0.996021   0.99523926 0.9976458  0.98948    0.95829767 0.9742268
 0.98985904 0.99508274 0.9699774  0.998078   0.9962286  0.99354386
 0.9849744  0.98797345 0.9990687  0.9914316  0.99612916 0.9467969
 0.99530846 0.9993444  0.988422   0.9883591  0.99717206 0.9968862
 0.9985588  0.9965622  0.9954241  0.99892235 0.9906102  0.98865205
 0.9890087  0.99621886]
[0.9993051  0.99693286 0.9963716  0.9984125  0.9952761  0.99677354
 0.9978156  0.99647874 0.9971316  0.9927054  0.9676185  0.98492545
 0.978457   0.9950087  0.96449995 0.989185   0.9968196  0.995447
 0.9593922  0.984501   0.99636734 0.9991493  0.9804936  0.9930999
 0.9913408  0.9755131  0.9953126  0.99918896 0.98732644 0.99661285
 0.99784243 0.9986248  0.99580956 0.997761   0.9988237  0.988064
 0.98925567 0.9947232  0.99562126]
[0.99865085 0.9967828  0.9974446  0.99866366 0.99771404 0.9966763
 0.99825424 0.9963129  0.9964426  0.9890639  0.9555068  0.97872955
 0.98777944 0.9925251  0.9925552  0.9903528  0.98503184 0.9975107
 0.9966348  0.9915959  0.9809569  0.9991043  0.99539375 0.994514
 0.99627835 0.99523324 0.9962321  0.9990275  0.98689747 0.9973705
 0.99824524 0.9890933  0.9963084  0.99787927 0.9950671  0.99250925
 0.99684083 0.99596727]
[0.9992513  0.99568045 0.9972978  0.9982742  0.9974137  0.99800473
 0.99747086 0.99657935 0.9976642  0.9895738  0.9576547  0.98504597
 0.9910166  0.9967738  0.9911164  0.98619395 0.9629625  0.99660933
 0.99682826 0.9956958  0.989253   0.9809807  0.9991997  0.9952828
 0.98552877 0.9903951  0.997104   0.99944156 0.98619473 0.9976363
 0.99830997 0.99863726 0.99335176 0.9981772  0.9987754  0.99543744
 0.9926778  0.9814321  0.9965364 ]
[0.9988808  0.9961675  0.9966223  0.99507636 0.9976084  0.9980116
 0.9976184  0.99704945 0.9976865  0.9929594  0.9658392  0.9789368
 0.98997027 0.7023843  0.9924508  0.97253925 0.9943335  0.99596417
 0.9974253  0.96866995 0.9854043  0.98833233 0.9920729  0.99918336
 0.7761835  0.9956671  0.9962923  0.9992762  0.96916294 0.9931363
 0.99140406 0.99713886 0.9983907  0.9947791  0.995911   0.9984401
 0.9936187  0.9884094  0.99645585 0.9944143 ]
[0.9991304  0.9958264  0.9976031  0.99656135 0.9965454  0.99819845
 0.9974968  0.9956638  0.9972355  0.99011153 0.9329027  0.976533
 0.9832629  0.99628496 0.9948037  0.96007925 0.99625576 0.99714005
 0.99712723 0.98237395 0.9873273  0.997248   0.999074   0.99058187
 0.99416864 0.99678195 0.99911326 0.98162293 0.99764234 0.99836534
 0.9981894  0.9899608  0.9973176  0.99858475 0.9971129  0.98817164
 0.99550724]
[0.9991308  0.99589217 0.9980742  0.9979296  0.99664485 0.9981061
 0.99770314 0.9966229  0.9963676  0.99176764 0.9490809  0.98028105
 0.98651797 0.992338   0.99318475 0.9805361  0.9976739  0.9963805
 0.9779823  0.9949391  0.99892235 0.97388715 0.9879667  0.9841361
 0.99635005 0.9992293  0.97311145 0.99449253 0.9974789  0.99803954
 0.99896073 0.98819155 0.99697196 0.99826884 0.9970976  0.9971161
 0.99016505 0.99519014]
[0.9991954  0.9973224  0.99787605 0.9978536  0.99742573 0.99675864
 0.99728405 0.9970155  0.9967656  0.98913735 0.9708868  0.9848164
 0.9753568  0.9933147  0.97348285 0.9952114  0.99653554 0.9687843
 0.99593484 0.9759084  0.99603087 0.9988912  0.94302106 0.99208015
 0.9153181  0.9957281  0.99904805 0.969249   0.99734515 0.9981943
 0.9987488  0.9963439  0.9981869  0.99891484 0.9953436  0.9892112
 0.99576473 0.9959824 ]
[0.99885905 0.99615747 0.998307   0.99838483 0.99596584 0.9982716
 0.9979284  0.9979081  0.9976291  0.98693526 0.9886246  0.9880735
 0.98753333 0.9737137  0.9959686  0.9155114  0.98194706 0.9965211
 0.9972167  0.98292834 0.9949641  0.979938   0.9918154  0.99896955
 0.9852514  0.9372619  0.99278    0.9943709  0.9992073  0.9821898
 0.9939546  0.9970912  0.998248   0.99725646 0.9981542  0.99913967
 0.995518   0.8327631  0.9960342 ]
[0.99849916 0.99607    0.9976865  0.99801046 0.99703336 0.9983571
 0.9980757  0.9958092  0.9972366  0.9906933  0.9746874  0.9828707
 0.99801105 0.99241877 0.94559985 0.9974685  0.9975007  0.95934
 0.97825795 0.9855246  0.99943405 0.9884454  0.9939972  0.99029887
 0.9957088  0.9989975  0.9349002  0.99776495 0.9927804  0.9972205
 0.9986105  0.99634665 0.99799746 0.9991375  0.99383295 0.98309916
 0.99565554 0.99436605]
[0.99880636 0.9958235  0.99814284 0.9987128  0.9960782  0.996912
 0.99806005 0.99651414 0.99631137 0.9881328  0.95424324 0.98180985
 0.99151456 0.99284947 0.99613696 0.9844565  0.9976285  0.9962496
 0.98333734 0.99626285 0.9941614  0.9957371  0.9990351  0.9915371
 0.9849841  0.9955076  0.9967282  0.99893576 0.9866676  0.9975853
 0.9987452  0.9817114  0.99700695 0.9983311  0.9958224  0.9917459
 0.99706715 0.99549013]
[0.998757   0.9954222  0.9966233  0.99793905 0.99735826 0.99837327
 0.9968348  0.9958929  0.99720603 0.9928606  0.9397011  0.9814881
 0.9870428  0.9944259  0.9394364  0.99444675 0.99786335 0.9960181
 0.99525154 0.98190284 0.99760205 0.99940395 0.99529713 0.9879782
 0.8120679  0.99587905 0.99898285 0.98727477 0.93193895 0.9976803
 0.9977482  0.9987835  0.9862367  0.997122   0.9988901  0.9953046
 0.9919167  0.99515027]
[0.9989672  0.99697614 0.9971404  0.9961087  0.9970893  0.9975458
 0.9971125  0.99760723 0.9976236  0.9890943  0.9220126  0.97924644
 0.9859488  0.9953927  0.9852983  0.7775935  0.99757534 0.99740237
 0.99618053 0.9822693  0.99909663 0.9961759  0.98590994 0.99707687
 0.99487054 0.99646026 0.99935657 0.9836517  0.99824846 0.9988349
 0.9870028  0.99798703 0.9991678  0.99670935 0.99034953 0.9958905
 0.9947189 ]
[0.9992366  0.9975879  0.99734616 0.9974566  0.99730337 0.99785703
 0.99745256 0.9978846  0.9979547  0.98940265 0.94593483 0.9696069
 0.9783387  0.99636024 0.99554425 0.9810899  0.995542   0.99734604
 0.9966877  0.9886586  0.9828247  0.9945509  0.9994301  0.9880844
 0.9866008  0.9957398  0.9994809  0.9673623  0.99758124 0.9860567
 0.9978701  0.9983962  0.99726737 0.9982041  0.9990108  0.99665016
 0.9901473  0.9946254 ]
[0.9993754  0.99752337 0.997407   0.99806434 0.9967355  0.99794406
 0.9981285  0.99756014 0.9964498  0.99255943 0.9537717  0.97712463
 0.9875553  0.99596345 0.9796719  0.9968472  0.9959478  0.99416614
 0.98671407 0.9990558  0.9950001  0.99004364 0.99565744 0.97392195
 0.99695444 0.9990717  0.9796153  0.99490815 0.99738914 0.9972842
 0.99858946 0.98954844 0.9975636  0.99869764 0.99639386 0.9917749
 0.9817228  0.99470705]
[0.9990852  0.99723285 0.9976902  0.99770606 0.9968876  0.99744487
 0.9969311  0.99663746 0.9969116  0.9933323  0.94884956 0.9839161
 0.98040444 0.9948757  0.99458045 0.9806039  0.9979109  0.996843
 0.98999524 0.98565674 0.9991873  0.9964766  0.9917156  0.9919233
 0.995968   0.9989423  0.96902287 0.9978942  0.99825567 0.99873227
 0.993757   0.9982153  0.99874425 0.99700314 0.9943632  0.99567574
 0.99451715]
[0.9986076  0.99590224 0.995887   0.99737334 0.99243575 0.9976907
 0.99692804 0.9974331  0.99628973 0.991409   0.98167    0.9881464
 0.9957014  0.9186069  0.9868658  0.9975909  0.99545634 0.74274105
 0.98083615 0.9859762  0.9992472  0.99645376 0.99435556 0.9732599
 0.9964238  0.9988624  0.9841595  0.9969458  0.98679256 0.99687093
 0.99882513 0.98363966 0.99665844 0.9988403  0.9910607  0.92132926
 0.995576   0.99548703]
[0.99891996 0.99721116 0.9973979  0.99869686 0.996405   0.99766135
 0.99664646 0.9961921  0.99663347 0.98967654 0.9564803  0.97783846
 0.9901686  0.99620086 0.95779103 0.99354506 0.9973361  0.9956007
 0.9967834  0.99588877 0.98516905 0.994882   0.99916947 0.9880278
 0.98719794 0.98702615 0.99585825 0.9991579  0.9878076  0.9982591
 0.9980763  0.9874276  0.99634606 0.99904245 0.99727684 0.9912986
 0.99658775 0.9959282 ]
[0.9990933  0.99752873 0.99813205 0.9982437  0.99686915 0.9972627
 0.99729735 0.9960997  0.9974699  0.9876628  0.94808125 0.9840814
 0.98485005 0.99745804 0.99646914 0.9543441  0.99625117 0.9971468
 0.9973896  0.9797506  0.989078   0.9933808  0.99943763 0.99021894
 0.9966955  0.9991379  0.968402   0.99634933 0.993836   0.9974241
 0.9985846  0.9934416  0.9972289  0.9990897  0.9964804  0.98960716
 0.9755617  0.9943303 ]
[0.999035   0.9963721  0.9970228  0.9983525  0.99768    0.99776864
 0.99710673 0.9966323  0.99700266 0.99206114 0.9730865  0.98515064
 0.99834967 0.99450135 0.8660117  0.9972703  0.9972928  0.9963504
 0.98228884 0.9308739  0.9835473  0.99893457 0.99383295 0.99067533
 0.9949504  0.994819   0.9992286  0.9724097  0.99511224 0.9969357
 0.9975836  0.99897575 0.99741554 0.9973949  0.99922085 0.9951357
 0.98556465 0.9956949 ]
[0.9993088  0.9954978  0.99702305 0.99720734 0.99719244 0.9965707
 0.99810433 0.99705267 0.99771404 0.99308324 0.95421565 0.9763881
 0.9871832  0.9774802  0.99606776 0.96991754 0.98959666 0.99723107
 0.9964637  0.9960515  0.98500735 0.54780674 0.99905103 0.9962625
 0.98337674 0.7538406  0.9963601  0.99932635 0.9794885  0.99019367
 0.9979474  0.9980154  0.9988997  0.9931213  0.99774855 0.99893695
 0.9964282  0.99201876 0.9948226 ]
[0.99888295 0.9966331  0.9980551  0.99815315 0.9969861  0.99735034
 0.9980818  0.9976277  0.9980488  0.99083847 0.9453422  0.9831134
 0.98771    0.9940602  0.9950358  0.98320884 0.664065   0.99587774
 0.9968264  0.98319477 0.9850295  0.9892932  0.9992061  0.9915916
 0.9912218  0.99321026 0.99667466 0.9992756  0.97626525 0.99467766
 0.9969296  0.9976488  0.9990196  0.9928236  0.99646324 0.9990829
 0.99368024 0.99764746 0.9943738 ]
[0.9992613  0.9964121  0.9970325  0.9988293  0.99617827 0.99822015
 0.99701464 0.99709356 0.9966053  0.99310935 0.9599982  0.967427
 0.98916805 0.99671245 0.9936784  0.9586032  0.99733835 0.996191
 0.9373821  0.995843   0.9903364  0.9968362  0.9993461  0.9896924
 0.99410594 0.99674416 0.9993585  0.98076874 0.9976688  0.99825543
 0.9989747  0.98975617 0.99758637 0.9990563  0.99783915 0.9884233
 0.987855   0.99442494]
[0.9993068  0.99696726 0.99625504 0.99617827 0.9968515  0.9974648
 0.99623173 0.9964095  0.99734604 0.9875665  0.9826712  0.989249
 0.9924515  0.9385266  0.996691   0.9975332  0.9969246  0.98413265
 0.9866041  0.99910563 0.9990037  0.9956567  0.98549056 0.991226
 0.99610305 0.9911048  0.9979565  0.997186   0.998648   0.9953536
 0.9887002  0.999175   0.9962748  0.98543185 0.99806184 0.99600923]
[0.9990583  0.9949993  0.9978387  0.9985103  0.99633753 0.9975872
 0.99713635 0.99545985 0.99725515 0.9903172  0.9109435  0.9763861
 0.98331213 0.9961665  0.9841427  0.99767286 0.9973815  0.9969015
 0.99637306 0.99405634 0.9994375  0.94847256 0.9913209  0.9956962
 0.9968604  0.9992124  0.9856048  0.99391043 0.9963826  0.9976767
 0.99836093 0.98648226 0.9977729  0.99783343 0.9088606  0.9869745
 0.9959805 ]
[0.99935645 0.9954072  0.996317   0.9980203  0.99747604 0.9971493
 0.9978625  0.99670535 0.99737144 0.99012417 0.9484777  0.98192835
 0.9884     0.9822503  0.9945056  0.9871451  0.99528897 0.9966223
 0.9973354  0.945944   0.9938548  0.99921703 0.99686927 0.992702
 0.99602205 0.71552795 0.9958562  0.9993     0.98062634 0.99313325
 0.9976599  0.99829227 0.99890697 0.9921847  0.9979195  0.99815756
 0.99706894 0.9892286  0.9950246 ]
[0.9991315  0.9958299  0.99786925 0.99798334 0.99724907 0.99669397
 0.9976584  0.995817   0.99643683 0.98912466 0.963477   0.98330724
 0.98374903 0.9947014  0.9767686  0.99371743 0.9971311  0.99737644
 0.74515635 0.9926837  0.98374176 0.9993705  0.99560887 0.996669
 0.9901904  0.9947314  0.9989398  0.9863239  0.9982703  0.96741295
 0.99705815 0.99850684 0.994722   0.9970395  0.99896526 0.94057125
 0.98785573 0.9966613  0.99429274]
[0.9991903  0.99737847 0.99740297 0.9981869  0.997291   0.9982029
 0.99789774 0.99716276 0.9960122  0.9902896  0.9450861  0.97765803
 0.9844965  0.9916117  0.97247994 0.9880156  0.99737453 0.9960542
 0.99418133 0.9871629  0.9934916  0.9990146  0.99527365 0.9952107
 0.996269   0.99504745 0.9993032  0.9735788  0.9974999  0.99855524
 0.9982672  0.9857371  0.9975509  0.99879277 0.99636203 0.991939
 0.9858456  0.99546   ]
[0.99900985 0.9977843  0.99712366 0.99859065 0.99700147 0.9982139
 0.99739134 0.99775785 0.9974197  0.9921624  0.96084076 0.9783919
 0.99000627 0.9944872  0.9509607  0.9716361  0.99704784 0.99732554
 0.9925794  0.9806176  0.996051   0.9990243  0.9921658  0.99736893
 0.9971059  0.99933726 0.98024875 0.97233385 0.9952637  0.99738044
 0.9986632  0.9804678  0.9957858  0.9986853  0.9970951  0.9917807
 0.99642545 0.9961738 ]
[0.9992362  0.9971765  0.99692506 0.99811625 0.9958839  0.9973369
 0.9978961  0.9960896  0.9979153  0.99088573 0.9595602  0.97337794
 0.98220253 0.9962741  0.99339116 0.98366    0.7183211  0.99680376
 0.9968419  0.98606795 0.9865333  0.99381626 0.9993969  0.9856213
 0.98689276 0.99196666 0.99462354 0.9990176  0.9875135  0.99786144
 0.99874324 0.9983638  0.9875609  0.9970276  0.9986987  0.9935307
 0.9907624  0.9956554  0.99491525]
[0.99928457 0.9956585  0.99737823 0.99880564 0.99650687 0.9965898
 0.9977277  0.99741566 0.9969021  0.98851484 0.97919923 0.98137283
 0.99729866 0.992902   0.98096263 0.9019545  0.9977665  0.9971064
 0.9793336  0.98680985 0.9937376  0.99901044 0.9829328  0.9892897
 0.9925966  0.9954092  0.99880016 0.9694614  0.99520314 0.9947758
 0.9975159  0.9985311  0.9965533  0.99820983 0.99870694 0.9949655
 0.9910183  0.98011875 0.9963995 ]
[0.999159   0.99677926 0.9983197  0.9990988  0.9951593  0.99642146
 0.9980621  0.9960737  0.996534   0.9902402  0.9789985  0.9857649
 0.9879908  0.9955829  0.981487   0.9963594  0.9976337  0.9958021
 0.9948285  0.9919091  0.99529207 0.9991177  0.9736564  0.99052215
 0.9896634  0.99642485 0.9991548  0.9866789  0.9977785  0.99408674
 0.99801326 0.9982988  0.9967278  0.9956703  0.99900454 0.9964812
 0.98828006 0.9752862  0.99544734]
[0.9990926  0.997701   0.9983985  0.9979673  0.9966863  0.99671125
 0.9977182  0.99675983 0.9966066  0.9917429  0.9688602  0.9835526
 0.98380154 0.9944395  0.9798594  0.99759114 0.9974613  0.929746
 0.98726547 0.99359494 0.9944945  0.99908626 0.9960665  0.9898921
 0.99473345 0.9900265  0.99451786 0.99921095 0.97542953 0.9876304
 0.9984962  0.99886405 0.99439514 0.9967991  0.99817705 0.9966589
 0.98431814 0.99748814 0.9944391 ]
[0.9992836  0.9965503  0.9965983  0.99768996 0.9976445  0.9974809
 0.99587834 0.9960731  0.99548125 0.9887328  0.9155867  0.984288
 0.98277617 0.99309665 0.9937627  0.9779162  0.9975731  0.99710923
 0.9965778  0.98660755 0.99300826 0.99927515 0.9690568  0.99311733
 0.99561846 0.9988959  0.9713382  0.9923098  0.99797755 0.997988
 0.9988997  0.9906059  0.99718684 0.9990484  0.9964534  0.9906641
 0.9911259  0.99492365]
[0.9988728  0.9980211  0.99829465 0.9965391  0.9979388  0.9973725
 0.9973073  0.99785835 0.99707305 0.9904957  0.9485092  0.98546773
 0.984387   0.9952089  0.9777659  0.9965456  0.9976647  0.95671815
 0.98625386 0.9832887  0.9954737  0.99914205 0.9863886  0.9936871
 0.9951945  0.994926   0.99940145 0.97404295 0.9965514  0.8112155
 0.9976173  0.9991235  0.99609655 0.9981451  0.99898046 0.99489236
 0.99596596 0.989026   0.99466383]
[0.99886835 0.9969001  0.9976997  0.9962328  0.9973009  0.9979386
 0.9970277  0.9954847  0.99782276 0.98916954 0.9560624  0.9804323
 0.9887177  0.98201764 0.9923395  0.96361834 0.99800795 0.99581134
 0.9869959  0.9922261  0.9964856  0.99918467 0.991859   0.98832256
 0.9974927  0.9967782  0.99912447 0.96753925 0.9981741  0.97735506
 0.9982374  0.99827707 0.9928087  0.9977876  0.9981565  0.99748236
 0.9961766  0.9968246 ]
[0.9985719  0.99761283 0.9978479  0.99805355 0.9956345  0.99711406
 0.9972633  0.9967526  0.9963229  0.9865802  0.963328   0.9814113
 0.9864312  0.9964438  0.98260146 0.98956084 0.9962941  0.99682
 0.99471223 0.98684525 0.9968232  0.99908245 0.9933559  0.99310267
 0.96439683 0.9967374  0.99897325 0.98205584 0.99558544 0.99821174
 0.9982161  0.9893498  0.9976004  0.9976253  0.9957409  0.9928168
 0.97907466 0.99638414]
[0.9992742  0.99550337 0.9960639  0.99606884 0.99739385 0.9981797
 0.9976694  0.9971206  0.9980763  0.9862446  0.93618387 0.9754175
 0.9746062  0.9953347  0.9754285  0.9932453  0.9959876  0.996403
 0.9851332  0.99760973 0.99093866 0.9945912  0.9990945  0.99364144
 0.94126964 0.99583876 0.9988343  0.97507566 0.9963953  0.9907171
 0.9979195  0.998209   0.99480563 0.99676204 0.9986444  0.99713683
 0.98997796 0.9955772 ]
[0.9991516  0.99752456 0.99731356 0.99756753 0.99780566 0.99845517
 0.99759275 0.9980629  0.99640584 0.9880114  0.93104094 0.98201746
 0.9883752  0.9960998  0.89637434 0.9884129  0.9973978  0.99686974
 0.99642795 0.9759719  0.9945156  0.99918586 0.9918663  0.98545885
 0.99346983 0.9956797  0.99897397 0.98043203 0.99735826 0.6933697
 0.998281   0.9988318  0.9896563  0.9970216  0.99916005 0.99382883
 0.88462555 0.9892175  0.99509096]
[0.9987122  0.99753475 0.9973665  0.99792445 0.99676526 0.99824107
 0.99822766 0.9977447  0.9960252  0.9876303  0.96442854 0.98615265
 0.98836356 0.9929906  0.9944027  0.9846539  0.98662716 0.9979692
 0.99489224 0.99547666 0.99074495 0.9969458  0.99940765 0.9879138
 0.99609464 0.99740183 0.99918264 0.97147715 0.9965307  0.9983146
 0.998895   0.98563504 0.99659157 0.99901533 0.99707913 0.99256104
 0.9947014 ]
[0.99871135 0.9956671  0.99691474 0.99867034 0.9964915  0.9975091
 0.9974928  0.99604875 0.99769336 0.9894789  0.9488327  0.98002565
 0.98355246 0.99520797 0.9925565  0.99729115 0.9977101  0.99662685
 0.99661046 0.99447304 0.99372345 0.9992168  0.9849231  0.9023558
 0.9685771  0.9952141  0.99933285 0.9813768  0.9972024  0.9983816
 0.99792224 0.9879622  0.99729604 0.99763536 0.995165   0.98802453
 0.99517894 0.9965837 ]
[0.9989281  0.99739337 0.9975751  0.9970215  0.99716383 0.9977315
 0.99828714 0.9973272  0.9979388  0.9884637  0.96117985 0.9799313
 0.9868548  0.99699783 0.9936521  0.96900684 0.98521185 0.99752206
 0.99701643 0.99235606 0.97832435 0.9914711  0.99901056 0.99235123
 0.99119616 0.9935788  0.99625033 0.99923766 0.969092   0.996888
 0.92859656 0.9975586  0.99878556 0.99539196 0.9972199  0.99836737
 0.99583983 0.8783209  0.99518025]
[0.99928385 0.99660826 0.99727005 0.9974927  0.996351   0.99678934
 0.997109   0.99737465 0.9974782  0.9906499  0.9427548  0.9708818
 0.98377097 0.99447024 0.9763875  0.997633   0.99447757 0.9969125
 0.99572265 0.9825832  0.9909559  0.99891376 0.9946743  0.9938036
 0.96950823 0.9963464  0.9991072  0.9884482  0.9959294  0.99823725
 0.9981154  0.99294186 0.99640745 0.99903095 0.9964522  0.9880064
 0.98282284 0.9953725 ]
[0.99878377 0.99640983 0.99789065 0.99866045 0.9974396  0.9972217
 0.99725527 0.99753785 0.99835867 0.98717624 0.9450096  0.9781877
 0.9846197  0.99067724 0.99596053 0.98971236 0.9983646  0.99680847
 0.9876414  0.99062717 0.9936568  0.99945074 0.9807571  0.98964393
 0.99790823 0.9935968  0.99546057 0.999328   0.9695593  0.9906859
 0.9983157  0.99874616 0.9899468  0.99638927 0.9981515  0.9966085
 0.9977512  0.9949201 ]
[0.998855   0.9974335  0.99762183 0.9984452  0.99691594 0.99646026
 0.9975662  0.99728024 0.99684274 0.98699147 0.9614912  0.9797989
 0.98962843 0.994251   0.98769826 0.996289   0.99800605 0.9958157
 0.9673075  0.9923753  0.9965653  0.9993204  0.9861325  0.99614966
 0.99605536 0.99916494 0.9851981  0.99682045 0.99387664 0.9980263
 0.9985481  0.9776112  0.99740916 0.9980261  0.997267   0.98852974
 0.8895596  0.9963086 ]
[0.998934   0.9969824  0.99562895 0.9989022  0.99682754 0.9969748
 0.99780124 0.9974094  0.99749786 0.9899412  0.9481117  0.9792596
 0.9860092  0.9885278  0.9956825  0.9830657  0.9938992  0.9978848
 0.9976186  0.9962838  0.9855526  0.99405754 0.99931264 0.994666
 0.9962166  0.99935645 0.98707867 0.9897837  0.99629444 0.99844176
 0.9980854  0.9834267  0.997317   0.9987901  0.84895575 0.99333316
 0.9946185 ]
[0.9992065  0.9961112  0.9970289  0.99898285 0.99746954 0.99818987
 0.99761105 0.99576426 0.99783355 0.99224937 0.95672274 0.97756463
 0.988352   0.9952493  0.9923664  0.96686757 0.9963988  0.9978149
 0.9957749  0.9894683  0.96539134 0.9898033  0.988278   0.9992493
 0.98927593 0.9954946  0.9990907  0.9813752  0.99631315 0.9939422
 0.9972631  0.9986858  0.9912691  0.9973326  0.9989378  0.9937489
 0.9903301  0.9945714  0.99573284]
[0.9992187  0.99588937 0.9977354  0.9975126  0.99480045 0.99744236
 0.9978967  0.9971078  0.9960794  0.990406   0.96260536 0.98333955
 0.99740404 0.9953334  0.99259585 0.9866939  0.98610145 0.995747
 0.9961921  0.9884505  0.847718   0.99655163 0.9988631  0.8922916
 0.9932526  0.98997504 0.9944606  0.9953452  0.99919766 0.9873355
 0.99500173 0.9984334  0.9984395  0.99395144 0.99514717 0.99809927
 0.9988531  0.996268   0.9933222  0.99496293]
[0.9991714  0.99597317 0.99808526 0.99584705 0.9976954  0.9977754
 0.9972262  0.99678135 0.99786276 0.9894406  0.9440537  0.982534
 0.97728866 0.99544686 0.9966227  0.97720623 0.99695444 0.9960538
 0.99630773 0.9839835  0.9762122  0.99344915 0.9987778  0.9901507
 0.9670628  0.56035125 0.994749   0.9991786  0.9775195  0.9905674
 0.99827635 0.99861073 0.9962286  0.9981225  0.99900705 0.99583554
 0.99170387 0.9978454  0.99524707]
[0.99858034 0.99751043 0.9962812  0.99574995 0.99660695 0.9966336
 0.9977423  0.99567324 0.9971788  0.9899678  0.9716864  0.9907699
 0.97895217 0.9921525  0.9817488  0.999131   0.9966601  0.99548435
 0.99795073 0.99271786 0.9927509  0.9992015  0.9595439  0.99453753
 0.9960658  0.99161166 0.9974025  0.5843423  0.99792874 0.9988462
 0.98406327 0.9852013  0.99838746 0.96824473 0.98605144 0.9667459
 0.9943039 ]
[0.998495   0.9964904  0.9974899  0.9987978  0.9963888  0.99786985
 0.99733186 0.99638546 0.9968219  0.9889957  0.96770656 0.9857846
 0.9868146  0.99636096 0.9964328  0.968346   0.997214   0.9970573
 0.96908456 0.96927077 0.97918326 0.99410087 0.9991321  0.9380579
 0.9848053  0.9961474  0.9965083  0.9989255  0.9836205  0.99798656
 0.99850994 0.99877185 0.995099   0.99708277 0.99913967 0.9938261
 0.9847477  0.99555594]
[0.99866164 0.99647933 0.99738306 0.99799347 0.9968901  0.99715626
 0.9981318  0.9975291  0.9964598  0.9910506  0.95289886 0.9869228
 0.99042106 0.9685563  0.9936987  0.9821431  0.9953099  0.9969824
 0.9957098  0.97961116 0.99121374 0.9882306  0.998938   0.99300826
 0.9955356  0.9969357  0.99924743 0.97209597 0.9920461  0.9981893
 0.9966258  0.99847037 0.9851929  0.99709725 0.9985507  0.99478227
 0.9854652  0.99502796]
[0.99880075 0.995804   0.99810433 0.9982059  0.99689794 0.99787605
 0.9979367  0.99613047 0.9954491  0.9883669  0.9509743  0.9759429
 0.98552763 0.9966467  0.96901536 0.9939557  0.99743634 0.9962921
 0.9952846  0.9889438  0.9991591  0.9928169  0.9894182  0.98003644
 0.997065   0.9994159  0.98222554 0.9873685  0.991446   0.99699044
 0.9982139  0.99247336 0.99814224 0.99915063 0.99520123 0.9906059
 0.9966364  0.99534094]
[0.999328   0.994888   0.9980755  0.99291843 0.99751925 0.9979704
 0.9964051  0.99763227 0.9977769  0.9890928  0.94103676 0.978306
 0.9849338  0.9957546  0.984891   0.9949374  0.99650073 0.9964856
 0.68606424 0.98002094 0.9893105  0.9942731  0.99922204 0.9920408
 0.9945868  0.99909353 0.97427386 0.99627775 0.99148786 0.9960444
 0.99863523 0.9949122  0.9960238  0.99863154 0.99429154 0.98656404
 0.997778   0.99440515]
[0.9991425  0.99669147 0.99677986 0.9958599  0.99684405 0.99832016
 0.9965145  0.99690515 0.9971227  0.98729753 0.9312305  0.9747069
 0.9870205  0.99238974 0.9605828  0.9974801  0.99624383 0.99418336
 0.9898491  0.99684215 0.99913675 0.9929658  0.9927388  0.9809641
 0.99523073 0.9967805  0.99898535 0.97884387 0.9975419  0.99803156
 0.9982089  0.9879006  0.9979912  0.9986625  0.99720615 0.9927642
 0.994422  ]
[0.9990767  0.9972926  0.9977714  0.998914   0.99500775 0.9972236
 0.9968746  0.99601114 0.9965557  0.9922442  0.96493405 0.98825306
 0.9786659  0.996581   0.9942469  0.9644904  0.99552923 0.9969392
 0.9961124  0.9884311  0.9916237  0.9906035  0.99906904 0.99276537
 0.9501454  0.9957489  0.9987984  0.9868052  0.9975107  0.990923
 0.9979074  0.99846566 0.9957982  0.9964952  0.99908674 0.9911293
 0.9907449  0.99282634 0.99596316]
[0.99864346 0.9948843  0.99747866 0.99845123 0.99687165 0.99775213
 0.99804497 0.99602294 0.99701715 0.98928386 0.9656863  0.98166853
 0.98451775 0.994138   0.97664523 0.9874085  0.9976413  0.99657637
 0.99547297 0.98249185 0.99910444 0.99584657 0.9910285  0.9946227
 0.98416716 0.99642    0.99917275 0.97811025 0.9975235  0.9977842
 0.99844533 0.99331564 0.99733233 0.9991677  0.9970042  0.99239564
 0.99373156 0.99607074]
[0.99911755 0.9966859  0.997081   0.99799407 0.99630547 0.9979144
 0.9974847  0.99567574 0.9975573  0.98910785 0.94204295 0.9779618
 0.9877984  0.9967186  0.9835443  0.9928306  0.9969409  0.99649495
 0.9745243  0.9923159  0.98760104 0.99914324 0.9962059  0.99339867
 0.99160343 0.99607974 0.99920696 0.9728631  0.99599826 0.9968035
 0.9979049  0.99863017 0.9778311  0.9971155  0.9979431  0.9948797
 0.98846126 0.995471  ]
[0.9993692  0.9973133  0.9974962  0.9965912  0.99701357 0.9977907
 0.99669707 0.9970457  0.99753416 0.9918514  0.9685333  0.98121244
 0.98884785 0.99519205 0.98630977 0.99570435 0.9975751  0.9964386
 0.9868728  0.9847829  0.99915147 0.99696237 0.9921881  0.9957135
 0.99665254 0.99915767 0.9880481  0.9883386  0.99723417 0.99693763
 0.9982412  0.997131   0.99732214 0.9984854  0.9961779  0.9937017
 0.9823056  0.9967439 ]
[0.9990885  0.99541724 0.9975787  0.99825877 0.99410534 0.99676895
 0.9979826  0.9948152  0.9973748  0.990391   0.98382574 0.985468
 0.99782145 0.99529934 0.978205   0.9926388  0.99624866 0.99554765
 0.96753293 0.9878423  0.99505275 0.9988728  0.99344987 0.9941638
 0.984562   0.99659026 0.99855846 0.9712742  0.9953874  0.99468887
 0.9981166  0.99899226 0.9956631  0.9971124  0.9987174  0.9967976
 0.97957784 0.9923153  0.99516845]
[0.9992424  0.9973591  0.9983334  0.9989485  0.9956767  0.9969938
 0.9979887  0.99574935 0.9974591  0.99001044 0.9883357  0.98936254
 0.9987212  0.99710804 0.9805782  0.99763703 0.9973232  0.9823695
 0.9815623  0.9782662  0.9924615  0.9992449  0.9866197  0.99206984
 0.9947115  0.9991385  0.9706397  0.99659485 0.99542785 0.99760616
 0.9982767  0.9966239  0.9975961  0.99927026 0.9955877  0.982206
 0.9959131  0.99420655]
[0.99909496 0.997701   0.9970552  0.99843603 0.9974606  0.99731714
 0.9977329  0.9961893  0.9964019  0.9882647  0.95834595 0.98500556
 0.9879822  0.9804622  0.99656147 0.92744035 0.9921835  0.9975019
 0.9968867  0.92306775 0.99289215 0.97754353 0.99432003 0.9992322
 0.9928647  0.9943057  0.9963851  0.9992754  0.9708874  0.9897391
 0.998126   0.9989563  0.99211675 0.99582016 0.9990601  0.8943571
 0.99685633 0.99504447]
[0.99917275 0.99759704 0.99570674 0.99757236 0.9965534  0.99789315
 0.9961383  0.99708563 0.99749243 0.99140465 0.9303058  0.97569656
 0.99021494 0.99152386 0.9881258  0.72258806 0.9975077  0.99735177
 0.9929789  0.9871236  0.99374807 0.9993081  0.99600667 0.99526703
 0.9804834  0.99594635 0.9991161  0.97541827 0.9966233  0.99728954
 0.9987413  0.9875766  0.99747616 0.99809545 0.9957081  0.98999023
 0.99718946 0.99485886]
[0.9987016  0.9968593  0.9962119  0.9989183  0.99681324 0.99708194
 0.9979201  0.99626017 0.9975017  0.9897822  0.95831054 0.98001033
 0.9859373  0.9962203  0.992967   0.9791909  0.9955843  0.9973212
 0.99729663 0.98390883 0.98815906 0.99262905 0.99888104 0.9928266
 0.9969946  0.9989567  0.9725434  0.9968453  0.9912533  0.99841774
 0.99860245 0.9821958  0.99710983 0.9986885  0.99400514 0.9868325
 0.9933641  0.99551636]
[0.99894506 0.99775773 0.99763036 0.99694866 0.99734914 0.9979772
 0.9978941  0.99691474 0.9980148  0.9886332  0.9373402  0.96734333
 0.98460454 0.9886203  0.9930131  0.9823491  0.99839056 0.9952225
 0.99700624 0.9950956  0.9917269  0.99936837 0.995685   0.9932856
 0.97950786 0.9966511  0.9991178  0.97244    0.99795675 0.9982141
 0.99866676 0.9891389  0.99745435 0.99867994 0.9970747  0.98811954
 0.99528956]
[0.998645   0.9969542  0.9977697  0.99860185 0.9969206  0.9975243
 0.9972435  0.99705446 0.9980356  0.9933449  0.9509549  0.98557174
 0.986516   0.99554515 0.9561171  0.9920609  0.9977514  0.9957419
 0.9794263  0.9899154  0.99927574 0.99331313 0.99081963 0.9969119
 0.99278414 0.997157   0.9988722  0.9785138  0.9966275  0.99570423
 0.9980565  0.9981907  0.9795914  0.99708694 0.99905235 0.99605465
 0.9892771  0.9960758 ]
[0.99896026 0.9961112  0.9979145  0.99820113 0.9945446  0.9966061
 0.99674016 0.99601847 0.9974753  0.9890588  0.98787946 0.9855994
 0.9978775  0.9960413  0.65121984 0.99439996 0.99650586 0.9900079
 0.90683657 0.98102105 0.9904186  0.99901736 0.98796135 0.9924263
 0.97559786 0.9881868  0.9964282  0.9992632  0.9887213  0.9931015
 0.9947212  0.9986443  0.99772173 0.99804556 0.996357   0.9992925
 0.9945209  0.91925466 0.99389344]
[0.9992561  0.9967769  0.99708146 0.9985563  0.9961138  0.9975357
 0.99812895 0.9966647  0.997271   0.99387616 0.98657054 0.9878781
 0.99860007 0.96536803 0.99620444 0.95989734 0.99800247 0.9941619
 0.9821507  0.9952513  0.9882904  0.9914928  0.9992879  0.9960854
 0.98506075 0.99627775 0.99701935 0.9988115  0.986024   0.9962412
 0.9978879  0.99863666 0.99673873 0.99623317 0.99896204 0.99704653
 0.97698385 0.9958746 ]
[0.9987336  0.9978218  0.99780315 0.9975534  0.9950305  0.99843866
 0.9964419  0.99606496 0.9960931  0.9890939  0.9504331  0.9853205
 0.9841291  0.9956691  0.9959365  0.9414846  0.9975883  0.9949832
 0.9898414  0.9888325  0.5524964  0.99927145 0.99307007 0.9925499
 0.9915696  0.948602   0.9957033  0.9990644  0.97357213 0.9978751
 0.99792373 0.9988199  0.99348843 0.9977397  0.99909437 0.99574584
 0.98588526 0.99686396 0.9949662 ]
[0.99931705 0.99730885 0.997629   0.9984334  0.9972638  0.9980184
 0.99693465 0.9958454  0.9977047  0.988962   0.95956564 0.98288363
 0.9904542  0.99587494 0.99421906 0.96218735 0.977359   0.99780196
 0.9959965  0.9965946  0.9945498  0.9774619  0.9874605  0.99931395
 0.9943243  0.994406   0.9799897  0.99555874 0.9991934  0.98115563
 0.99659085 0.997355   0.99844897 0.9960226  0.99805826 0.99903035
 0.9970222  0.9873675  0.9959888 ]
[0.99883026 0.9965726  0.99608934 0.99762005 0.9975672  0.9978275
 0.9980798  0.9973726  0.99808025 0.990746   0.9496385  0.9767496
 0.9851717  0.9953284  0.9960969  0.9864298  0.99760926 0.99781716
 0.9853533  0.99492353 0.987375   0.9990501  0.99027437 0.9891167
 0.9956813  0.99602073 0.99934095 0.9838218  0.9979062  0.99701947
 0.9983487  0.9822786  0.9980934  0.99821776 0.993796   0.98672825
 0.99051523 0.99645185]
[0.9990926  0.9965995  0.99774724 0.9976235  0.9966181  0.9963278
 0.9974082  0.9973009  0.99629164 0.9905695  0.5542827  0.9797847
 0.98047215 0.9767111  0.9935802  0.9805995  0.99910563 0.9969784
 0.9960896  0.9779715  0.9944312  0.9852915  0.97569203 0.9991136
 0.54747254 0.9914233  0.9859428  0.99541795 0.9792997  0.9960312
 0.97220254 0.99666864 0.99908113 0.9969771  0.99461526 0.9982627
 0.99063945 0.99674845 0.9955852 ]
[0.9988417  0.9961876  0.9967277  0.9963091  0.99557626 0.99765426
 0.9978795  0.9961702  0.9977246  0.9898039  0.94780993 0.98520434
 0.98261976 0.99644727 0.9952213  0.9884355  0.8263456  0.9972791
 0.9961551  0.98523664 0.9931185  0.9970919  0.99917406 0.9933877
 0.98846227 0.98827374 0.9957521  0.998901   0.98354787 0.99558383
 0.99797636 0.9981571  0.99661416 0.9960957  0.99896634 0.99338293
 0.9885562  0.94839114 0.9964927 ]
[0.9994331  0.99577844 0.99858737 0.9989568  0.99455655 0.9970995
 0.9974125  0.9976101  0.9971558  0.99150324 0.98457503 0.9892876
 0.9879282  0.99656266 0.9736917  0.99181694 0.99701416 0.9966378
 0.9288243  0.96419907 0.99459696 0.9989876  0.99281466 0.9910925
 0.9932774  0.9952734  0.9986614  0.9805103  0.99189854 0.981369
 0.9983341  0.9988433  0.9960282  0.9980262  0.99912125 0.99677175
 0.97806567 0.9979972  0.99550194]
[0.9992873  0.9971539  0.99794036 0.9961743  0.9978308  0.99791235
 0.99698836 0.9970956  0.99696004 0.992607   0.9364468  0.98767835
 0.9801317  0.9957898  0.97845536 0.9978867  0.9962901  0.96129584
 0.99231076 0.9892987  0.99508095 0.999099   0.99599093 0.99317473
 0.9969206  0.99571925 0.99891615 0.9817567  0.9978612  0.72389257
 0.9975957  0.9986852  0.9964296  0.9976047  0.99885046 0.9975903
 0.98921216 0.99040586 0.9952512 ]
[0.9990847  0.9969227  0.9973367  0.99874145 0.9967648  0.9976042
 0.99772686 0.995884   0.99746644 0.99050117 0.9648305  0.9824003
 0.9860243  0.9958145  0.99423176 0.959158   0.99693465 0.99719787
 0.9975139  0.983942   0.9805947  0.9887806  0.9990128  0.99216205
 0.98957574 0.99271387 0.5153892  0.99576545 0.9990652  0.96423686
 0.99696004 0.9976301  0.99887365 0.99099296 0.99771    0.99879456
 0.99628156 0.9909198  0.9959131 ]
[0.998708   0.9965334  0.99847215 0.9979126  0.9948085  0.99768746
 0.9981596  0.9974015  0.99767774 0.9929709  0.9797544  0.9810605
 0.9981242  0.9950594  0.9966518  0.9866629  0.9976446  0.9952604
 0.96525705 0.98032516 0.9946572  0.9992231  0.99300367 0.98709226
 0.9833017  0.99089664 0.9965534  0.9990103  0.96580404 0.9983026
 0.9937169  0.9975274  0.9989114  0.99687433 0.9974956  0.9982608
 0.9957339  0.98775303 0.9682827  0.9954216 ]
[0.99864036 0.99739766 0.9967403  0.99869376 0.9968637  0.9980738
 0.99811196 0.9978219  0.99747306 0.99117637 0.94490814 0.9811079
 0.9811335  0.9959991  0.9916536  0.9782216  0.9959252  0.99711657
 0.9889392  0.98567134 0.9951906  0.9995166  0.9944705  0.9899865
 0.99654394 0.9967722  0.9990097  0.9864704  0.99756515 0.9980877
 0.9980654  0.9916562  0.99705935 0.9989354  0.99695766 0.9885514
 0.985531   0.99556535]
[0.9994037  0.9980088  0.9971033  0.99776983 0.9964347  0.9979918
 0.996557   0.99773055 0.9967463  0.9913679  0.98512185 0.9910692
 0.99629885 0.992717   0.96690774 0.9878137  0.99728477 0.9968291
 0.9942213  0.9891236  0.99315333 0.99934214 0.9886875  0.9949334
 0.99672455 0.9913817  0.99930525 0.9972428  0.9954026  0.9991314
 0.98501784 0.99637693 0.9987698  0.96513635 0.9892496  0.99539423]
[0.9987791  0.9966414  0.9980578  0.9983052  0.9960781  0.99848515
 0.9965191  0.997512   0.99768436 0.98954797 0.9547236  0.97695017
 0.9759327  0.99451447 0.9699355  0.9896086  0.9962889  0.9964575
 0.64981467 0.9801389  0.99450606 0.9990746  0.989481   0.9927899
 0.9972857  0.9947239  0.9962793  0.9991672  0.9681838  0.99841595
 0.99854136 0.998697   0.99402493 0.9978447  0.9986405  0.99567246
 0.9895356  0.9860415  0.9941354 ]
[0.9993087  0.9963857  0.9977203  0.9972007  0.99811685 0.9979493
 0.9980149  0.99512744 0.9971956  0.99140114 0.9169326  0.98042583
 0.9845703  0.98969567 0.99516183 0.9756881  0.9961669  0.99756974
 0.9969658  0.9928901  0.99474406 0.99900824 0.9939365  0.9860686
 0.99526453 0.9990778  0.97773314 0.9977502  0.9889931  0.9972627
 0.9980945  0.99764156 0.9982626  0.9989955  0.9543344  0.9873355
 0.9752203  0.99481493]
[0.99877125 0.99731475 0.9954861  0.994276   0.9960925  0.99667394
 0.99762756 0.995255   0.99648416 0.9874594  0.9678087  0.9831014
 0.995812   0.99491394 0.9574056  0.9766708  0.99577975 0.9976622
 0.98983055 0.9820986  0.99040145 0.9988175  0.99564457 0.98416835
 0.9967925  0.9953193  0.9990657  0.9862607  0.99685466 0.9962974
 0.9985606  0.98986024 0.9920934  0.99881613 0.99605066 0.9905149
 0.99385494]
[0.9990963  0.9961377  0.9964051  0.99845624 0.9974033  0.9973507
 0.99757963 0.9973449  0.9969393  0.9913858  0.9527504  0.97629434
 0.99079025 0.9928618  0.9516012  0.99692506 0.99809307 0.9964224
 0.98657763 0.9874071  0.99300075 0.9992174  0.9964295  0.99161375
 0.9942568  0.99671197 0.9993529  0.9857362  0.9957541  0.9971615
 0.99819046 0.98583996 0.9952549  0.9987759  0.9942479  0.98998076
 0.98968    0.99545336]
[0.9991523  0.99599385 0.9957359  0.99738866 0.99705005 0.9979538
 0.99787354 0.99712974 0.9969037  0.9896853  0.94569653 0.9845413
 0.9869401  0.9911267  0.98385704 0.9982158  0.9970831  0.9800568
 0.99543154 0.99937856 0.9917857  0.99474204 0.98624706 0.99495655
 0.9954867  0.9993217  0.9802725  0.9950228  0.9981053  0.9976673
 0.9872197  0.9966724  0.99904805 0.9956864  0.9934411  0.98852134
 0.9954137 ]
[0.9987004  0.99581283 0.9981822  0.9974011  0.9973297  0.997044
 0.99824226 0.9979818  0.9977983  0.9915804  0.96539134 0.97913843
 0.98685384 0.9921388  0.9951551  0.9845621  0.99705136 0.99701476
 0.94915205 0.99648416 0.9917041  0.9947923  0.9989838  0.9874616
 0.99568486 0.9966102  0.9990381  0.98761904 0.9971239  0.99712914
 0.99823356 0.99385923 0.99649954 0.9982521  0.9957021  0.9883029
 0.9857663  0.9945827 ]
[0.99934095 0.99703574 0.99793637 0.9953753  0.99744236 0.9983682
 0.9980014  0.99724317 0.9978217  0.9913408  0.9556997  0.9815949
 0.9919882  0.9964804  0.95022434 0.9608866  0.99792576 0.99770314
 0.9864006  0.9893287  0.9992835  0.9957734  0.98629224 0.9976732
 0.9958496  0.9990908  0.9658048  0.9950223  0.99685526 0.9985826
 0.9906844  0.99824786 0.99890876 0.99529254 0.98777884 0.99691135
 0.9960885 ]
[0.9993806  0.99618953 0.9983014  0.9988231  0.99686867 0.9979972
 0.9968129  0.99753726 0.9977557  0.9912458  0.97305894 0.9852468
 0.98737377 0.9941924  0.9764181  0.99334335 0.9971348  0.9963887
 0.97238356 0.97345304 0.97641766 0.9843881  0.99891245 0.99321073
 0.99536985 0.9963691  0.99416476 0.9989802  0.9827995  0.9912764
 0.9968797  0.99877447 0.9951644  0.9971136  0.9990765  0.99289703
 0.97904265 0.9962142  0.995663  ]
[0.9991047  0.9960757  0.9976369  0.99683124 0.99606824 0.9984249
 0.997426   0.99557847 0.9966126  0.9917537  0.96991426 0.9855679
 0.9858394  0.9961196  0.9479122  0.9714569  0.99782866 0.9964972
 0.98632777 0.99333006 0.9763707  0.9923074  0.9989562  0.99479914
 0.9891999  0.9916453  0.99662435 0.999338   0.97879744 0.99653256
 0.9979067  0.99836534 0.99574465 0.9966446  0.99921775 0.9933294
 0.99787724 0.9960983 ]
[0.99859923 0.995376   0.9977016  0.9987056  0.9955493  0.9981376
 0.9978947  0.99752885 0.9974299  0.9917034  0.9566577  0.98009175
 0.98521    0.9961228  0.99642247 0.9856419  0.62380797 0.99765956
 0.9956125  0.98367774 0.9912573  0.99494886 0.9990934  0.9914191
 0.98996514 0.98810345 0.99595094 0.9990734  0.9856942  0.9978536
 0.9980995  0.99897397 0.9848801  0.9983557  0.9989643  0.9965216
 0.9969856  0.9887834  0.99651945]
[0.9992768  0.9975567  0.99647695 0.9963748  0.99694175 0.9977584
 0.9964179  0.997954   0.9968213  0.992305   0.9456805  0.9750534
 0.9776339  0.99228233 0.99659204 0.9825974  0.68977076 0.9966485
 0.9968214  0.9841144  0.99747986 0.998917   0.9945004  0.98915195
 0.98824114 0.99583286 0.99913293 0.9881336  0.99327964 0.9969946
 0.997414   0.9982645  0.99313605 0.9971046  0.9980515  0.99601257
 0.9928489  0.88282883 0.99508625]
[0.99905807 0.99763334 0.99702865 0.9986467  0.996608   0.9984732
 0.9978265  0.9979049  0.9978751  0.9935359  0.9430502  0.97829425
 0.97809815 0.9894762  0.9947214  0.9776308  0.94457585 0.9980975
 0.99550664 0.98607093 0.98578066 0.93024737 0.99928325 0.99497426
 0.9900919  0.99578756 0.9960716  0.9989774  0.97962636 0.58665055
 0.99821067 0.99817836 0.9987727  0.9960103  0.99719465 0.9991436
 0.9819072  0.987502   0.98509175 0.9962907 ]
[0.9991015  0.9970061  0.99824774 0.9972288  0.99655896 0.99803597
 0.99805945 0.99788326 0.99688643 0.98728496 0.9585814  0.9870227
 0.9918401  0.99164057 0.9962375  0.9863994  0.6549106  0.99764353
 0.9965125  0.85750276 0.9887793  0.98363435 0.99916804 0.98868924
 0.9919225  0.98956525 0.9969304  0.9991266  0.97810453 0.9946079
 0.99571794 0.9970222  0.9980684  0.99245185 0.9976615  0.9985967
 0.9955167  0.98913455 0.99512875 0.99603564]
[0.99926454 0.99585307 0.9970438  0.99885905 0.996929   0.99730825
 0.997526   0.9965333  0.99608237 0.98801416 0.9349022  0.98176664
 0.98101646 0.99659294 0.9950997  0.9458247  0.9893127  0.9981111
 0.99704915 0.9962657  0.98812604 0.99537355 0.9991264  0.9837986
 0.9851769  0.83791476 0.99654394 0.99861467 0.9603704  0.99840194
 0.9976301  0.99741995 0.9986563  0.9945733  0.99046737 0.99925596
 0.99702543 0.99005437 0.9855898  0.9955232 ]
[0.9988508  0.99728227 0.9974262  0.9974323  0.99659866 0.9974523
 0.99667907 0.99696046 0.9964743  0.9886318  0.94452375 0.97865146
 0.9857852  0.99710125 0.9900742  0.9903718  0.99742717 0.99558455
 0.9975631  0.9872115  0.99328303 0.9988967  0.98825073 0.98880404
 0.9943891  0.9989323  0.97012883 0.99352235 0.998744   0.99886084
 0.98753786 0.9979747  0.9978416  0.996863   0.99666697 0.9880007
 0.9942445 ]
[0.99882525 0.9968162  0.9980775  0.9950499  0.9964154  0.99821883
 0.99670583 0.9960452  0.99746263 0.99126923 0.9352245  0.97220784
 0.99067616 0.99637306 0.96869946 0.9860087  0.99706465 0.9962792
 0.9891971  0.9988682  0.99485683 0.99396956 0.9960348  0.9954774
 0.9992899  0.9747108  0.99235183 0.997614   0.9968765  0.9985752
 0.9921862  0.99695647 0.9988953  0.996976   0.990934   0.9870128
 0.9940696 ]
[0.9990522  0.99700636 0.9976272  0.9972791  0.99679357 0.9983342
 0.9978865  0.99579006 0.9971418  0.9909244  0.9775664  0.9864628
 0.9805047  0.99185646 0.9919228  0.98338    0.9979615  0.9972241
 0.82466966 0.9786648  0.9321588  0.99929106 0.995884   0.9935126
 0.9833565  0.9886939  0.99613535 0.99927026 0.9689913  0.9958139
 0.9977458  0.9970156  0.9984705  0.9937063  0.9972107  0.99906343
 0.9967601  0.9821222  0.9964006 ]
[0.9992083  0.9976254  0.9961881  0.99813193 0.9974607  0.99818534
 0.99655426 0.99712497 0.9976671  0.9916471  0.89010155 0.9786556
 0.9879489  0.99052763 0.9961592  0.96566397 0.99392456 0.99658525
 0.99743783 0.995707   0.99090296 0.99892944 0.9931467  0.99184227
 0.72424096 0.9953206  0.9994186  0.9737627  0.98930746 0.99758625
 0.99779046 0.99877733 0.9902762  0.99689376 0.9990614  0.9604464
 0.9916398  0.9967168 ]
