Mprobs for dataset art (0.01)

[0.9989361  0.9952188  0.9979893  0.99818295 0.9979235  0.999637
 0.98073614 0.99837446]
[0.9987011  0.99489826 0.9980281  0.99746335 0.9973099  0.99590474
 0.9739545  0.99711955 0.99867827]
[0.99833256 0.997664   0.9981717  0.9981553  0.9981199  0.80618995
 0.9992569  0.9773472  0.9991079 ]
[0.99872017 0.996192   0.9986822  0.9981741  0.9976617  0.93669254
 0.999358   0.99855644]
[0.99858934 0.99443156 0.9979274  0.9975992  0.997661   0.998816
 0.9368038  0.99791545]
[0.9987112  0.99458283 0.99751043 0.998781   0.99813735 0.99962616
 0.9626763  0.9977731 ]
[0.9986135  0.9976501  0.9977437  0.9986926  0.996816   0.9978404
 0.99710613 0.9051379  0.9990409 ]
[0.9985459  0.9962209  0.9985274  0.99817216 0.9983028  0.9955552
 0.9984553  0.9645839  0.99925905]
[0.99878484 0.99489355 0.9969393  0.9985201  0.99854004 0.99729973
 0.9799013  0.9622966  0.9981293  0.991836  ]
[0.99893504 0.9946683  0.9985985  0.99788994 0.9982089  0.97660965
 0.9983045  0.9994555 ]
[0.9990588  0.99798477 0.99817014 0.99753547 0.9972742  0.996267
 0.9981365  0.8598743  0.9984029 ]
[0.998429   0.9970387  0.9982157  0.9968264  0.99722373 0.9980134
 0.9439921  0.9989643 ]
[0.9987626  0.99732226 0.9987196  0.99849784 0.99830174 0.99897516
 0.93872845 0.99911636]
[0.9981311  0.9967529  0.99771833 0.9978405  0.99705136 0.98200434
 0.9977977  0.9992392 ]
[0.99844545 0.99362856 0.9986627  0.99756265 0.9975714  0.99594456
 0.99675983 0.96229    0.99939895]
[0.9991092  0.9960337  0.9985232  0.9979482  0.9977323  0.99653757
 0.99848855 0.9435317  0.9993782 ]
[0.99783796 0.9932534  0.99839264 0.9983582  0.99854726 0.999387
 0.98927724 0.99791163]
[0.99886787 0.99695194 0.9968876  0.9988581  0.9983835  0.99945027
 0.93444926 0.99883777]
[0.9987476  0.9961125  0.99868566 0.99766856 0.996867   0.99887854
 0.93995154 0.99928015]
[0.99913424 0.99575186 0.9984389  0.99784946 0.9985488  0.9461274
 0.9994659  0.998747  ]
[0.99867237 0.99764293 0.99857616 0.9983955  0.9975961  0.9972191
 0.9713684  0.99793124 0.9982482 ]
[0.9990287  0.9966388  0.9985677  0.99764484 0.9971405  0.99948657
 0.93232167 0.9990909 ]
[0.9982267  0.9957     0.9983443  0.9967714  0.99835914 0.99735874
 0.9536238  0.9983469 ]
[0.9990374  0.9966947  0.9982602  0.99838924 0.99768054 0.9995764
 0.97517383 0.9985178 ]
[0.9988795  0.99620974 0.99856853 0.99869764 0.99790883 0.99963987
 0.9436034  0.99712986]
[0.9982932  0.9959294  0.99711967 0.9986677  0.9981511  0.99682236
 0.9172525  0.99761486 0.99725574]
[0.9988182  0.9972361  0.99824333 0.99777967 0.9970143  0.92809266
 0.99840003 0.9988657 ]
[0.99823916 0.9972289  0.99791986 0.9978041  0.9975721  0.99865973
 0.9647037  0.9984888 ]
[0.9978119  0.99668914 0.9986858  0.9984946  0.998382   0.99916804
 0.5613155  0.9974431 ]
[0.99776816 0.99720997 0.99829906 0.9976851  0.9973253  0.9993318
 0.54646254 0.9972441 ]
[0.9982481  0.99726933 0.99820566 0.99851614 0.998621   0.99842876
 0.9295117  0.998362  ]
[0.9984068 0.9975375 0.9982659 0.9983034 0.9986621 0.998422  0.7713521
 0.99817  ]
[0.9988096  0.9978987  0.997306   0.99851936 0.99838555 0.99958974
 0.99811363]
[0.9980128  0.9953151  0.9972498  0.9986834  0.9981554  0.9971731
 0.9872787  0.9972076  0.9636749  0.99941564]
[0.99800426 0.99661887 0.9983808  0.99865806 0.99817574 0.99915004
 0.9742715  0.9982951 ]
[0.99910223 0.9974004  0.99786985 0.99864393 0.997584   0.99706215
 0.8892051  0.9986965  0.9973212 ]
[0.99919957 0.9956157  0.99759054 0.9982469  0.9979825  0.99660826
 0.99770385 0.98331314 0.9989004 ]
[0.9980933  0.99749136 0.9982017  0.9983998  0.99825734 0.99775875
 0.9978922  0.9625353  0.9979766 ]
[0.99842024 0.99530953 0.9978423  0.9980167  0.9982742  0.9993954
 0.93982226 0.99887127]
[0.9986572  0.9973176  0.9976367  0.9975752  0.99790156 0.99803656
 0.904295   0.99927396]
[0.9989237  0.99460274 0.9981976  0.9977527  0.9974753  0.99554956
 0.9984524  0.9462385  0.99758315]
[0.99896514 0.9942572  0.9984541  0.99825317 0.99863464 0.97904634
 0.99911135 0.99949276]
[0.99807054 0.9943094  0.9983907  0.99889416 0.99717295 0.9994086
 0.9332689  0.9974469 ]
[0.9988617  0.997726   0.9974565  0.99785787 0.99835384 0.99754757
 0.9976024  0.8150225  0.9987935 ]
[0.99836    0.9968966  0.99837035 0.998357   0.99854636 0.95132166
 0.99917597 0.9994398 ]
[0.999064   0.9968028  0.99868745 0.99778736 0.9981178  0.9994276
 0.89283246 0.9986118 ]
[0.9982703  0.9979855  0.99751735 0.9984118  0.9974655  0.9987387
 0.9988703 ]
[0.99863154 0.99577904 0.99713516 0.9971106  0.9985071  0.9988385
 0.95215225 0.9983065 ]
[0.9988739  0.9966356  0.9970872  0.99705434 0.9982827  0.9971841
 0.9980932  0.9664741  0.99867165]
[0.9981427  0.9948089  0.99853575 0.99805224 0.9986035  0.96459186
 0.99911827 0.9992567 ]
[0.9988029  0.996414   0.99755186 0.9989562  0.99858224 0.99692947
 0.9396656  0.9980445  0.99758995]
[0.9979855  0.9967373  0.99796677 0.9984137  0.99743    0.9977118
 0.95151633 0.99852693 0.99879587]
[0.9977756  0.99458295 0.99840564 0.9981027  0.9974598  0.9995919
 0.9697365  0.99882716]
[0.99869496 0.99594927 0.9981248  0.99893516 0.9985434  0.99743026
 0.99840814 0.9865327  0.99931264]
[0.99897337 0.9979837  0.9970331  0.9977075  0.998218   0.99925584
 0.9985133 ]
[0.9986047  0.9961915  0.9981679  0.99686134 0.9983935  0.9789817
 0.99934036 0.99851733]
[0.9986199  0.9964485  0.99854785 0.9983163  0.9985697  0.9948144
 0.9982981  0.97212946 0.9984402 ]
[0.9983771  0.9956807  0.99838567 0.99729663 0.99778134 0.99478585
 0.9963421  0.97024363 0.9991605 ]
[0.9983687  0.99732864 0.9975189  0.998611   0.99798965 0.99962604
 0.76038766 0.9978005 ]
[0.9989027  0.99689734 0.9983228  0.9985079  0.9977896  0.99766445
 0.99888414 0.94054943 0.99777645]
[0.99901164 0.9980724  0.9979843  0.997799   0.9982943  0.9975915
 0.9978644  0.8067373  0.99809796]
[0.998428   0.9965005  0.9984654  0.9976942  0.9974208  0.99907374
 0.9442518  0.99880433]
[0.99833655 0.9963407  0.99865097 0.9980354  0.9975091  0.99956197
 0.9808708  0.9984737 ]
[0.9977155  0.997488   0.99818975 0.99777263 0.99806195 0.9996284
 0.98316365 0.9976538 ]
[0.9983374  0.99389195 0.998181   0.9973918  0.99744475 0.9981268
 0.98156655 0.90904665 0.96688575 0.997943  ]
[0.99883515 0.99777406 0.99867225 0.99869245 0.99866235 0.99945027
 0.93403506 0.99871063]
[0.9985214  0.9954631  0.9987338  0.99800485 0.9976961  0.99792445
 0.9680719  0.9978544  0.9979608 ]
[0.99801934 0.9938472  0.9971942  0.9988319  0.9978269  0.9993124
 0.9628242  0.9986206 ]
[0.9988403  0.99715614 0.9986519  0.9984617  0.99737275 0.99870944
 0.9480215  0.99919385]
[0.99848723 0.99720144 0.9973774  0.99788946 0.9969919  0.9994797
 0.95519483 0.99894613]
[0.9975937  0.996903   0.99849975 0.9986908  0.9981352  0.9991916
 0.921717   0.9991066 ]
[0.99786276 0.99676263 0.9980063  0.99821895 0.99767846 0.9989526
 0.9508317  0.9979425 ]
[0.99818546 0.9969099  0.9977197  0.99877256 0.997526   0.9987307
 0.6374462  0.9982002 ]
[0.9982503  0.99622774 0.997077   0.99864465 0.9973111  0.9990989
 0.92484164 0.998613  ]
[0.99799746 0.99578494 0.99819785 0.99874425 0.99741346 0.9996265
 0.96796376 0.9973985 ]
[0.9983991  0.99641186 0.99701095 0.99887425 0.9978998  0.9977689
 0.998877   0.94032633 0.99834037]
[0.9983138  0.99675804 0.99756205 0.9978551  0.9970606  0.9971711
 0.9510593  0.99872005]
[0.99890566 0.9968585  0.99856    0.9980913  0.9984049  0.99871564
 0.99758434 0.9429275  0.99893457]
[0.99798226 0.9976025  0.9981888  0.9986463  0.9978684  0.99650204
 0.9611716  0.99859613 0.99756086]
[0.99817455 0.9972805  0.9973201  0.9988349  0.9985495  0.99947554
 0.99861705]
[0.99879646 0.9953484  0.9986187  0.99833125 0.99858874 0.9993333
 0.9419986  0.9979838 ]
[0.9976549  0.9963625  0.9977963  0.9988526  0.99687093 0.9934689
 0.9934077  0.9961926  0.9584147  0.9982736 ]
[0.998987   0.9969228  0.9982875  0.99797934 0.99857664 0.99870193
 0.94720495 0.99872524]
[0.99843615 0.99687284 0.9975757  0.9987192  0.99783    0.999032
 0.9240951  0.9991386 ]
[0.9981192  0.99735284 0.99795026 0.9984376  0.99801326 0.9985262
 0.85043895 0.9982526 ]
[0.9978064  0.9961144  0.99810445 0.997837   0.99707913 0.9978598
 0.99854964 0.9446431  0.9987526 ]
[0.9987124  0.9962488  0.9973616  0.99850523 0.99813074 0.999097
 0.9186181  0.9990426 ]
[0.9983765  0.99762315 0.99799085 0.9976515  0.9984262  0.9993316
 0.97414917 0.99712974]
[0.99763906 0.994865   0.9981185  0.9971318  0.99763    0.99873096
 0.91988957 0.99763906]
[0.99776745 0.99431324 0.9971238  0.99854326 0.9969618  0.9995189
 0.98114693 0.9977349 ]
[0.99819106 0.99527776 0.99706167 0.99778193 0.9983425  0.9996476
 0.9362406  0.9985942 ]
[0.997629   0.9968876  0.99864084 0.99846363 0.9979907  0.99907804
 0.96844876 0.99895406]
[0.9979372  0.99674326 0.9980768  0.99830014 0.9985814  0.99963355
 0.9813379  0.9980124 ]
[0.9982845  0.99740773 0.9974848  0.998145   0.9984559  0.9992975
 0.997858  ]
[0.9979432  0.99399745 0.9982546  0.9983454  0.9968464  0.9992986
 0.9807047  0.99927837]
[0.99923706 0.9975349  0.9979234  0.9972473  0.9983026  0.9992071
 0.95446265 0.999033  ]
[0.997399   0.9961449  0.99780387 0.9985763  0.9985399  0.99877304
 0.96456295 0.9988171 ]
[0.9980829  0.9962484  0.9985274  0.99737906 0.9985586  0.96513444
 0.9992151  0.99941516]
[0.99813676 0.99777585 0.99864453 0.998211   0.9982679  0.99753594
 0.99786335 0.70464283 0.99915004]
[0.99887675 0.9980013  0.9971143  0.9984842  0.9975545  0.998245
 0.9991265 ]
