Mprobs for dataset art (5)

[0.99860483 0.9961552  0.99563223 0.99707496 0.9975661  0.9978934
 0.8797537  0.99814296 0.99015594 0.97201127 0.9840963  0.9970661
 0.97275937 0.9934144  0.5879549 ]
[0.9985285  0.9934815  0.99724424 0.99761224 0.99706024 0.99784684
 0.9417247  0.99850756 0.9879683  0.99242026 0.9973979  0.99100566
 0.9742745  0.99071234 0.58798826]
[0.997818   0.99422085 0.99770737 0.9976024  0.9979234  0.99776757
 0.51668096 0.99808145 0.98851085 0.9918526  0.9971981  0.9854925
 0.9531386  0.99373865 0.512396  ]
[0.99885225 0.99387544 0.99608314 0.9984073  0.99812526 0.9971144
 0.9966473  0.953705   0.99305254 0.9862359  0.9977488  0.9746411
 0.9925662  0.9629206 ]
[0.99808913 0.9962159  0.9969297  0.9976006  0.99855536 0.99796766
 0.9981673  0.9901804  0.99401075 0.98547375 0.99666697 0.95847243
 0.9958371  0.73674035]
[0.9980915  0.9968336  0.9990687  0.99733776 0.99790263 0.99795675
 0.8508745  0.9901896  0.7084299  0.8764987  0.9967661  0.99501884
 0.8827495  0.97992444 0.97522765 0.9959667  0.98682076 0.7465185 ]
[0.998911   0.99468046 0.9974681  0.9984768  0.99816954 0.99787176
 0.9000407  0.9947142  0.62411237 0.9213919  0.9972699  0.9890749
 0.98210907 0.9919612  0.9538026 ]
[0.99893004 0.99393564 0.99898857 0.9977272  0.997143   0.9975526
 0.9883973  0.6884274  0.99234176 0.9976688  0.98514533 0.9821333
 0.995497  ]
[0.9985606  0.9932399  0.9833233  0.9965963  0.9981775  0.99703205
 0.99746263 0.5649713  0.9924837  0.9916398  0.99586236 0.96761775
 0.9953264  0.95982826]
[0.9978744  0.9951887  0.99688953 0.99751604 0.99830747 0.99841774
 0.84535164 0.9978169  0.98633933 0.9847305  0.99575067 0.9914725
 0.97435105 0.9963665 ]
[0.9984327  0.9906307  0.99348265 0.99741215 0.99763715 0.9974069
 0.99839056 0.92580926 0.9990244  0.9965682  0.9973225  0.94391537
 0.9957575  0.99558383 0.8885392 ]
[0.99781847 0.9951284  0.995443   0.99714667 0.99865603 0.9971642
 0.7974698  0.9971042  0.9875535  0.9875266  0.99660563 0.98243666
 0.96425605 0.99021506]
[0.9982322  0.9960586  0.99856323 0.99719197 0.997142   0.99694186
 0.98761344 0.8583826  0.99012893 0.99752206 0.99201727 0.985316
 0.9972211 ]
[0.9981337  0.99515814 0.99540615 0.9977088  0.9972826  0.9982546
 0.7836839  0.9983974  0.9898699  0.9921497  0.9897082  0.99592716
 0.97693515 0.9962525  0.9657716 ]
[0.9985417  0.99398094 0.99703395 0.99842083 0.99822956 0.99662906
 0.9976755  0.99073786 0.98156893 0.9845493  0.99760455 0.979938
 0.99552286 0.9075321 ]
[0.99832064 0.9952453  0.9974986  0.9987663  0.9987255  0.9983929
 0.9324939  0.99778545 0.9888058  0.98023    0.996518   0.987061
 0.98056936 0.9962542 ]
[0.9983581  0.9960414  0.99011093 0.9984566  0.9975439  0.99710137
 0.9978375  0.9902784  0.9889015  0.995939   0.9725448  0.9934946
 0.94687545]
[0.99819237 0.99490213 0.9990637  0.99766326 0.9968521  0.9982565
 0.98505557 0.7652158  0.9564966  0.99553347 0.98347086 0.97699285
 0.9949569  0.97246605]
[0.99789137 0.99633265 0.99745315 0.99744403 0.997445   0.9985752
 0.99795604 0.9799898  0.6399828  0.9908689  0.9961462  0.9601275
 0.99393094 0.9407713  0.9458917 ]
[0.9979266  0.9954776  0.9991155  0.9968444  0.99549896 0.99793327
 0.9890183  0.7801497  0.98916644 0.9959746  0.9844433  0.97613984
 0.9964455 ]
[0.99819607 0.99582964 0.9977683  0.997912   0.9970692  0.99789435
 0.9964055  0.9621828  0.98495483 0.99136275 0.9964324  0.982386
 0.98958683]
[0.99823254 0.9974312  0.99882394 0.997134   0.99703014 0.9985316
 0.9805031  0.9284644  0.93265593 0.9947109  0.98473036 0.9857927
 0.9979457  0.5709837 ]
[0.9977186  0.9925027  0.9966265  0.99760264 0.9974286  0.997142
 0.826231   0.9979069  0.9725113  0.77281094 0.99760395 0.9833425
 0.9720999  0.9884913  0.53883547 0.97629195]
[0.99790776 0.9975243  0.996765   0.9974299  0.99853253 0.9970106
 0.9981958  0.98587173 0.98672324 0.9898956  0.9978802  0.981696
 0.99568295 0.94226366]
[0.9976151  0.9929696  0.99764377 0.9983682  0.99735755 0.9988727
 0.9902142  0.9857987  0.99639744 0.98176056 0.8888029  0.995
 0.9644394 ]
[0.9977428  0.9980057  0.9967783  0.9966139  0.99831533 0.99822086
 0.99617934 0.99225897 0.9955533  0.5643325  0.9792565  0.82025504
 0.9977702  0.9796267 ]
[0.9987941  0.9959189  0.99757427 0.99672925 0.99798167 0.9970585
 0.9952787  0.93228984 0.9814206  0.9974903  0.53929245 0.9649976
 0.87499523 0.98919266 0.6864683 ]
[0.99820817 0.99801457 0.99698025 0.99818593 0.99866986 0.997997
 0.9452973  0.99775934 0.99086905 0.96320975 0.9981675  0.989421
 0.9779855  0.9943975 ]
[0.99786395 0.9980856  0.99684346 0.99762326 0.9983594  0.9982778
 0.99747074 0.98366725 0.9316122  0.99806494 0.9884899  0.9748346
 0.99205786]
[0.9979867  0.9983169  0.9964767  0.99865484 0.99787223 0.997973
 0.9220545  0.997538   0.97566277 0.93790245 0.99725866 0.9910812
 0.97691536 0.996157  ]
[0.998919   0.9946478  0.99764985 0.9968316  0.99711335 0.9984366
 0.91427034 0.7867343  0.9963929  0.9598868  0.99355704 0.9955848
 0.98473537 0.96819556 0.9958118 ]
[0.99823135 0.9972036  0.99698275 0.9984107  0.99706525 0.998502
 0.88278806 0.99747133 0.97995126 0.99074495 0.99795085 0.98272735
 0.98016775 0.9936608 ]
[0.99770796 0.9973763  0.9954957  0.9985739  0.9971814  0.99719405
 0.89767647 0.68749875 0.9981293  0.9890966  0.98466426 0.99772733
 0.9851243  0.97858936 0.9929212 ]
[0.9982944  0.99630153 0.9965528  0.9973291  0.99802905 0.99761534
 0.9579026  0.9976179  0.99052763 0.99197793 0.9982469  0.99087816
 0.9827152  0.9950872 ]
[0.9989538  0.99571687 0.9991392  0.9984566  0.9972844  0.9985348
 0.98923326 0.98230207 0.9979843  0.99033934 0.98856807 0.9938432
 0.9655987  0.7606639 ]
[0.99847037 0.9948514  0.9965655  0.9975344  0.99770504 0.9978084
 0.65568453 0.99785113 0.97161    0.9846837  0.9981469  0.9865415
 0.97419995 0.9944851 ]
[0.9979551  0.9976158  0.99681634 0.99698347 0.99748397 0.99935657
 0.952798   0.98851913 0.9966627  0.97980094 0.72174203 0.9958164
 0.87489444]
[0.9980732  0.9949469  0.99662197 0.9979274  0.9979882  0.9979584
 0.997015   0.97916013 0.98533833 0.9861617  0.99567884 0.9841733
 0.9956455  0.960735  ]
[0.9986331  0.9939154  0.997399   0.99772686 0.9975363  0.99835604
 0.69760346 0.99768746 0.98865104 0.9855898  0.99226135 0.9949516
 0.96669567 0.9962812  0.94227344 0.9487725 ]
[0.99830174 0.995344   0.9979103  0.99849033 0.99740076 0.9975127
 0.99745077 0.9877608  0.9862433  0.9971097  0.9899039  0.9712616
 0.99265456]
[0.9987129  0.9913094  0.9985274  0.9983156  0.99540615 0.998329
 0.98943555 0.9064622  0.98970664 0.99502665 0.98610836 0.9745272
 0.995184  ]
[0.99837744 0.99345016 0.99772996 0.99739516 0.99804616 0.9977901
 0.8761811  0.9967602  0.9663113  0.97245085 0.99658185 0.98491645
 0.97180384 0.9957488 ]
[0.9989785  0.9975751  0.9961985  0.99843055 0.9978397  0.997051
 0.75111496 0.998103   0.98636836 0.9900983  0.9968465  0.9889994
 0.9768064  0.9955987 ]
[0.9989261  0.99694854 0.9964761  0.99806887 0.9978242  0.99820495
 0.9969297  0.9766117  0.98372227 0.99754566 0.98713094 0.9619149
 0.98920864]
[0.9984877  0.9933195  0.99800247 0.9975992  0.9972071  0.999037
 0.9931825  0.99123    0.9977749  0.9634032  0.991054   0.98052233]
[0.99891555 0.9970024  0.9965216  0.99850994 0.9986577  0.9976708
 0.9138119  0.9980983  0.98687613 0.991557   0.99729246 0.992735
 0.97210807 0.9905155 ]
[0.99843687 0.9975077  0.9965857  0.9979646  0.99819523 0.997735
 0.95337766 0.7295949  0.9975096  0.98666096 0.98946035 0.99781215
 0.98532516 0.98151636 0.996332  ]
[0.99805814 0.99167234 0.9966959  0.99872774 0.9975369  0.9985631
 0.6640056  0.9975068  0.9872228  0.993669   0.9888869  0.99736965
 0.98268515 0.9961882 ]
[0.9981938  0.995659   0.99899334 0.99840707 0.99733126 0.9982153
 0.99056554 0.8970012  0.9863876  0.996765   0.9881302  0.96997535
 0.99483263 0.76040673]
[0.99876297 0.9943052  0.99613696 0.9984238  0.99838006 0.99692315
 0.93461144 0.9976277  0.98129404 0.9850722  0.997664   0.97983503
 0.97290534 0.9935688 ]
[0.9978242  0.9930661  0.99787784 0.9978194  0.9984174  0.9981153
 0.9226292  0.99687237 0.96856326 0.98665804 0.99760145 0.9907102
 0.9751569  0.9854828 ]
[0.99768364 0.996366   0.9971814  0.9976025  0.9972459  0.998038
 0.99780947 0.985678   0.98907745 0.98664224 0.99751425 0.9827278
 0.99493706 0.936807  ]
[0.9982186  0.99683607 0.99698883 0.9986559  0.99833953 0.9977545
 0.8822916  0.9979639  0.98447245 0.9685467  0.99718493 0.97980344
 0.9684419  0.9941685 ]
[0.9977114  0.9974317  0.9967499  0.99792767 0.99693835 0.9986374
 0.9937803  0.9722096  0.97443753 0.9981194  0.5918969  0.9699719
 0.94932437 0.98691237 0.97888744]
[0.99822825 0.99628854 0.9963672  0.9981818  0.9985421  0.9968645
 0.91485596 0.8412613  0.9978084  0.98961544 0.9916318  0.9960925
 0.98980623 0.9720496  0.9954645 ]
[0.9977083  0.99709976 0.9970517  0.9973246  0.99775094 0.99691665
 0.8834039  0.50086045 0.9979285  0.9850055  0.98551977 0.9953395
 0.9858137  0.97377026 0.9955818 ]
[0.99898785 0.99422014 0.99707353 0.99734855 0.99726427 0.9971973
 0.9186711  0.86101216 0.9982584  0.9880739  0.98239386 0.99598604
 0.9918358  0.986968   0.99731416 0.92649335]
[0.99763286 0.99240583 0.9987087  0.99789536 0.9959906  0.9979286
 0.9847075  0.6493606  0.9905813  0.53232116 0.9970003  0.98375344
 0.9767032  0.9970035 ]
[0.9989361  0.994842   0.995856   0.9982765  0.99831486 0.99855274
 0.99813783 0.98890215 0.98699653 0.98761976 0.99682605 0.9751466
 0.9943861 ]
[0.99847037 0.99391997 0.9974853  0.9979442  0.9973845  0.99737084
 0.9980451  0.9746806  0.98307323 0.98924583 0.99795866 0.9796871
 0.9946903  0.97076327]
[0.9987382  0.99701476 0.9950262  0.99872833 0.9977143  0.9982237
 0.9349987  0.7691256  0.997358   0.9893868  0.99190944 0.9957415
 0.99118304 0.97887015 0.9967644 ]
[0.9977852  0.99485683 0.99863523 0.9973109  0.99787855 0.9979285
 0.99052507 0.55324966 0.9891431  0.9951886  0.98921573 0.97073305
 0.9969902 ]
[0.99775416 0.99715734 0.99682873 0.9971022  0.99822    0.9980635
 0.99844056 0.9835375  0.9577188  0.9975981  0.9894215  0.9735997
 0.9903432 ]
[0.99873537 0.99341875 0.99652076 0.9970696  0.99767417 0.9977449
 0.99709344 0.9808749  0.89418215 0.9861123  0.998376   0.9823261
 0.98408026 0.91569114]
[0.9976931  0.99723583 0.9968611  0.9967091  0.99856734 0.9986193
 0.99515295 0.92347044 0.993211   0.99835336 0.9692891  0.51215315
 0.9672441  0.991819   0.9735246 ]
[0.99847394 0.9927169  0.99632263 0.99815494 0.99728024 0.9985322
 0.9304826  0.90086323 0.9977881  0.9874507  0.922129   0.9954052
 0.98976994 0.97360635 0.99704605 0.96298385]
[0.99873954 0.9964502  0.9960627  0.99782866 0.99858093 0.99814296
 0.6734     0.99797887 0.98429906 0.99077857 0.99181926 0.99621695
 0.96489775 0.99683857 0.9753973 ]
[0.9987826  0.9943885  0.9975345  0.9982023  0.9981059  0.99736917
 0.9983559  0.9834179  0.98572844 0.98667604 0.99661773 0.9815108
 0.9951132  0.9670709 ]
[0.99805766 0.99662626 0.99764615 0.99831665 0.99741274 0.99851876
 0.9925447  0.97621626 0.97990394 0.99775285 0.9795546  0.58321446
 0.96410966 0.99580294 0.95146215]
[0.9985997  0.99248415 0.9984732  0.99669194 0.9969524  0.9832386
 0.990144   0.9992749  0.99856395 0.977469   0.9934383  0.9980082
 0.96787137]
[0.9982778  0.99788445 0.9966794  0.998212   0.9973163  0.99823844
 0.9971527  0.97346866 0.99269426 0.9840067  0.99627614 0.965411
 0.99129784]
[0.99852884 0.99664295 0.9973628  0.99690187 0.9983229  0.9973705
 0.67454636 0.99786204 0.9782119  0.9904047  0.98476136 0.997029
 0.9665631  0.99720156 0.94727695]
[0.9985139  0.9973482  0.9964185  0.9972952  0.99852693 0.997265
 0.99833655 0.9898017  0.7420396  0.99128425 0.9975955  0.96680206
 0.9949144  0.8876105  0.8797731 ]
[0.99892324 0.99462354 0.9958157  0.9970606  0.9972434  0.9975405
 0.9059877  0.6371237  0.9975107  0.98943835 0.95284975 0.99764913
 0.9922848  0.97073126 0.9959202  0.8872868 ]
[0.9990011  0.99497837 0.9985642  0.9968202  0.9971826  0.99760544
 0.9875916  0.8555234  0.986578   0.9946696  0.9889843  0.9858065
 0.9953999 ]
[0.9987888  0.996108   0.99720144 0.9974285  0.9975048  0.9982924
 0.81115043 0.998336   0.9855246  0.989417   0.9979929  0.99047756
 0.98401445 0.9947942 ]
[0.99853384 0.9974318  0.99615616 0.997157   0.9977731  0.9979467
 0.9308082  0.7909176  0.9974033  0.9844946  0.9759126  0.9953092
 0.9868891  0.9732376  0.9944877 ]
[0.9985598  0.9930843  0.99876887 0.99831104 0.99744713 0.9976373
 0.63487285 0.988704   0.99079484 0.9967115  0.97718084 0.9962704
 0.98527515]
[0.99791795 0.9978447  0.9969216  0.998071   0.9973303  0.9979144
 0.99704474 0.9745414  0.99069726 0.996609   0.982163   0.99473566
 0.9612918  0.91044825]
[0.998755   0.997738   0.997086   0.9970891  0.9971814  0.99725455
 0.9271606  0.60057825 0.9970933  0.9668342  0.79769796 0.9956749
 0.989036   0.9827407  0.99706155 0.79491806]
[0.9988475  0.9951853  0.9966785  0.99848086 0.9974335  0.97172594
 0.9982663  0.98555887 0.99063057 0.99814606 0.9699508  0.98928154
 0.9197698 ]
[0.9985941  0.9944583  0.9955994  0.9985599  0.99801517 0.9981938
 0.892274   0.99732083 0.98516625 0.9857551  0.9973513  0.99079937
 0.9847653  0.9907651 ]
[0.9990313  0.9954762  0.99526227 0.99687946 0.9986324  0.9977584
 0.95298    0.80133694 0.998154   0.99145925 0.9918717  0.99578696
 0.9881406  0.96759427 0.9968534 ]
[0.9980921  0.9950783  0.9969433  0.9979602  0.99756455 0.9815524
 0.9777355  0.85230786 0.9993363  0.99120784 0.98246425 0.9985941
 0.9811747  0.99130803 0.98319066]
[0.9982988  0.9959591  0.99595815 0.99724257 0.99861383 0.99825555
 0.85189116 0.71463007 0.99846137 0.99075574 0.9880165  0.99760735
 0.9848204  0.9666723  0.9939622 ]
[0.99825877 0.99637383 0.9977209  0.9982175  0.99739933 0.99764806
 0.898623   0.8691218  0.9973569  0.9820064  0.9793036  0.9947541
 0.9904073  0.97648984 0.99727196]
[0.9984138  0.9970431  0.9961761  0.997021   0.9986745  0.9984865
 0.9289969  0.8745846  0.9980262  0.98526186 0.9842994  0.99483913
 0.9878479  0.9863448  0.99759716]
[0.99822074 0.9969222  0.9862613  0.9675051  0.99750215 0.9974642
 0.997493   0.99862254 0.9605089  0.95904267 0.9929482  0.99042374
 0.99586076 0.75770396 0.96318275 0.8915329  0.9971541  0.96955   ]
[0.9985663  0.9938835  0.9776474  0.9983701  0.99743277 0.99780315
 0.99759465 0.95326596 0.93345124 0.9935516  0.9953235  0.8787073
 0.9705066  0.9774768  0.9945089  0.98315424]
[0.9986834  0.99749583 0.99737227 0.99706763 0.99741614 0.99809664
 0.8244976  0.99778986 0.983639   0.9872317  0.99814594 0.98626584
 0.96926594 0.991495  ]
[0.9980369  0.99338573 0.99892646 0.99686253 0.99802643 0.9982406
 0.9890655  0.8822245  0.9915292  0.99531376 0.99084634 0.97954285
 0.9970764 ]
[0.99791175 0.9973188  0.99570507 0.9983766  0.99727064 0.9975024
 0.94816625 0.89559007 0.9981775  0.9918161  0.99254096 0.99555075
 0.9851141  0.96854824 0.99746203]
[0.99869835 0.9959025  0.99554956 0.998626   0.99718326 0.99788374
 0.99743456 0.9833977  0.909157   0.99768794 0.9826665  0.9820364
 0.982358   0.5656049  0.81909984]
[0.9987336  0.9971307  0.9972447  0.99732924 0.9973354  0.9981646
 0.92093325 0.99721515 0.9838006  0.9876445  0.9981158  0.98896885
 0.98020554 0.98761207]
[0.99896574 0.9948125  0.9964539  0.99847084 0.9972759  0.9972842
 0.6648483  0.99808216 0.98477536 0.9845005  0.9857896  0.9942925
 0.9632452  0.99638724]
[0.9985033  0.9937058  0.997454   0.9977075  0.9980708  0.9978103
 0.8678498  0.99763286 0.97308886 0.9877963  0.9966607  0.9895354
 0.96918875 0.9941917 ]
[0.99895954 0.9963356  0.9966517  0.99783945 0.9971745  0.9973476
 0.92463595 0.85013825 0.99701107 0.98025024 0.9858786  0.9951368
 0.98591864 0.95580477 0.99724317]
[0.9983146  0.99535286 0.99823344 0.9979486  0.99794286 0.99750715
 0.9802517  0.52632374 0.9899889  0.98214644 0.9976203  0.9902773
 0.97659624 0.99708194 0.9426169 ]
[0.99864393 0.99699676 0.9952094  0.99855906 0.9975738  0.9980804
 0.8226476  0.9975286  0.9907577  0.94894767 0.99666697 0.9900013
 0.97535956 0.99331796]
[0.9988159  0.9976457  0.9972905  0.99822897 0.99834883 0.99775344
 0.9166656  0.8736712  0.9980027  0.9851753  0.9720568  0.9974934
 0.98671824 0.96914935 0.99732023]
