Mprobs for dataset art (0.00001)

[0.99844056 0.99681205 0.99691784 0.9978295  0.99803585 0.9974099
 0.95869815 0.99726593 0.9976864 ]
[0.9987833  0.996867   0.9973278  0.9978389  0.9972269  0.9986682
 0.99694556 0.94603515 0.9986572 ]
[0.99879813 0.9958016  0.9981559  0.9987161  0.9977197  0.9960653
 0.99762386 0.9799846  0.9994281 ]
[0.9982127  0.9954151  0.9974571  0.99857724 0.99704844 0.9808297
 0.9971892  0.9996407 ]
[0.99779105 0.9977781  0.9970086  0.99860114 0.9986532  0.99681216
 0.74868304 0.9971552  0.9981805 ]
[0.9977501  0.9957211  0.89347833 0.9979674  0.9977094  0.9972378
 0.9989598  0.9763217  0.99847883]
[0.99874425 0.9962024  0.99839324 0.9984097  0.99782854 0.9994646
 0.9578745  0.99831665]
[0.9987478 0.9959459 0.9977957 0.9980003 0.9983266 0.9994497 0.977563
 0.9996654]
[0.9980161  0.99698406 0.997858   0.99869734 0.9977101  0.9960775
 0.9144324  0.99875426 0.9979401 ]
[0.99835086 0.99690115 0.9977804  0.99879265 0.9978654  0.99736816
 0.9700979  0.9987509 ]
[0.9985258  0.9940386  0.99799263 0.9989868  0.9979341  0.99858886
 0.99815387 0.9574244  0.99898976]
[0.99890566 0.9956676  0.9969614  0.9978229  0.9978764  0.999443
 0.9992047 ]
[0.99821657 0.99634403 0.99749386 0.99809605 0.9976031  0.9616851
 0.99929917 0.9995395 ]
[0.9982805  0.997306   0.9984534  0.99787796 0.99804074 0.999668
 0.9989267 ]
[0.99825937 0.9965436  0.9979063  0.99738365 0.9970673  0.9991886
 0.9451265  0.99873453]
[0.9979588  0.9951847  0.99827456 0.9976687  0.99835855 0.99851435
 0.9995819 ]
[0.998696   0.9965687  0.9983266  0.99861276 0.9968264  0.999185
 0.9633602  0.99887854]
[0.99864715 0.9945155  0.998018   0.9975673  0.99749726 0.99936575
 0.9563136  0.99816173]
[0.9985297  0.9953353  0.99701345 0.99817276 0.997943   0.9996567
 0.9683704  0.9971034 ]
[0.9977191  0.9956404  0.9986186  0.9971192  0.9978676  0.998961
 0.99931574]
[0.9989152  0.99585813 0.99799156 0.9987097  0.9978808  0.93863076
 0.999373   0.999196  ]
[0.9985097  0.99481153 0.9975331  0.9978866  0.998492   0.99963737
 0.97261614 0.9978522 ]
[0.9979678  0.9952668  0.99870884 0.99814975 0.99792707 0.99678975
 0.9984037  0.9172683  0.9979559 ]
[0.9991241  0.9962411  0.99852943 0.99738544 0.99796873 0.9046963
 0.9990538  0.9993261 ]
[0.99801815 0.9967558  0.99844825 0.99866974 0.998387   0.99928325
 0.9990139 ]
[0.99793553 0.99312454 0.9977894  0.9986986  0.99847025 0.99942577
 0.9622625  0.9989127 ]
[0.99835074 0.99647313 0.998555   0.99726665 0.998606   0.9978764
 0.99778193 0.8990551  0.99865425]
[0.9986708  0.9941935  0.9984054  0.99767786 0.9976769  0.9969523
 0.9979227  0.96873647 0.9995105 ]
[0.99829    0.99528897 0.9983668  0.9986683  0.99719954 0.99733514
 0.96181655 0.9977088  0.99823356]
[0.99865973 0.9970414  0.9985964  0.99875784 0.9973864  0.99776554
 0.99855214 0.9432536  0.9991549 ]
[0.9990121  0.9976666  0.9978849  0.9982869  0.997687   0.9996555
 0.98283446 0.9987563 ]
[0.9983323  0.99713683 0.9985196  0.9988721  0.99798846 0.9990062
 0.95031506 0.9991986 ]
[0.99848735 0.9956554  0.9970642  0.99873835 0.9971179  0.9608607
 0.9982198  0.99965894]
[0.998857   0.9971726  0.99705684 0.99810696 0.99838054 0.99796593
 0.99757737 0.5813295  0.99836034]
[0.99775934 0.9958001  0.99860317 0.9984409  0.9986507  0.9994099
 0.9732938  0.9981896 ]
[0.9989309  0.9938298  0.99844545 0.99852604 0.9986206  0.9993156
 0.9374356  0.99865615]
[0.99860066 0.9938153  0.9976507  0.99782026 0.9972697  0.99815553
 0.9983448  0.9552823  0.9984499 ]
[0.99903584 0.9945418  0.9983271  0.99803    0.9981357  0.9728074
 0.9972894  0.99942386]
[0.9990146 0.9949809 0.9983138 0.9974137 0.9977881 0.9992879 0.9528059
 0.9987047]
[0.99865687 0.99602985 0.99856335 0.99866354 0.99723923 0.9993426
 0.9742579  0.99693644]
[0.99881953 0.9970433  0.9977951  0.9980848  0.99682957 0.999035
 0.81939685 0.997926  ]
[0.99860746 0.99674475 0.9984497  0.99848384 0.9983077  0.9981382
 0.9980306  0.938068   0.9986333 ]
[0.99910223 0.9950788  0.9986771  0.99855953 0.9968651  0.9967055
 0.9612377  0.99761236 0.9963844 ]
[0.9988224  0.995415   0.9975259  0.99777055 0.9985261  0.9963413
 0.99854916 0.9838262  0.99921334]
[0.99905604 0.99714583 0.9977196  0.99769324 0.99778086 0.9981521
 0.99842036 0.93868643 0.99766374]
[0.9985775  0.9973526  0.997251   0.9974605  0.997529   0.7859833
 0.99914575 0.9993098 ]
[0.9985776  0.9959115  0.99695766 0.9985494  0.997216   0.9976312
 0.99810165 0.9775883  0.9990823 ]
[0.9982181  0.9969735  0.99870753 0.99833125 0.9971806  0.9980579
 0.9406957  0.9984812 ]
[0.99905616 0.9955711  0.99848527 0.9989182  0.99777967 0.99667585
 0.94760567 0.9975351  0.99670947]
[0.9991743  0.9960978  0.99832326 0.9976858  0.9974032  0.99966073
 0.9416038  0.9988949 ]
[0.99805754 0.99703026 0.99819726 0.99822897 0.9983683  0.9983209
 0.9592456  0.99787915]
[0.9982388  0.99699247 0.9970938  0.9984724  0.99801433 0.9988393
 0.9987796 ]
[0.99783367 0.9965564  0.9971252  0.99855477 0.99855584 0.99705267
 0.9977239  0.9291245  0.9975683 ]
[0.9991549  0.99650013 0.9985329  0.9977381  0.9977307  0.9665308
 0.9977811  0.99963903]
[0.9982364  0.9962767  0.99751675 0.9981047  0.99833554 0.9954456
 0.99752074 0.92054254 0.9989441 ]
[0.9985025  0.99448305 0.99730694 0.9975318  0.9973248  0.9976209
 0.99863297 0.97370595 0.9991936 ]
[0.99780244 0.9973749  0.99870193 0.9973514  0.9980882  0.9994235
 0.99798286]
[0.9979851  0.99579334 0.9982212  0.9976404  0.9976131  0.99950135
 0.9392043  0.9985166 ]
[0.9986904  0.9961397  0.9983902  0.9979634  0.997951   0.99686086
 0.99759185 0.97429264 0.9989887 ]
[0.99912375 0.997317   0.99766123 0.9987502  0.99841094 0.998546
 0.92296386 0.9982509 ]
[0.9988393  0.99768126 0.9984181  0.9977029  0.9983962  0.99669003
 0.9979888  0.60907835 0.998939  ]
[0.9986582  0.9943857  0.9974831  0.9981857  0.99804354 0.9993262
 0.97680557 0.99890625]
[0.9989219  0.9972248  0.99869233 0.99864954 0.9971396  0.998987
 0.97342366 0.9991296 ]
[0.9980756  0.99536884 0.9985066  0.99713147 0.9975872  0.99793696
 0.97462773 0.9989802 ]
[0.9989104  0.99306494 0.9978947  0.99883074 0.9984993  0.99844766
 0.99737895 0.96358943 0.99932134]
[0.9984793  0.9955438  0.99687696 0.99869746 0.9983729  0.9987061
 0.99868506 0.9518934  0.99900204]
[0.99832827 0.9945298  0.9971264  0.99781847 0.9977285  0.9995159
 0.95804703 0.9970739 ]
[0.9982666  0.9955627  0.99712    0.9980445  0.9983102  0.99951196
 0.97765213 0.9980286 ]
[0.99886477 0.9967732  0.9962775  0.99735475 0.9985361  0.99736136
 0.9966628  0.99333984 0.9264434  0.9990797 ]
[0.9980921  0.9973724  0.99709487 0.9987686  0.9977646  0.99905485
 0.5486108  0.99879116]
[0.9984102  0.99201876 0.9975222  0.9984706  0.9984969  0.9995421
 0.9711483  0.99868375]
[0.99919707 0.99557847 0.9976367  0.99892247 0.997995   0.99718374
 0.9459155  0.99746263 0.997832  ]
[0.9984189  0.99446326 0.9975956  0.9975278  0.9969699  0.96126646
 0.9989392  0.9995912 ]
[0.9983224  0.9956514  0.9986179  0.9986198  0.99859875 0.99825686
 0.9505221  0.9976826  0.9979382 ]
[0.9982028  0.99478596 0.99800354 0.99805224 0.998483   0.99943787
 0.998911  ]
[0.9981116  0.9964296  0.99804235 0.9985409  0.9975721  0.99853814
 0.9981787  0.9707658  0.99815196]
[0.9988192  0.9953204  0.9971861  0.99790025 0.99867994 0.99782205
 0.9984346  0.95558745 0.998931  ]
[0.9986809  0.99625    0.9967788  0.9980458  0.9974673  0.99864155
 0.9727675  0.9984573 ]
[0.99850607 0.99596524 0.99775213 0.99791926 0.99851733 0.99701935
 0.9973533  0.94685596 0.9993204 ]
[0.999169  0.9975339 0.998212  0.9982577 0.9986714 0.9972264 0.9984975
 0.8786708 0.999017 ]
[0.99847144 0.9964244  0.9984401  0.99883467 0.9977518  0.99860376
 0.9327403  0.99827135]
[0.9985108  0.9971373  0.9977113  0.9989808  0.9971866  0.9976745
 0.9976507  0.9323309  0.99923146]
[0.9985261  0.99544513 0.9978561  0.9981834  0.99704736 0.99562305
 0.96365476 0.99762946 0.99731344]
[0.9977944  0.99397475 0.9985122  0.9989278  0.99783605 0.9709091
 0.99914086 0.9984457 ]
[0.9983854  0.9973008  0.9973889  0.9989851  0.99758565 0.9995881
 0.5318443  0.99738866]
[0.99850804 0.9972361  0.9981957  0.9981669  0.9986719  0.999164
 0.9381652  0.99864537]
[0.9988412  0.99730444 0.99807274 0.99881613 0.99737036 0.99957854
 0.9981762 ]
[0.99881256 0.99553204 0.9985801  0.998365   0.99744356 0.9994943
 0.9882522  0.9985821 ]
[0.9982364  0.9963613  0.9979023  0.9985669  0.9977264  0.999569
 0.95962256 0.9972921 ]
[0.99855703 0.9966936  0.998312   0.99852294 0.99871016 0.9954555
 0.99675447 0.9423411  0.99921787]
[0.99859375 0.9926495  0.99733967 0.9978411  0.99797255 0.97031176
 0.9988643  0.99953735]
[0.99904436 0.9959408  0.9984055  0.9990344  0.9983797  0.999035
 0.941018   0.9974425 ]
[0.9972952  0.9963921  0.9970572  0.99866354 0.99804085 0.9889262
 0.9774374  0.9983486  0.9279024  0.99738127]
[0.9980981  0.9960943  0.99801934 0.99846435 0.99713445 0.99948585
 0.9773073  0.99771214]
[0.9988433  0.9970074  0.9983374  0.9984145  0.9980563  0.99961627
 0.97456974 0.99894637]
[0.99846065 0.9978015  0.99720615 0.9985708  0.9975268  0.99960274
 0.6353889  0.9985428 ]
[0.998292   0.9976172  0.99747247 0.99860865 0.9981154  0.99635184
 0.92429584 0.9979716  0.99799275]
[0.9988803  0.9958079  0.9975993  0.9972926  0.99849725 0.99757653
 0.99763346 0.96116257 0.9979844 ]
[0.99843484 0.9970065  0.9982566  0.9978084  0.99837273 0.9987562
 0.7071504  0.999132  ]
[0.9971425  0.9969554  0.9975649  0.9985178  0.997682   0.99919325
 0.9530343  0.99800617]
