Mprobs for dataset art (0.0000000001)

[0.9990646  0.99706393 0.99753845 0.99765646 0.9982613  0.99953413
 0.9617195  0.99846774]
[0.9990146  0.9968252  0.9984648  0.99827063 0.99722505 0.9994128
 0.95539695 0.9984565 ]
[0.9986186  0.9959235  0.99784005 0.9981688  0.9975702  0.9972047
 0.9177094  0.9969215  0.9977539 ]
[0.9976903  0.9964334  0.9979109  0.9976417  0.99836487 0.9992254
 0.9153746  0.9982122 ]
[0.9991906  0.99688417 0.9976659  0.9978962  0.9983576  0.99598455
 0.9975249  0.9748506  0.99914145]
[0.99785113 0.99356866 0.9984577  0.9986512  0.99825746 0.99921393
 0.93195355 0.9987311 ]
[0.9984969  0.99607086 0.99865806 0.99867177 0.99845576 0.9981236
 0.9985066  0.9427005  0.99742776]
[0.99909115 0.99710256 0.9978011  0.9975707  0.99790263 0.9018828
 0.9987149  0.9996032 ]
[0.9976221  0.99481624 0.9985008  0.9986332  0.9982743  0.9968176
 0.99604553 0.9677132  0.99916744]
[0.9983443  0.9977283  0.997251   0.99767345 0.99831885 0.9994752
 0.919117   0.9985347 ]
[0.99849606 0.9965429  0.99811804 0.99770665 0.9978149  0.9996327
 0.96592605 0.9986072 ]
[0.99749124 0.9953725  0.9976769  0.9982102  0.9981566  0.9993718
 0.9670391  0.9980573 ]
[0.99861443 0.99477035 0.9979463  0.99859995 0.9969668  0.9976254
 0.9984725  0.96457726 0.99821365]
[0.99866176 0.9965585  0.99862397 0.9983734  0.9982461  0.9995073
 0.8843994  0.99882513]
[0.9990847  0.99692696 0.99716467 0.9981353  0.9977754  0.9991026
 0.8825639  0.9987087 ]
[0.99776113 0.995652   0.99837095 0.99761415 0.9975448  0.9662044
 0.99868864 0.999044  ]
[0.997929   0.9965127  0.9977488  0.9981504  0.9978828  0.9986212
 0.9678022  0.9978606  0.99874324]
[0.9984151  0.99454474 0.9986796  0.99890697 0.9980134  0.96011
 0.9979366  0.99943167]
[0.9987243  0.99793136 0.9929941  0.99860245 0.9975299  0.9981225
 0.99495476 0.99714583 0.89253014 0.998288  ]
[0.9975883  0.9945904  0.998713   0.9975224  0.9976768  0.99952686
 0.90302265 0.99922967]
[0.998923   0.9950039  0.9980051  0.9982621  0.99783486 0.9455819
 0.9989497  0.99818003]
[0.9985555  0.9967499  0.9972235  0.99857724 0.9983493  0.99965024
 0.8125919  0.9984363 ]
[0.99883467 0.99557364 0.9973289  0.99745363 0.99860954 0.99745196
 0.9981694  0.986142   0.9987198 ]
[0.9991947  0.99722856 0.99839514 0.99784446 0.9979457  0.9992924
 0.96067077 0.9991522 ]
[0.9982146  0.9976478  0.9968586  0.9977449  0.99707496 0.99920267
 0.7935142  0.99864584]
[0.9982516  0.995943   0.9970433  0.99880195 0.9974241  0.95099586
 0.99868435 0.99945956]
[0.99911433 0.9940222  0.9984428  0.99784803 0.9984995  0.9992061
 0.9697836  0.99752504]
[0.99785304 0.997829   0.9982309  0.9973532  0.9978783  0.99553764
 0.9854233  0.9969927  0.99923086]
[0.9984971  0.9958742  0.9973199  0.99902284 0.99722505 0.9987048
 0.9393499  0.9991073 ]
[0.9980274 0.9967444 0.9984535 0.9965733 0.9984629 0.9977404 0.9230041
 0.9976947]
[0.9978485  0.99651414 0.9977685  0.99843055 0.9976185  0.9961274
 0.9973695  0.9729661  0.99668664]
[0.99902105 0.99799687 0.99680066 0.99819463 0.99759585 0.9993855
 0.636002   0.998609  ]
[0.9979722  0.99679154 0.99866056 0.9985012  0.99863666 0.9971835
 0.9157649  0.9979103  0.99766517]
[0.99786747 0.9949721  0.99744797 0.9971615  0.9979697  0.995297
 0.9972059  0.9477461  0.9989812 ]
[0.9982376  0.99705184 0.99868745 0.9987923  0.9982919  0.99778867
 0.9320481  0.99758375 0.9982186 ]
[0.9974837  0.9958326  0.99863714 0.9983998  0.9982443  0.9976131
 0.93483657 0.9979017  0.9976647 ]
[0.99902654 0.9968464  0.9981053  0.99757606 0.9974509  0.99949527
 0.94996554 0.99822825]
[0.9988294  0.9964139  0.9981194  0.9981292  0.9981211  0.99770784
 0.99850285 0.95783    0.99901927]
[0.99856925 0.9977603  0.9972512  0.99764997 0.9986571  0.92214626
 0.9985574  0.9991486 ]
[0.9985147  0.9976063  0.99811137 0.99872667 0.9982261  0.99921286
 0.99874854]
[0.99818665 0.9982657  0.998156   0.997917   0.99717975 0.99887425
 0.99817336]
[0.9989944  0.9949752  0.997517   0.99877316 0.99828005 0.9664276
 0.99897885 0.9987006 ]
[0.9984754  0.99501    0.99817157 0.9968021  0.99790215 0.99561715
 0.9651177  0.99793494 0.99839395]
[0.9983506  0.9958431  0.9973246  0.9980489  0.9980971  0.9861158
 0.99901927 0.9994098 ]
[0.99778855 0.9927763  0.9982408  0.9981583  0.99856853 0.9994217
 0.97481155 0.9973815 ]
[0.9983352  0.99376714 0.9973339  0.9978885  0.9972465  0.99756706
 0.9979983  0.95835537 0.9987306 ]
[0.9982932  0.9969517  0.9976169  0.99809533 0.99715304 0.9972357
 0.9961926  0.9746286  0.99948704]
[0.9978951  0.9952506  0.9975923  0.99790084 0.9975133  0.9984503
 0.94390017 0.998538  ]
[0.9986676  0.99608815 0.9974947  0.99877554 0.99839467 0.9973394
 0.9975988  0.9774785  0.9990441 ]
[0.9982291  0.9916899  0.9985946  0.99758136 0.99747735 0.98235345
 0.9992791  0.99929225]
[0.99808073 0.99669695 0.9986873  0.9986803  0.99882275 0.9983701
 0.9984101  0.8832003  0.9992768 ]
[0.9981862  0.99623555 0.99745756 0.99897695 0.9981664  0.9982419
 0.9981218  0.9770394  0.99862754]
[0.99885654 0.9956286  0.9981828  0.998431   0.99817586 0.997233
 0.997811   0.946048   0.9988662 ]
[0.9988238  0.99758124 0.99768806 0.99862325 0.9976604  0.9961056
 0.9245372  0.9987299  0.9984913 ]
[0.998637   0.996601   0.9968901  0.99886096 0.9979215  0.9821926
 0.99942684 0.9992275 ]
[0.9984756  0.9965964  0.99767965 0.9979013  0.9979196  0.99934
 0.8886157  0.9981932 ]
[0.9981395  0.99777204 0.9981269  0.9974903  0.9981883  0.9982829
 0.9985935 ]
[0.9980586  0.99566025 0.99838483 0.99843115 0.9971411  0.9990269
 0.9590216  0.9994454 ]
[0.9986234  0.9972102  0.95537573 0.99754936 0.9980165  0.9970745
 0.9990971  0.94810337 0.99823594]
[0.9978067  0.99702233 0.9978694  0.9977786  0.9980914  0.99818355
 0.9491234  0.99854195]
[0.9974324  0.9979431  0.9981609  0.9982723  0.9985261  0.9975381
 0.99631554 0.8737401  0.9986696 ]
[0.9985038  0.99653435 0.9980154  0.99700886 0.9977035  0.9993855
 0.9677995  0.99871385]
[0.997979   0.99732447 0.9982942  0.99809796 0.99745935 0.9360069
 0.99848586 0.99861825]
[0.9986198  0.9943916  0.9977361  0.99793565 0.9985442  0.9996039
 0.9705209  0.9984993 ]
[0.998874   0.99738604 0.99769837 0.99885726 0.998548   0.9655138
 0.99949265 0.9995049 ]
[0.9977464  0.9958912  0.9971625  0.99675924 0.9971571  0.99788994
 0.9792737  0.99776554]
[0.99854374 0.99566597 0.99795616 0.99887425 0.9983766  0.99706346
 0.99832433 0.8474582  0.9984363 ]
[0.998345   0.9948502  0.99833786 0.99797016 0.9979426  0.99957496
 0.9585607  0.99799925]
[0.9988642  0.9934454  0.99850464 0.9978448  0.99846613 0.99881953
 0.96401036 0.9988745 ]
[0.99863833 0.99483454 0.9986816  0.99737537 0.9985487  0.99483407
 0.9956929  0.9724913  0.9994357 ]
[0.9978823  0.99539715 0.99712294 0.9983327  0.99741626 0.94245815
 0.9989279  0.99947923]
[0.99885833 0.99570775 0.9974936  0.9983872  0.9971173  0.9977633
 0.9955793  0.9422243  0.9988651 ]
[0.99889296 0.9957157  0.9971662  0.99891627 0.9975623  0.99715614
 0.9986998  0.9508476  0.99728274]
[0.99847585 0.99447787 0.9986916  0.9977749  0.9974989  0.97607553
 0.99946326 0.999008  ]
[0.997797   0.99672973 0.9985984  0.99853706 0.99710125 0.9953513
 0.99622077 0.9596674  0.9991209 ]
[0.9977429  0.99673575 0.9972046  0.998429   0.9974105  0.9980894
 0.9976186  0.9704315  0.99916804]
[0.9986565  0.99717355 0.9986903  0.99874616 0.9981792  0.905798
 0.9977864  0.9995814 ]
[0.99846977 0.99655044 0.9971054  0.99826884 0.9973953  0.99861133
 0.9983204  0.9374695  0.99864465]
[0.9979882  0.99656653 0.9986235  0.99878854 0.9984263  0.99705964
 0.99709475 0.9681847  0.9991146 ]
[0.9987639  0.99640876 0.99752134 0.9972005  0.99784625 0.99690324
 0.9982834  0.9444877  0.9989987 ]
[0.99804    0.99646336 0.9986651  0.99817586 0.9983175  0.99937016
 0.9095714  0.99737847]
[0.9987379  0.99515414 0.997936   0.9986525  0.99869245 0.99891067
 0.8039319  0.999079  ]
[0.99901605 0.99769765 0.997216   0.9978666  0.9984396  0.99729353
 0.9982376  0.9000951  0.997884  ]
[0.9985214  0.9955266  0.99779165 0.99841654 0.997472   0.9994697
 0.9652475  0.9991202 ]
[0.99880135 0.99311125 0.9969432  0.9989189  0.99720407 0.9971258
 0.99746394 0.9592243  0.9991373 ]
[0.9984994  0.9958812  0.9982132  0.9987155  0.9979656  0.9992762
 0.918202   0.9316122  0.99852824]
[0.9986059  0.9957818  0.99856806 0.9978288  0.9973206  0.99815995
 0.9986928  0.9717131  0.99864906]
[0.99816954 0.99544466 0.9986499  0.99880624 0.99774617 0.9996679
 0.97834694 0.99859816]
[0.9979492  0.99701834 0.99819034 0.99776113 0.9982418  0.9994024
 0.9291185  0.99889046]
[0.9984871  0.99544084 0.99838114 0.99792695 0.9971079  0.99963045
 0.8999038  0.9983563 ]
[0.9979036  0.99761945 0.9985367  0.9988938  0.9969072  0.99942327
 0.9022079  0.9978866 ]
[0.9982572  0.9950801  0.9975937  0.9990139  0.9985594  0.99678135
 0.9972976  0.9768404  0.99923575]
[0.9987465  0.9978271  0.9879602  0.99802303 0.9985222  0.99816257
 0.9712877  0.9981679  0.81400675 0.9987306 ]
[0.9990281  0.99631006 0.99698657 0.9988587  0.99783725 0.9993923
 0.96635526 0.99906737]
[0.99913245 0.9940931  0.99701333 0.9986388  0.9979121  0.9959674
 0.99727756 0.956522   0.99929154]
[0.99831355 0.9955863  0.99842775 0.9985405  0.99689674 0.999395
 0.9701844  0.99823356]
[0.9988844  0.99646026 0.9987072  0.9972663  0.9981565  0.9948197
 0.9976463  0.9673739  0.99928576]
[0.99893874 0.9957327  0.84228826 0.9969002  0.9977245  0.99761176
 0.9987884  0.92095995 0.9990134 ]
[0.99845564 0.9961747  0.9972988  0.9977914  0.9968959  0.99953365
 0.96029085 0.9982126 ]
[0.9988341  0.99707913 0.99744165 0.99782676 0.99819934 0.9989674
 0.5395744  0.99949706]
