Mprobs for dataset art (100)

[0.9990258  0.99763846 0.9982097  0.9986682  0.9951762  0.99842936
 0.9953377  0.9895811  0.99740463 0.9923839  0.9863448  0.9886712
 0.998242   0.9546423  0.9948742  0.9945258  0.7037175  0.9978725
 0.99642664 0.99116653 0.9751187  0.9950604  0.9968714  0.99941444
 0.993723   0.99304223 0.9726432  0.7528768  0.9962599  0.99902093
 0.9759352  0.99573624 0.9924896  0.9985127  0.99910396 0.9981705
 0.9972965  0.9984211  0.99387413 0.99050385 0.99433726 0.99547297]
[0.999017   0.9973797  0.99745446 0.9984451  0.9943656  0.9972404
 0.99521893 0.99071    0.99723756 0.99156004 0.991486   0.9882548
 0.9978848  0.9920393  0.9941585  0.99241614 0.7323118  0.99783415
 0.9957027  0.9915451  0.97650087 0.99577147 0.9240718  0.99911016
 0.9923259  0.99035585 0.9679152  0.9964455  0.9959656  0.9992906
 0.9574981  0.99741673 0.91915363 0.9987004  0.9989496  0.9979437
 0.9977494  0.9985927  0.9973749  0.99337995 0.9931463  0.99623185]
[0.9987072  0.9982316  0.9981968  0.9989196  0.9974138  0.997747
 0.9969183  0.992502   0.9973667  0.99315697 0.9938313  0.9917413
 0.9982646  0.99663526 0.9909949  0.82333714 0.9987111  0.9966736
 0.9923497  0.9835445  0.94274455 0.99915147 0.99937314 0.99163693
 0.9911203  0.9627268  0.9428006  0.9965687  0.9991949  0.9755729
 0.98771244 0.9981013  0.9986418  0.99680966 0.9978573  0.9969453
 0.9988527  0.9961527  0.97687095 0.9950487  0.99667966]
[0.99875605 0.99716127 0.9974088  0.9987198  0.99579537 0.9980946
 0.99640584 0.99156696 0.9971095  0.9916509  0.9913936  0.99107355
 0.9981988  0.9971541  0.9939231  0.9948054  0.72107023 0.9980286
 0.9975101  0.9941077  0.98338896 0.9475913  0.9914641  0.9995086
 0.9926171  0.9895642  0.9652905  0.99626005 0.99681395 0.9989938
 0.9690183  0.99908924 0.9935967  0.99873    0.8980549  0.99810106
 0.996693   0.9991984  0.99698955 0.99026185 0.99489176 0.9954335 ]
[0.99927    0.99776006 0.9975309  0.998439   0.996867   0.9966612
 0.9957212  0.99084115 0.9969783  0.98994035 0.993682   0.9875343
 0.9977677  0.9879701  0.995492   0.99151623 0.50443274 0.99848527
 0.9971712  0.99205655 0.9953198  0.99746346 0.9370151  0.9993876
 0.99094874 0.988199   0.97143155 0.9966535  0.99576265 0.99892044
 0.97034174 0.99887425 0.99119616 0.99839324 0.9881967  0.99674606
 0.9972493  0.99907374 0.9957884  0.99145824 0.9947189  0.9956398 ]
[0.9992761  0.99732625 0.9973098  0.99817336 0.9969393  0.99718744
 0.99763846 0.98999757 0.9978961  0.99292254 0.9937594  0.98415333
 0.9983308  0.99604225 0.99395245 0.9879341  0.6044765  0.99809927
 0.9960914  0.99232084 0.9870452  0.61509657 0.9945042  0.99910176
 0.9911923  0.9936307  0.9958983  0.9956079  0.99934477 0.980533
 0.9047888  0.99653304 0.9984925  0.9824287  0.997917   0.9985623
 0.9992298  0.99371284 0.9905524  0.99852425 0.99670416]
[0.99936277 0.99655676 0.99772114 0.999156   0.9954809  0.9979773
 0.996599   0.9946601  0.9974203  0.99198556 0.98968047 0.9906899
 0.9983393  0.9899386  0.9924285  0.9939964  0.7971946  0.9982652
 0.9972408  0.994833   0.97158766 0.9544283  0.87415856 0.9990601
 0.9926116  0.9901716  0.96405154 0.9980604  0.9955485  0.99909973
 0.97602457 0.9936433  0.9953531  0.9989347  0.99795663 0.99816704
 0.9981021  0.9986274  0.9966918  0.99082774 0.9990571  0.99557835]
[0.9987324  0.99628615 0.99870384 0.99877506 0.99636203 0.9986015
 0.99616134 0.99284077 0.99567884 0.99093795 0.99104565 0.9886641
 0.9984742  0.9955622  0.9913128  0.9930943  0.7492009  0.9982564
 0.9967679  0.99490476 0.9746996  0.9989242  0.9943136  0.9992442
 0.99441755 0.98851377 0.9698294  0.99707115 0.9972253  0.99940634
 0.9736223  0.9535813  0.99177825 0.9977945  0.9524873  0.9973949
 0.9974427  0.99925476 0.9962733  0.99114054 0.9950728  0.9956986 ]
[0.99924254 0.99676126 0.99841285 0.9986363  0.9958839  0.9984895
 0.9961378  0.99442965 0.99791545 0.9908406  0.9926972  0.98831844
 0.99821234 0.99644166 0.99477756 0.9951257  0.99856204 0.99742174
 0.994445   0.9798462  0.95862085 0.99637324 0.9992397  0.99089265
 0.99052715 0.9676626  0.7549188  0.99703157 0.99862313 0.95294476
 0.9952726  0.98499435 0.9978902  0.994097   0.99725145 0.9978308
 0.998741   0.99509215 0.9920008  0.9986318  0.99630296]
[0.9988463  0.996806   0.99820304 0.99843866 0.99593264 0.99781716
 0.9957919  0.9936866  0.99715024 0.9893595  0.9913953  0.98594344
 0.9985306  0.9963081  0.9940323  0.9942054  0.7894126  0.99805176
 0.99733907 0.9936918  0.9704159  0.9770974  0.99844366 0.9994599
 0.9940398  0.99195194 0.9635031  0.7954317  0.9971681  0.99927205
 0.9800862  0.8293227  0.9972264  0.9975036  0.99435484 0.9975879
 0.9970675  0.9990608  0.9963916  0.9777524  0.9892336  0.99629056]
[0.99935585 0.99701595 0.997905   0.9990829  0.99633753 0.9978399
 0.99674606 0.98978627 0.997256   0.9927133  0.99521846 0.9925436
 0.998321   0.8655631  0.9947172  0.99476916 0.90393    0.9981456
 0.9972275  0.990104   0.9697776  0.99472106 0.99904233 0.9993517
 0.9903598  0.9184294  0.95301396 0.99607927 0.9990652  0.97150934
 0.9975357  0.98914766 0.99878746 0.99245656 0.9971944  0.9976833
 0.998912   0.9932741  0.9878181  0.9965893  0.99712676]
[0.99930346 0.9955531  0.9980521  0.9988458  0.9959319  0.9975198
 0.9959714  0.9919852  0.9979498  0.9891159  0.99209654 0.9917148
 0.99840766 0.99637234 0.992949   0.99467    0.8185574  0.99847585
 0.9965911  0.9909292  0.973463   0.9262714  0.9991217  0.9994881
 0.9931545  0.98909134 0.97040546 0.7931751  0.99712557 0.9991524
 0.98603487 0.98791516 0.9932319  0.99886715 0.99477696 0.99773264
 0.9983713  0.99826473 0.9972307  0.992543   0.9979546  0.99547195]
[0.9986708  0.99726677 0.99800664 0.9984591  0.99704546 0.99798065
 0.99567336 0.9915792  0.99777704 0.9893365  0.9919993  0.9926483
 0.9982508  0.9967841  0.9967675  0.9937714  0.6306739  0.9987495
 0.9979842  0.992011   0.9721816  0.9563658  0.99928623 0.99919456
 0.9899244  0.9952792  0.969702   0.9523534  0.9969717  0.9991811
 0.9826717  0.98597974 0.99421895 0.9987496  0.9943514  0.9979001
 0.9984432  0.9985183  0.9952577  0.99152195 0.9975842  0.996194  ]
[0.9991284  0.9978586  0.9971306  0.9985593  0.9969054  0.99777126
 0.9964959  0.9927496  0.99640465 0.99072134 0.9884099  0.98596996
 0.9985379  0.99932194 0.9958846  0.99107516 0.9985267  0.9963527
 0.9895008  0.9578011  0.875747   0.9867871  0.9994211  0.99375904
 0.9927852  0.99559057 0.99717987 0.9991715  0.96625113 0.99547076
 0.99486744 0.99842983 0.98524344 0.99625254 0.99733824 0.99915075
 0.99571615 0.9821785  0.9969222  0.9963527 ]
[0.99898666 0.9960747  0.9985549  0.9987459  0.9943948  0.9984546
 0.99770576 0.9948585  0.99721694 0.99301416 0.99208635 0.9911959
 0.998547   0.99576557 0.98627    0.8632195  0.9974899  0.996949
 0.9920952  0.9764009  0.99797744 0.9961766  0.99945456 0.99163556
 0.99192643 0.9740545  0.9336067  0.99556255 0.9992446  0.95656353
 0.99922955 0.9931565  0.9982766  0.9318326  0.9977754  0.998004
 0.9992643  0.9941474  0.97716695 0.99486816 0.99594826]
[0.99933726 0.99730444 0.99847025 0.9985784  0.9965546  0.998128
 0.99591994 0.99438334 0.9981547  0.9912237  0.9919031  0.9887736
 0.99820447 0.9967692  0.9964089  0.9949405  0.85433215 0.9986523
 0.99668413 0.99129957 0.9730933  0.9481273  0.9936155  0.9992078
 0.9673479  0.9892573  0.9788487  0.99544984 0.9975222  0.99929523
 0.9714344  0.995054   0.99493366 0.99860364 0.99881846 0.9974443
 0.99838805 0.9988412  0.99634534 0.9866599  0.665613   0.996449  ]
[0.9990202  0.99635506 0.99836713 0.9986987  0.9957669  0.9980202
 0.99719363 0.994169   0.9977247  0.98925984 0.99167436 0.9895913
 0.9981079  0.99378455 0.99211687 0.8753895  0.9982571  0.99708766
 0.9929069  0.97711176 0.96847177 0.82877165 0.99927896 0.99415946
 0.9946906  0.9779023  0.9964126  0.9973889  0.9993055  0.97609895
 0.9926803  0.995144   0.99825686 0.99208564 0.99697554 0.9981893
 0.99943954 0.9952781  0.9754371  0.9990031  0.9964307 ]
[0.998609   0.9978034  0.9969694  0.9989023  0.9952349  0.997592
 0.9966456  0.99311393 0.9956989  0.9897713  0.9881611  0.98766464
 0.9985876  0.99475276 0.9960492  0.99179274 0.9980459  0.9959001
 0.98920155 0.99604994 0.9815491  0.9963987  0.9992205  0.99169934
 0.9928242  0.9785644  0.8711082  0.9960424  0.99929225 0.98211676
 0.99923635 0.99046224 0.9974928  0.992782   0.9965023  0.99856937
 0.9989441  0.9940943  0.9912943  0.9963708  0.99532974]
[0.99885607 0.99668014 0.9980095  0.99913377 0.9952135  0.99755317
 0.99768865 0.99350005 0.99651057 0.9903584  0.9908846  0.9934634
 0.9983552  0.9293107  0.9956844  0.9922616  0.9971733  0.99647033
 0.9934782  0.9785161  0.99633896 0.9948118  0.99947995 0.99240655
 0.99452174 0.9636103  0.9956002  0.9962214  0.99925894 0.98499113
 0.99896955 0.9954312  0.99880636 0.67660975 0.99777764 0.99768436
 0.99916935 0.9952153  0.99438137 0.99621326 0.994351  ]
[0.9989612  0.9971426  0.9975     0.9982008  0.99503016 0.997347
 0.9957918  0.9929772  0.9966954  0.9906833  0.99068016 0.9855009
 0.99800676 0.9524676  0.99423945 0.99013406 0.9983736  0.9965449
 0.98978287 0.9955682  0.9993554  0.9991079  0.9926484  0.99401265
 0.98140407 0.7779617  0.9978551  0.9989336  0.9660624  0.98745257
 0.99746716 0.99829656 0.996503   0.99763167 0.9985286  0.9992009
 0.9966449  0.98304087 0.9972047  0.9967529 ]
[0.9986228  0.99698645 0.99845695 0.9988456  0.99615127 0.9982949
 0.99776757 0.99479854 0.9960355  0.9902103  0.99313194 0.9834176
 0.99845135 0.9977836  0.99451065 0.99262965 0.99742943 0.99735487
 0.9940672  0.9481661  0.99921334 0.9940204  0.99911195 0.9938507
 0.9932649  0.9923995  0.99613047 0.9993123  0.95969063 0.9946321
 0.99682236 0.99771583 0.9971765  0.99811244 0.99840206 0.9945774
 0.9860114  0.9955449  0.9951853 ]
[0.99920505 0.99637717 0.9974463  0.9980386  0.99662054 0.99767536
 0.99751234 0.99218893 0.9955479  0.99062246 0.9878749  0.98998827
 0.9980415  0.9898413  0.99315625 0.99398625 0.50648344 0.99828666
 0.99666256 0.9928081  0.99743015 0.99191636 0.9995103  0.7184816
 0.99347043 0.989934   0.9971125  0.9993193  0.95382106 0.9922316
 0.9954887  0.99753547 0.99596906 0.99684745 0.9980848  0.9985239
 0.9955319  0.9896018  0.99891365 0.99577326]
[0.99884593 0.996994   0.99805754 0.99899286 0.9958097  0.9982286
 0.99614704 0.9921433  0.9978389  0.99250704 0.9940201  0.99051416
 0.9986972  0.99895954 0.99634236 0.9915372  0.7307831  0.9984028
 0.9971522  0.9925575  0.9727489  0.96602875 0.9932748  0.9994993
 0.98922604 0.99369746 0.96174157 0.9974063  0.9957092  0.9989814
 0.9831807  0.993929   0.994802   0.99843615 0.9056482  0.99696004
 0.99773884 0.9992508  0.99715257 0.9900804  0.9970073  0.99412006]
[0.99919397 0.9977544  0.9987457  0.99843735 0.99737895 0.99801636
 0.9967525  0.9917909  0.9977482  0.9908013  0.9921016  0.9908562
 0.9986229  0.9949721  0.99436474 0.9901668  0.99758756 0.9975197
 0.98868084 0.96869    0.9992286  0.99927884 0.9910749  0.99096537
 0.9778472  0.99278945 0.99668676 0.99909246 0.98505694 0.99794716
 0.99892837 0.9971668  0.99786806 0.9974595  0.9989009  0.9969157
 0.99250907 0.9965125  0.99656504]
[0.9984995  0.99718326 0.9981664  0.9987136  0.9970003  0.99851793
 0.99673635 0.99273527 0.9967757  0.9927382  0.99099696 0.9842286
 0.99842864 0.99682164 0.9853592  0.9522627  0.9978467  0.997133
 0.9935539  0.9807953  0.9791013  0.9820685  0.9993467  0.9908647
 0.9929234  0.99691015 0.994783   0.9959902  0.999238   0.986797
 0.9952885  0.99603266 0.99803644 0.99688643 0.99652654 0.9977852
 0.99887544 0.99624336 0.9882195  0.9988959  0.99546707]
[0.9989875  0.99699867 0.9976876  0.99864346 0.9960139  0.9974802
 0.99767834 0.9949142  0.9966551  0.99143374 0.9914957  0.9895867
 0.998642   0.9955224  0.69948465 0.9919795  0.99582666 0.9984604
 0.99712104 0.99096525 0.9777092  0.9301895  0.99538666 0.99928576
 0.9923429  0.988674   0.96728086 0.9975382  0.9964474  0.9992323
 0.97688305 0.9968712  0.99512696 0.9985885  0.9991518  0.9978841
 0.9967835  0.9985172  0.9968098  0.9911498  0.88540167 0.9952976 ]
[0.99917585 0.99645436 0.9984665  0.9986564  0.9965358  0.99741495
 0.99748284 0.9936386  0.9968946  0.99115574 0.9899301  0.99026847
 0.99831957 0.99706835 0.99346393 0.98789793 0.998156   0.9973137
 0.99024135 0.9980192  0.9903921  0.9994703  0.98955184 0.99205106
 0.92164874 0.9964954  0.9991141  0.9796483  0.99919325 0.9899227
 0.99869317 0.9942426  0.997203   0.99806374 0.9991652  0.9949109
 0.9897189  0.99698466 0.9962941 ]
[0.99889106 0.99673164 0.99809784 0.99845326 0.99612767 0.99828714
 0.99582666 0.9946831  0.9964366  0.9936522  0.9890325  0.9909407
 0.99859506 0.9976877  0.99522287 0.9898155  0.9980702  0.99591726
 0.99048585 0.9582536  0.87615854 0.9989071  0.99938786 0.9932288
 0.9889653  0.99141675 0.9933913  0.9960691  0.99891317 0.9524663
 0.9797136  0.99524224 0.9985216  0.9908332  0.99626476 0.99855
 0.99926823 0.9954945  0.98525524 0.99767834 0.9960061 ]
[0.9987784  0.9972076  0.9980677  0.9980388  0.9966145  0.99786395
 0.9965886  0.99032265 0.99696296 0.99042237 0.9912265  0.9845281
 0.9986104  0.9969217  0.9937649  0.9947725  0.5567312  0.9983311
 0.9964954  0.993519   0.98316276 0.973009   0.9990681  0.999448
 0.9912786  0.9966755  0.9990252  0.9765944  0.99584454 0.99549603
 0.9980305  0.9975804  0.99762183 0.997486   0.99859506 0.9964393
 0.99016386 0.99782795 0.9964619 ]
[0.9993718  0.99729294 0.9980148  0.9987715  0.9960044  0.99727184
 0.99817383 0.9912566  0.9967031  0.99223095 0.99299884 0.99127406
 0.99836975 0.9909684  0.99539006 0.9899276  0.99925584 0.99859303
 0.99505913 0.99122787 0.99650025 0.9992848  0.9964948  0.99242425
 0.9561159  0.9868128  0.99795    0.9988267  0.98298806 0.99155456
 0.9974602  0.9981893  0.99493366 0.9966641  0.9980598  0.9990969
 0.99631846 0.98730683 0.995631   0.9961249 ]
[0.9992255  0.9968477  0.99807596 0.9979558  0.9972851  0.9979359
 0.99716955 0.9914432  0.9969739  0.99086916 0.98894346 0.9889053
 0.99842215 0.9923707  0.99074334 0.98291427 0.9986065  0.9969939
 0.989971   0.9777998  0.9992543  0.9982262  0.99396545 0.9891856
 0.9949457  0.9968754  0.99901474 0.98401916 0.9898351  0.99392736
 0.9979863  0.99727553 0.99649954 0.99759454 0.999332   0.99679726
 0.9874982  0.9994168  0.9970811 ]
[0.99865735 0.99722797 0.9983682  0.9989691  0.99709964 0.99736136
 0.99613035 0.99276227 0.99617827 0.9915705  0.9914262  0.9869338
 0.9976661  0.9387911  0.99526054 0.9903436  0.99265337 0.9981027
 0.99732274 0.9947031  0.9876315  0.99900454 0.9994711  0.9977912
 0.9953885  0.9942267  0.9806582  0.99728525 0.9989862  0.96262515
 0.9899434  0.9950658  0.99855965 0.99834144 0.9977586  0.99679035
 0.9994553  0.99607545 0.98846674 0.9960626  0.99576426]
[0.9990969  0.9979054  0.9983652  0.9983398  0.9958002  0.9973387
 0.9966859  0.9919769  0.9967463  0.9903854  0.9929755  0.99125516
 0.99855036 0.99934024 0.99278367 0.99335265 0.8735908  0.99813485
 0.9966647  0.99056566 0.97866565 0.9425333  0.98776    0.9995497
 0.98832256 0.99495655 0.9731969  0.99685824 0.99712014 0.9988888
 0.9671619  0.99193364 0.99533194 0.9987637  0.8979511  0.9969934
 0.9977264  0.9985715  0.99717134 0.99094665 0.99609214 0.9966516 ]
[0.9991374  0.99706346 0.99841464 0.9983999  0.99617493 0.9986853
 0.99686    0.9912655  0.9974311  0.9896826  0.9903419  0.9907961
 0.9985862  0.99322915 0.9952625  0.9902863  0.80791265 0.9988098
 0.9976024  0.99101675 0.9766535  0.9608803  0.99490285 0.9992848
 0.99879515 0.99310064 0.9604446  0.9116012  0.99599385 0.99923635
 0.99084127 0.98629355 0.99229276 0.9981231  0.5657662  0.9977537
 0.9960834  0.9993063  0.9962708  0.97610384 0.99768984 0.99542195]
[0.9992956  0.99702615 0.99725765 0.99850583 0.9951273  0.9974197
 0.9973525  0.9935869  0.9978967  0.9897036  0.9905821  0.9864644
 0.99802846 0.9972914  0.99670213 0.9945462  0.7242372  0.9981154
 0.99653316 0.993874   0.97890854 0.9626312  0.9408235  0.99940443
 0.99334925 0.9899949  0.9637407  0.9932594  0.9974468  0.9991392
 0.982084   0.99653745 0.9913803  0.99771345 0.9953375  0.99802786
 0.9979359  0.99900997 0.99569196 0.9928404  0.9987909  0.9948586 ]
[0.999199   0.99686074 0.9982541  0.9989722  0.9969072  0.99752086
 0.9963833  0.99149984 0.99778324 0.99297523 0.99070823 0.9876201
 0.9984701  0.9945405  0.9903162  0.9940878  0.99793893 0.99698454
 0.9901839  0.97409195 0.9960627  0.99927586 0.9906459  0.9923201
 0.899161   0.9963302  0.9976927  0.9990657  0.96259296 0.99484646
 0.9969092  0.99830294 0.99650586 0.9962159  0.9979279  0.9993413
 0.99673945 0.987422   0.9990446  0.9959384 ]
[0.9989801  0.99637115 0.99716383 0.998806   0.9969729  0.9984378
 0.99550915 0.99443203 0.997184   0.99183923 0.99149644 0.9893835
 0.99839646 0.9962423  0.99372673 0.9933119  0.99871385 0.9970169
 0.9932319  0.97797054 0.93681574 0.99607193 0.99949944 0.99166065
 0.9919361  0.974871   0.994718   0.99664515 0.998784   0.95950764
 0.998346   0.99416405 0.99845946 0.9875238  0.9967224  0.9971826
 0.99923134 0.995895   0.99233013 0.8205109  0.995619  ]
[0.999209   0.9973354  0.99794954 0.9984308  0.99739575 0.99848926
 0.9970342  0.991714   0.9978815  0.9901254  0.9901125  0.9812665
 0.9980969  0.89800215 0.9954423  0.98849034 0.5133215  0.9981092
 0.9977756  0.99304765 0.9894549  0.9974437  0.99266607 0.9993192
 0.99485046 0.99577844 0.9973074  0.9993224  0.95376277 0.99532324
 0.98910743 0.9981153  0.9986584  0.9978446  0.99815387 0.9990671
 0.9967079  0.98470414 0.9907472  0.995481  ]
[0.99874437 0.99768186 0.9982711  0.998422   0.99604094 0.9985328
 0.9961893  0.99424064 0.9969938  0.9910411  0.99244094 0.98744243
 0.9977387  0.998917   0.99611425 0.9895626  0.99840987 0.9967925
 0.99456537 0.99825066 0.99135053 0.99924684 0.8786405  0.9898835
 0.9763131  0.9971513  0.99907815 0.9637748  0.99769706 0.99027866
 0.99818027 0.9957913  0.99768424 0.99839586 0.99914265 0.9967693
 0.989408   0.99328715 0.9955245 ]
[0.99926203 0.9977245  0.9972397  0.9988392  0.9944542  0.99756694
 0.9963961  0.99213916 0.9964774  0.9891928  0.99185526 0.99026734
 0.9987348  0.99653995 0.9872758  0.92921156 0.9970776  0.9945075
 0.9885033  0.9710206  0.99061126 0.9973909  0.9992418  0.9982267
 0.9935616  0.9817822  0.99448735 0.996527   0.9987087  0.9781212
 0.99142504 0.99079895 0.9981719  0.9992644  0.99768496 0.99792457
 0.99934965 0.9969344  0.9890527  0.9962715  0.9964708 ]
[0.99900997 0.99698037 0.9982955  0.99833786 0.9975967  0.99691796
 0.9960855  0.99433327 0.9966203  0.9922362  0.9940369  0.98943824
 0.9982133  0.9972904  0.9966108  0.99307454 0.9987501  0.9975936
 0.9953294  0.9827162  0.99894315 0.99033535 0.99945813 0.98836005
 0.99287885 0.9722129  0.96134204 0.99599874 0.9989692  0.9835789
 0.9549187  0.9929108  0.9984707  0.99492717 0.99808514 0.99643636
 0.998917   0.99492705 0.9914705  0.9962071  0.99622595]
[0.99873847 0.9973436  0.9986154  0.99856335 0.9956202  0.9983033
 0.99778533 0.9917978  0.99623775 0.9937059  0.9936935  0.9879159
 0.99822766 0.9969047  0.99467754 0.98828495 0.7709504  0.99684465
 0.9973968  0.9945463  0.9920034  0.7522561  0.996014   0.99914455
 0.9914027  0.9904495  0.9682852  0.9175266  0.9965969  0.999403
 0.9743429  0.99892765 0.9946437  0.9982559  0.96412224 0.99791604
 0.9983192  0.99908316 0.99632    0.97523004 0.99683553 0.9959079 ]
[0.9986431  0.99664223 0.9977586  0.9983967  0.995546   0.99760205
 0.99737513 0.9935648  0.99802434 0.9893015  0.99247485 0.98756045
 0.9986828  0.8568598  0.9951675  0.985979   0.99731916 0.99721587
 0.9929283  0.99753964 0.9806506  0.94072545 0.9992687  0.99093306
 0.9914534  0.9936335  0.9928229  0.9969472  0.99908006 0.95852584
 0.99070704 0.99644035 0.99788886 0.99617285 0.997795   0.9984464
 0.99916697 0.9932347  0.9890842  0.9989748  0.9953164 ]
[0.99930954 0.99618524 0.9977042  0.9985563  0.9966132  0.99761283
 0.99651814 0.9902146  0.99737775 0.9887705  0.99229676 0.98892784
 0.998353   0.9845145  0.9944265  0.99441385 0.72410107 0.9978942
 0.99715245 0.992034   0.98115003 0.9650043  0.99692386 0.99923944
 0.9931793  0.99186957 0.97743666 0.78782904 0.9971175  0.9993641
 0.9673422  0.9963977  0.99267113 0.9985367  0.9989083  0.9980361
 0.99700314 0.9986014  0.9967745  0.9927348  0.9953243  0.99529845]
[0.99945873 0.9962218  0.9972525  0.9987821  0.9955094  0.9983682
 0.9977139  0.9940602  0.9979673  0.9866741  0.9925645  0.99003345
 0.99785906 0.9921725  0.9956585  0.99510705 0.74713165 0.99830675
 0.9964902  0.99290764 0.9963642  0.99915755 0.99644995 0.99940467
 0.99518    0.99056554 0.9727012  0.997001   0.9971349  0.999236
 0.98233527 0.86613095 0.992851   0.99845815 0.9956962  0.99772435
 0.99802303 0.9984151  0.9966378  0.99365705 0.9911506  0.99659675]
[0.9992706  0.9976228  0.99860007 0.99898547 0.99644643 0.9976255
 0.99682486 0.99180675 0.99695194 0.9903205  0.9936893  0.9900417
 0.9976489  0.61773723 0.9932138  0.9928022  0.8739461  0.9986564
 0.99710876 0.993737   0.9711049  0.98180354 0.9988803  0.99939644
 0.9957319  0.9907444  0.94449466 0.99704176 0.997477   0.99923146
 0.972038   0.9077971  0.9944185  0.99767977 0.99444985 0.998072
 0.99786    0.99871635 0.99508446 0.96915305 0.99375945 0.99646676]
[0.9993674  0.996505   0.9984486  0.99906844 0.9972416  0.9973218
 0.9958405  0.9952768  0.9969867  0.991228   0.99213433 0.99057627
 0.98633885 0.9976586  0.9920751  0.9922604  0.8181393  0.997851
 0.9971945  0.99132407 0.969248   0.9771199  0.99658597 0.99945754
 0.93895656 0.99373865 0.90824187 0.98350245 0.99700576 0.99896765
 0.9756026  0.99473274 0.99162614 0.99829835 0.99925166 0.9972994
 0.99757236 0.9985763  0.9972825  0.98474944 0.9224989  0.99612904]
[0.9986136  0.9978442  0.99789727 0.99867517 0.9967019  0.9975089
 0.9976519  0.99355847 0.99779946 0.9929629  0.9887792  0.9866741
 0.9987105  0.9934465  0.9952276  0.993901   0.99711716 0.9973201
 0.9910329  0.99682164 0.9224603  0.99915314 0.9991943  0.9926662
 0.9929509  0.6556407  0.994408   0.99720204 0.9993401  0.9601588
 0.9987054  0.99377877 0.9988273  0.9961707  0.9968683  0.99789196
 0.99868447 0.99432254 0.99256164 0.9913924  0.995542  ]
[0.99854976 0.99751794 0.99708015 0.998792   0.9960252  0.99709165
 0.99660933 0.9906459  0.9977731  0.98833954 0.99439394 0.9872048
 0.99879336 0.9968701  0.99933976 0.9935592  0.6416757  0.9975205
 0.9949509  0.9943335  0.9803634  0.9961836  0.9969662  0.9994479
 0.59846795 0.9907453  0.68151575 0.9968444  0.99536407 0.9992592
 0.9779168  0.673642   0.9926698  0.99869317 0.991422   0.99818915
 0.9970498  0.99901485 0.99622345 0.9884233  0.99590033 0.9953052 ]
[0.99866664 0.99680907 0.9983323  0.9987198  0.99473935 0.99734
 0.99790937 0.9932793  0.996723   0.9934095  0.990058   0.98872083
 0.9979913  0.9805689  0.995874   0.98926884 0.997216   0.9964359
 0.9926891  0.99441457 0.9952226  0.9988348  0.9993036  0.9886686
 0.9952409  0.9796602  0.99449474 0.9958339  0.99928755 0.9756867
 0.9972007  0.7770138  0.99812585 0.9926386  0.9968431  0.9963505
 0.999076   0.9963851  0.9941227  0.9956175  0.9961591 ]
[0.99926156 0.99631894 0.9979069  0.99847263 0.99573344 0.99776864
 0.99741614 0.99032557 0.9977673  0.99007154 0.99194217 0.9872485
 0.9984059  0.98649234 0.99411714 0.9904642  0.7990036  0.9983101
 0.9972927  0.9939931  0.9935694  0.84389794 0.99932826 0.9994542
 0.99601007 0.98975706 0.9775869  0.9968918  0.9991167  0.949847
 0.9916413  0.9940156  0.9984982  0.99591595 0.99801934 0.9967175
 0.99872595 0.9938374  0.97769654 0.9959572  0.9968426 ]
[0.9990441  0.99696845 0.9974246  0.9989807  0.9957039  0.9982627
 0.99538726 0.9947989  0.99582255 0.9925096  0.99461997 0.9896836
 0.9982133  0.77226174 0.99410135 0.99026895 0.69086975 0.9983157
 0.99756914 0.9909763  0.9750786  0.9914786  0.9961855  0.999401
 0.9906048  0.9955128  0.97000164 0.97238624 0.99688524 0.9992274
 0.98333895 0.9991997  0.9946096  0.99866855 0.99724966 0.9981773
 0.99647695 0.99919754 0.9962692  0.99361044 0.9949549  0.9958562 ]
[0.9986443  0.9967123  0.9986047  0.9984629  0.996222   0.9985397
 0.9954619  0.990617   0.99664474 0.9888287  0.99082327 0.9903825
 0.9979692  0.9966528  0.99193984 0.99095166 0.9188793  0.9980848
 0.99639916 0.9951984  0.9722616  0.95327747 0.99447554 0.9992859
 0.99217844 0.9941791  0.9669563  0.9276891  0.9952394  0.9990852
 0.9826758  0.999054   0.99407464 0.99833316 0.99812824 0.9979528
 0.9992586  0.99621636 0.981177   0.99507785 0.9965772 ]
[0.99928766 0.99707675 0.99803    0.99923897 0.996375   0.9974433
 0.9970554  0.9888638  0.99770606 0.99255    0.9934063  0.9925275
 0.9986737  0.99713814 0.99262446 0.99543977 0.67594856 0.9981133
 0.9975547  0.9904579  0.972962   0.9555958  0.825706   0.9995334
 0.9939492  0.9953335  0.9669052  0.9957854  0.9967542  0.99921656
 0.9795588  0.9944194  0.9969639  0.9985441  0.9960633  0.9981244
 0.9978255  0.99876475 0.99501604 0.9948041  0.99847966 0.9960147 ]
[0.99853027 0.9967579  0.9978573  0.9988655  0.996655   0.99831784
 0.99661887 0.9923218  0.9980586  0.9913862  0.9938029  0.99129
 0.99857163 0.8927947  0.99451894 0.98913705 0.81623137 0.99707115
 0.9965061  0.99091864 0.9786435  0.9446172  0.9970155  0.9991769
 0.98472124 0.99119616 0.9655164  0.99638176 0.9968014  0.9989945
 0.96602273 0.99499005 0.99303174 0.9986279  0.9986786  0.99813473
 0.9979723  0.99922884 0.99745554 0.9890704  0.9892937  0.99542457]
[0.9993274  0.99699366 0.99804866 0.9981419  0.9964056  0.99786466
 0.99653244 0.9929034  0.99590635 0.99222636 0.98968095 0.99006957
 0.99803203 0.7089306  0.99540615 0.9929576  0.99821943 0.9970094
 0.9882582  0.9915285  0.99657935 0.9941069  0.9994155  0.99313354
 0.99376535 0.998069   0.99916995 0.98318326 0.99647033 0.99230593
 0.99765056 0.9985273  0.99698573 0.9982254  0.9993042  0.9935521
 0.98897445 0.9919226  0.9964759 ]
[0.9992774  0.9956623  0.9972224  0.99881446 0.99299264 0.9984921
 0.99686146 0.990176   0.99756646 0.99051976 0.98890334 0.9885513
 0.99824524 0.99657863 0.9937698  0.99352866 0.8660021  0.99811006
 0.99656314 0.9829516  0.99625176 0.98811996 0.99592066 0.9991283
 0.99377716 0.9955363  0.9797988  0.993937   0.9962566  0.99871504
 0.9879522  0.9949892  0.9984445  0.99825746 0.99578387 0.9968426
 0.9987287  0.9960026  0.99032193 0.99521244]
[0.99923575 0.9973695  0.9984092  0.99909186 0.99625045 0.9979869
 0.99747425 0.9930132  0.9976788  0.9887167  0.99118805 0.98941946
 0.9982318  0.9943369  0.99563676 0.9931566  0.66362494 0.99740773
 0.9966808  0.98982495 0.9736347  0.93527275 0.9454388  0.9992592
 0.986715   0.995239   0.9724821  0.9971517  0.9975854  0.99927205
 0.9665746  0.9919801  0.99574286 0.9976603  0.99629396 0.996867
 0.9970348  0.99912006 0.99735343 0.9923919  0.9993222  0.9946883 ]
[0.9991136  0.9973149  0.99716944 0.9984875  0.9951491  0.99824667
 0.99603915 0.9929866  0.9972579  0.99236864 0.9913607  0.98882025
 0.99735934 0.5472138  0.99670535 0.9900023  0.9935673  0.99873525
 0.9974853  0.9906723  0.9969182  0.99396247 0.9992719  0.9127227
 0.9941543  0.9800718  0.9904688  0.99681467 0.99927944 0.9811724
 0.99877125 0.98819983 0.9986958  0.9971233  0.9978898  0.99891865
 0.9964904  0.98875004 0.9934958  0.99603915]
[0.99940026 0.9973961  0.9979519  0.99863416 0.99712783 0.9978084
 0.99646676 0.9954358  0.9974062  0.992034   0.99299437 0.9898393
 0.99848586 0.55395246 0.99374616 0.98930234 0.9982679  0.99648786
 0.98782223 0.9959714  0.994892   0.99925786 0.9982413  0.99414
 0.9907975  0.996633   0.999366   0.9721848  0.99612385 0.99530125
 0.99841166 0.99910104 0.9972811  0.9971533  0.99892503 0.99694425
 0.9907002  0.9930385  0.9966151 ]
[0.9986539  0.9975701  0.9981596  0.9985933  0.99622345 0.9982773
 0.9968568  0.99313813 0.9971185  0.9930737  0.99231964 0.9890243
 0.9980369  0.9945404  0.99547607 0.9890381  0.99859685 0.9969709
 0.9898191  0.9951321  0.9944764  0.9994968  0.831728   0.99335337
 0.97225136 0.9966428  0.99878603 0.97515184 0.99197793 0.9965558
 0.9987809  0.99776363 0.9975616  0.9977568  0.99918526 0.99752146
 0.98535943 0.99888474 0.9963613 ]
[0.99859196 0.99720085 0.9982272  0.9983286  0.9978605  0.99791664
 0.9974964  0.9942942  0.9973902  0.9925053  0.9922025  0.9904987
 0.99841774 0.69017434 0.9945005  0.9901023  0.89934844 0.99821955
 0.9969375  0.9927994  0.96458143 0.97374356 0.99905807 0.9992446
 0.9897943  0.9905357  0.9479649  0.5880719  0.9957533  0.9992913
 0.9898525  0.99696153 0.9938387  0.9981887  0.9963767  0.9979353
 0.99650866 0.99916923 0.9969506  0.97872216 0.99553066 0.9969158 ]
[0.9988293  0.99827397 0.99831045 0.99811685 0.99704677 0.99778014
 0.9972995  0.98926777 0.99779797 0.99111474 0.9911556  0.9928637
 0.9984819  0.9975448  0.99360985 0.98897237 0.9981311  0.9969586
 0.98904014 0.93921226 0.999385   0.99924636 0.99478996 0.994958
 0.99198395 0.9943394  0.99740124 0.9993419  0.9805104  0.994869
 0.99128306 0.9976324  0.9977742  0.9984421  0.9987575  0.9952525
 0.9871044  0.99606556 0.9968677 ]
[0.9985448  0.99696773 0.99749583 0.99791294 0.9964175  0.9984592
 0.99716216 0.99250185 0.99539846 0.9932794  0.99327093 0.9881563
 0.99882215 0.99903274 0.9959847  0.98558724 0.59657276 0.9983011
 0.99613684 0.9945497  0.98167694 0.83015186 0.99679995 0.99942136
 0.993194   0.9904643  0.830946   0.9826484  0.9962986  0.9991726
 0.9775434  0.99565095 0.99760205 0.99520195 0.99814034 0.9980627
 0.9989697  0.99720603 0.9914761  0.99735355 0.9958984 ]
[0.9987043  0.99685585 0.9978187  0.9990583  0.99694    0.9984118
 0.9965432  0.99580836 0.99714655 0.9942668  0.99202687 0.9896431
 0.99741095 0.9948885  0.9955024  0.9928122  0.5396871  0.9984078
 0.9976782  0.99539834 0.9802019  0.99687165 0.999092   0.999374
 0.99455523 0.99534035 0.9654988  0.9963827  0.99764496 0.9989801
 0.9835277  0.9226923  0.9598335  0.9986292  0.9954574  0.9983481
 0.9972343  0.99877673 0.99400556 0.99324197 0.9945268  0.9954098 ]
[0.9991786  0.99799454 0.99844533 0.9991008  0.99598384 0.99847883
 0.9961916  0.9938747  0.9971397  0.98891723 0.9911901  0.988118
 0.997934   0.99758434 0.9940949  0.99502915 0.77560097 0.9985353
 0.9978114  0.9917572  0.97712225 0.95501137 0.9948396  0.9993636
 0.98797    0.99534225 0.9709298  0.9958332  0.9976312  0.9993363
 0.9849401  0.9988696  0.99461704 0.9979672  0.68193203 0.99794847
 0.99827147 0.9989405  0.99531    0.992657   0.9950464  0.9965125 ]
[0.9994313  0.99562436 0.998618   0.9983182  0.99470717 0.99789846
 0.99763036 0.99312675 0.9978542  0.99084115 0.9932166  0.989205
 0.9981918  0.9545658  0.99589854 0.9901502  0.63072175 0.99768865
 0.9974784  0.9937989  0.98449993 0.9976246  0.9300179  0.9994199
 0.9862264  0.99452186 0.97391766 0.99401337 0.9963826  0.9990375
 0.97419816 0.99510705 0.99591345 0.99872285 0.9959884  0.99809414
 0.9986778  0.99885726 0.9947189  0.9910982  0.99933165 0.99544156]
[0.9988433  0.99563736 0.99772626 0.9987929  0.9947529  0.998357
 0.9977781  0.9874867  0.9972139  0.99172133 0.9890049  0.98051053
 0.9985268  0.99565613 0.9917657  0.9829883  0.9985623  0.99745375
 0.9796622  0.5238244  0.99153006 0.9963258  0.9991448  0.9944635
 0.99517965 0.9950511  0.9978592  0.9989575  0.98691493 0.9903846
 0.99913895 0.9977137  0.9929132  0.9959926  0.9956584  0.9992975
 0.9948303  0.9879148  0.99662304 0.9937412 ]
[0.99895525 0.9976954  0.99863523 0.9980369  0.99513984 0.9984163
 0.99741733 0.99576354 0.99609405 0.9911548  0.9937402  0.9864216
 0.9972378  0.97146523 0.9949051  0.98636186 0.86762303 0.9984263
 0.9957241  0.9921326  0.992467   0.9864894  0.7799532  0.99929464
 0.9928717  0.989384   0.972594   0.9515122  0.9971259  0.99913627
 0.9866209  0.99451447 0.9921942  0.99800366 0.9976376  0.99763286
 0.99689144 0.9992957  0.9929455  0.9816766  0.9988574  0.99655676]
[0.99868625 0.9969854  0.99764013 0.9990625  0.99730057 0.99785054
 0.99649894 0.9951525  0.99608266 0.98983127 0.9916973  0.990732
 0.9977387  0.997449   0.99544466 0.9914051  0.9973762  0.995719
 0.9919802  0.9808251  0.9597545  0.99430734 0.9993237  0.9923799
 0.9921163  0.9696261  0.993054   0.9979291  0.99921656 0.9733401
 0.99893993 0.99532557 0.9980562  0.93998915 0.9974542  0.99808997
 0.99905246 0.9949196  0.9924125  0.9940612  0.996046  ]
[0.9989907  0.9978859  0.9976827  0.99902725 0.9968341  0.9972037
 0.99692106 0.9915005  0.9969227  0.9922127  0.98756206 0.99122846
 0.9985789  0.9945766  0.9963477  0.98854256 0.92245334 0.9984061
 0.9975042  0.98788285 0.99644345 0.9954972  0.9993345  0.99386203
 0.98996234 0.99349535 0.99631613 0.9989592  0.9749073  0.9991085
 0.9962249  0.9983998  0.86866415 0.9981013  0.99714416 0.9989064
 0.9956524  0.9916857  0.99283034 0.996338  ]
[0.99890494 0.9966363  0.99702954 0.9987134  0.99672085 0.997127
 0.99558806 0.99378806 0.9977956  0.99174654 0.98837423 0.9864623
 0.9984285  0.98692375 0.99207556 0.99839276 0.9969881  0.99051464
 0.9979923  0.9926311  0.999443   0.9968516  0.99395424 0.98970336
 0.99716574 0.99892056 0.9860125  0.9918401  0.99559766 0.99794227
 0.99489343 0.9973574  0.9969867  0.9990332  0.99715924 0.9814663
 0.9987203  0.9956214 ]
[0.9989837  0.99719006 0.9982816  0.9983215  0.9971204  0.997218
 0.9970022  0.99368274 0.99578285 0.99325424 0.98813534 0.9889819
 0.9984688  0.60635823 0.9946668  0.9909293  0.9981811  0.99617434
 0.99349207 0.983116   0.9979286  0.9960886  0.9994442  0.9921365
 0.9910676  0.83587456 0.9962788  0.99914896 0.9811303  0.9965731
 0.9992355  0.9977983  0.99325484 0.997988   0.99795085 0.99899155
 0.9959778  0.98616123 0.99412787 0.9963452 ]
[0.9993413  0.9962627  0.99797434 0.99841225 0.9948966  0.99746394
 0.99673235 0.9899838  0.99733955 0.9933931  0.9909759  0.9912202
 0.99828833 0.99781066 0.99663514 0.99170387 0.58770275 0.9985983
 0.9956844  0.99132466 0.9855623  0.9404072  0.9950541  0.9992478
 0.99399143 0.99172056 0.96598077 0.9929015  0.996838   0.9992568
 0.96845645 0.9991961  0.99287534 0.9980774  0.96154916 0.9975783
 0.9974498  0.9991886  0.99248403 0.99211603 0.99525046 0.9961391 ]
[0.99861395 0.9966286  0.99797314 0.99892116 0.99746454 0.99725324
 0.9962205  0.9938974  0.996911   0.9890876  0.9916164  0.9880078
 0.99788207 0.9963475  0.9926206  0.99297005 0.5462161  0.99846566
 0.9964483  0.99173826 0.98516476 0.92748904 0.9945892  0.99929833
 0.996095   0.99517643 0.97956467 0.99395096 0.9958001  0.9990645
 0.9754263  0.99862707 0.9944805  0.998538   0.8201754  0.99672323
 0.99769324 0.9988733  0.99596196 0.9943922  0.9971246  0.99650663]
[0.99896514 0.99718493 0.9982521  0.9989876  0.9946668  0.997589
 0.99553204 0.99371535 0.99793315 0.99296063 0.9923355  0.99043196
 0.9975681  0.9906895  0.9931734  0.9896768  0.998102   0.9951492
 0.99164283 0.994997   0.99003875 0.99948716 0.9478999  0.9939335
 0.9923161  0.9967084  0.99850154 0.980735   0.99918467 0.99717593
 0.99836427 0.9969676  0.9971228  0.99814    0.9992694  0.99607855
 0.98490477 0.99157226 0.9955551 ]
[0.9989604  0.9978269  0.99803895 0.99832517 0.9974287  0.9980604
 0.997361   0.99340516 0.99636215 0.9934017  0.9923287  0.9886946
 0.9982526  0.99467564 0.9897007  0.8576223  0.9978892  0.99713695
 0.99199486 0.9840189  0.99751914 0.99922645 0.99955004 0.993961
 0.9884835  0.97020763 0.9972748  0.9992893  0.9741721  0.9413851
 0.987512   0.9979734  0.99737024 0.9980414  0.9982072  0.99845314
 0.99690396 0.97056526 0.9966248  0.9956986 ]
[0.99933016 0.99772984 0.99815506 0.9984073  0.99641067 0.9971403
 0.99648607 0.99303305 0.9976459  0.9908364  0.99192154 0.98992646
 0.9978904  0.9922462  0.99435633 0.9375183  0.99838054 0.9970772
 0.99319047 0.97743523 0.9948678  0.99568546 0.9995365  0.9993286
 0.9957664  0.9778299  0.9642584  0.9975949  0.9992142  0.97439617
 0.9978725  0.990464   0.99800867 0.91938937 0.99737906 0.99707663
 0.9989537  0.99595624 0.9766998  0.9960801  0.9960163 ]
[0.9992054  0.9971853  0.99867165 0.9987295  0.9969399  0.9979873
 0.99643457 0.98883575 0.9976078  0.98845506 0.99048257 0.99223584
 0.99827886 0.9935753  0.9956923  0.99084795 0.9985587  0.9963785
 0.9881897  0.995742   0.66918164 0.8781799  0.99924904 0.99233305
 0.9898559  0.9813929  0.9964019  0.9974481  0.99871504 0.98509014
 0.9992236  0.9925053  0.9973495  0.993248   0.9967705  0.996609
 0.99878544 0.994827   0.98866886 0.9968592  0.99542195]
[0.99910647 0.99604    0.9980227  0.9988626  0.9969825  0.9978199
 0.99621886 0.9883471  0.9964036  0.99302614 0.9857626  0.9916385
 0.9986332  0.993909   0.99366355 0.9886518  0.5856351  0.99826616
 0.997439   0.98922884 0.9978376  0.90987176 0.9993894  0.9810837
 0.9926992  0.995165   0.99610716 0.9992367  0.97701263 0.99323034
 0.9968713  0.99858475 0.9950995  0.99641955 0.9966253  0.9991978
 0.994451   0.99185354 0.99857795 0.9962547 ]
[0.9992987  0.9974208  0.9984316  0.99815553 0.9961695  0.998055
 0.9959447  0.9930779  0.997136   0.9892291  0.99330306 0.9877281
 0.99837637 0.9970783  0.9951951  0.9913776  0.562239   0.99752253
 0.997271   0.994724   0.9778382  0.9649172  0.9960179  0.9993765
 0.9928468  0.99380857 0.9721787  0.9859723  0.99672985 0.9991912
 0.9798257  0.99891496 0.99284935 0.9987104  0.99813324 0.9983694
 0.9989705  0.9971998  0.9898587  0.9954744  0.9954466 ]
[0.9992785  0.99696285 0.9978776  0.9989862  0.9955295  0.9968995
 0.99747133 0.99502385 0.99724483 0.99190265 0.9943124  0.9932603
 0.9980392  0.99606353 0.9922002  0.8652562  0.99873    0.99652255
 0.9884697  0.97807854 0.96856344 0.99312395 0.9992792  0.93992555
 0.9911069  0.9761161  0.9965623  0.99650085 0.9990387  0.9854198
 0.99448353 0.9918389  0.998618   0.99913067 0.99797624 0.9968837
 0.9989147  0.9956792  0.97314286 0.9895752  0.99587077]
[0.9991897  0.99779105 0.99828833 0.99866116 0.9976604  0.9975388
 0.9960188  0.9957274  0.9977951  0.993525   0.9943077  0.98823977
 0.99761546 0.9963425  0.99224514 0.9923873  0.7422335  0.9983859
 0.9973532  0.9923902  0.9759724  0.96938276 0.9990741  0.99939036
 0.98969346 0.994005   0.96907413 0.99673826 0.997373   0.9992235
 0.9788068  0.9931466  0.9947238  0.9980959  0.99482936 0.99776864
 0.99746346 0.9990336  0.996161   0.9900265  0.68580294 0.99558026]
[0.9992824  0.9967263  0.9970552  0.9987249  0.9963289  0.9983724
 0.9967438  0.9886324  0.9962716  0.99169195 0.9912243  0.98819375
 0.9983334  0.99674773 0.99685353 0.98849666 0.99746406 0.99765295
 0.992851   0.97954595 0.7892901  0.99400973 0.9993187  0.995017
 0.9925499  0.59788424 0.99407345 0.9971993  0.9992719  0.97291946
 0.89382374 0.9966079  0.9985454  0.99233043 0.9977841  0.99815816
 0.99940455 0.99381423 0.9844273  0.9986362  0.9963098 ]
[0.9985886  0.99623954 0.9982571  0.9982333  0.9964457  0.9975286
 0.99631965 0.9945327  0.99730706 0.99001676 0.9901753  0.9842971
 0.99820876 0.9952289  0.9944331  0.99368954 0.9982526  0.99673754
 0.9929208  0.71013504 0.9974982  0.9992537  0.9953987  0.9944766
 0.9900327  0.98666537 0.9973149  0.99904734 0.98473674 0.99920315
 0.9612139  0.9979983  0.9973756  0.9970592  0.99814177 0.99920136
 0.9951756  0.9904986  0.9947443  0.99582666]
[0.999206   0.99663347 0.9976567  0.9986351  0.9954615  0.99816436
 0.9957761  0.9928786  0.99618787 0.9939634  0.990763   0.98537976
 0.9976057  0.99408334 0.99217117 0.9923258  0.7070806  0.99889636
 0.9966138  0.9903329  0.9978083  0.9944248  0.9995509  0.9941155
 0.9950192  0.93524826 0.99578613 0.9963834  0.99905735 0.958388
 0.991655   0.99913234 0.998596   0.98659295 0.9980447  0.99813205
 0.9992052  0.99718046 0.98739934 0.99557436]
[0.99847287 0.99743634 0.9976611  0.9988424  0.9975273  0.99862945
 0.9968162  0.9912599  0.99775285 0.98915243 0.9926801  0.9920569
 0.99871075 0.98376703 0.9921962  0.98823696 0.9982817  0.99687886
 0.991991   0.99669915 0.9983028  0.99931455 0.99036574 0.87462974
 0.9952809  0.996879   0.9990637  0.9589873  0.99192214 0.9920379
 0.9982179  0.99534506 0.9972395  0.99773693 0.9989115  0.9932492
 0.9832304  0.99492717 0.99633265]
[0.9991339  0.99799347 0.9986583  0.9989172  0.99652976 0.9979886
 0.9975789  0.9939138  0.9966376  0.99154437 0.9915366  0.9885097
 0.99813974 0.9934366  0.995743   0.9894733  0.68880403 0.99740404
 0.9963236  0.99378324 0.982935   0.9603159  0.9984848  0.9991072
 0.98289454 0.9932294  0.9812242  0.99695957 0.997858   0.99887913
 0.9828944  0.9897113  0.9962159  0.9985551  0.9534819  0.99832827
 0.9977325  0.9991899  0.9969708  0.9888642  0.9990994  0.9948685 ]
[0.9990601  0.9963491  0.99790907 0.9979664  0.997439   0.99780077
 0.9976769  0.99408865 0.9975805  0.9911628  0.9902721  0.98798907
 0.9983601  0.9974955  0.9941327  0.9925235  0.595199   0.9982926
 0.9968695  0.99371296 0.9871934  0.8207498  0.99663675 0.9991591
 0.9914869  0.9952064  0.81787014 0.6778122  0.9963833  0.99897206
 0.9808045  0.9738964  0.99696785 0.99865746 0.9970004  0.9978496
 0.9974255  0.9985942  0.9954478  0.99013245 0.99895287 0.99559635]
[0.9986259  0.9969939  0.99787724 0.9979892  0.9967224  0.9979
 0.995626   0.99359196 0.9972051  0.99278283 0.9902113  0.9914376
 0.9983436  0.99621093 0.9967535  0.9920848  0.75498486 0.9982146
 0.9970029  0.9918908  0.9761574  0.93280655 0.98537284 0.9995431
 0.9870315  0.9884421  0.971311   0.9976705  0.9967524  0.9990326
 0.9803728  0.9961138  0.992527   0.9984035  0.99897635 0.9971527
 0.9970902  0.9985726  0.9973048  0.98812056 0.951032   0.9967982 ]
[0.9989697  0.9981772  0.99850625 0.99862146 0.99610656 0.99848855
 0.99784136 0.9908862  0.9966366  0.99126434 0.9908029  0.9939699
 0.99843115 0.99691796 0.9934837  0.9906098  0.84585553 0.9980908
 0.9973992  0.9936335  0.9809306  0.9575195  0.9881159  0.9993753
 0.9899288  0.992078   0.965538   0.9954135  0.9973616  0.99899584
 0.98067445 0.99933356 0.994622   0.9986274  0.902512   0.9973418
 0.99722725 0.9991862  0.99530125 0.98970956 0.9946302  0.9949293 ]
[0.9989598  0.9969471  0.9976745  0.9985312  0.99654776 0.998168
 0.9954052  0.9914961  0.9966959  0.9897147  0.9929872  0.9915143
 0.9983714  0.9445749  0.9959453  0.9920506  0.75463617 0.9977678
 0.9967411  0.9925903  0.9842015  0.89176255 0.99635905 0.9990687
 0.99458116 0.990212   0.9653728  0.9819786  0.99760157 0.9991167
 0.9850299  0.99896944 0.9943719  0.99786985 0.99808323 0.99833304
 0.99796945 0.9986708  0.99563354 0.9932341  0.99538356 0.9966614 ]
[0.99923766 0.9971802  0.9973865  0.9982998  0.99557436 0.99788684
 0.9977894  0.9913118  0.9978288  0.9894939  0.9897343  0.98846215
 0.99822074 0.9963714  0.9956126  0.9946983  0.6111221  0.99781966
 0.99754167 0.9939873  0.98474205 0.9961836  0.9970035  0.9992204
 0.9919775  0.99238175 0.96835494 0.9881058  0.9968257  0.9993236
 0.9702168  0.999084   0.92958266 0.99870086 0.8213388  0.9970778
 0.99651295 0.999257   0.9969614  0.9920953  0.99199283 0.99665713]
[0.9989825  0.99766845 0.9979723  0.9979938  0.99535865 0.99849105
 0.9975787  0.99382293 0.9963917  0.9901273  0.99414    0.98885566
 0.99821484 0.59322214 0.99644417 0.98575586 0.9984553  0.9957151
 0.99341065 0.98936623 0.9975656  0.9962341  0.99927264 0.99296945
 0.99074835 0.99699533 0.9993406  0.9740684  0.9927515  0.99907553
 0.99861825 0.99570364 0.9980568  0.99789536 0.999231   0.9923455
 0.98208076 0.9951401  0.9961367 ]
[0.9993389  0.99759334 0.9985902  0.9985051  0.99568224 0.9977069
 0.9971405  0.9914539  0.99655354 0.989071   0.99112356 0.99029
 0.9981166  0.9874362  0.9935133  0.9928461  0.8921269  0.99738365
 0.9975567  0.99378324 0.9795151  0.9961992  0.99901676 0.9993507
 0.9508768  0.99526453 0.9724582  0.9965829  0.99653316 0.99905175
 0.98170704 0.9919551  0.99852884 0.78619605 0.99754936 0.99626166
 0.99868685 0.9970861  0.973585   0.99539596 0.9956508 ]
[0.99920315 0.9969367  0.99775404 0.99873286 0.9951983  0.9974547
 0.9950642  0.9948096  0.9968436  0.9921476  0.99167013 0.9838694
 0.99796164 0.99777824 0.9966282  0.9889894  0.73992    0.99777967
 0.9974694  0.9938074  0.9776015  0.95559156 0.9445146  0.9993793
 0.97334236 0.9909984  0.9686254  0.99678975 0.99558926 0.99907887
 0.9729154  0.99449277 0.99532485 0.9987055  0.983836   0.99808973
 0.99659616 0.9986607  0.9973442  0.98607683 0.9993749  0.9953478 ]
[0.99921453 0.9969433  0.9977252  0.99836487 0.99708813 0.998054
 0.99588144 0.99612767 0.9976554  0.99466103 0.99280906 0.9835202
 0.9980293  0.99116313 0.99186134 0.9878698  0.99793124 0.9970385
 0.9912935  0.9968605  0.5188136  0.9955695  0.9991861  0.9950192
 0.9898689  0.9137551  0.99628216 0.99911505 0.9894644  0.9992766
 0.9908504  0.99867415 0.9940842  0.997006   0.9976562  0.9991466
 0.99699044 0.9824327  0.99441874 0.9948337 ]
[0.9990408  0.9972299  0.99774086 0.99850416 0.9975401  0.9982529
 0.99594206 0.99425644 0.9981505  0.989032   0.99090695 0.9913663
 0.99779344 0.99729604 0.99646205 0.99387425 0.68471074 0.9985734
 0.9971969  0.9911204  0.9806174  0.95694864 0.9271075  0.99949706
 0.99478686 0.99080116 0.96738195 0.99571157 0.99749833 0.99931896
 0.97510594 0.99390054 0.99061173 0.9984107  0.9913504  0.99837446
 0.99689376 0.9992675  0.99432594 0.9930211  0.99850684 0.9955329 ]
[0.9991478  0.9959424  0.99817014 0.9983027  0.99722457 0.9982495
 0.99743795 0.99376947 0.9964819  0.99024713 0.9915748  0.9830027
 0.998448   0.99658525 0.9958567  0.9914362  0.51139987 0.99765414
 0.9960829  0.9920735  0.97756004 0.5918485  0.99933076 0.99940777
 0.99380785 0.9895751  0.9090315  0.9966067  0.99921465 0.99110186
 0.99426913 0.9856582  0.9976381  0.99518955 0.9969553  0.9971607
 0.99862766 0.9917868  0.981277   0.99713093 0.99506015]
[0.9989454  0.99755234 0.997584   0.9989858  0.9966575  0.9979715
 0.99769455 0.98847663 0.99623847 0.9913674  0.99305457 0.9885097
 0.99835557 0.5680911  0.9928174  0.9927106  0.68410224 0.9986345
 0.9971523  0.99220055 0.98362684 0.76486194 0.99570113 0.99945897
 0.9931271  0.9916722  0.9972753  0.99803287 0.9992112  0.9660156
 0.98970526 0.9959836  0.99819165 0.997681   0.9969302  0.99695325
 0.9992669  0.9972875  0.9885642  0.99914813 0.9962345 ]
