Mprobs for dataset art (25)

[0.99828595 0.99569064 0.9920752  0.9907522  0.9949733  0.996956
 0.99780184 0.99756455 0.9977463  0.98150796 0.9641814  0.99915767
 0.99612916 0.99623007 0.9965994  0.960957   0.9747431  0.9990011
 0.9984182  0.9906391  0.9968706  0.99362916 0.99135756 0.99110425
 0.9873374  0.9969162  0.98756546 0.99356115 0.9989604  0.80967873
 0.99569327 0.99637645]
[0.9989631  0.9953625  0.9949639  0.989897   0.99316895 0.9963456
 0.99646854 0.99673283 0.99734026 0.9817085  0.99773204 0.9474733
 0.98669934 0.9970554  0.9964418  0.99902356 0.99678373 0.98065865
 0.9962604  0.9981262  0.9824004  0.9723031  0.9842868  0.993792
 0.971132   0.992657   0.99234736 0.9977289  0.9818125  0.97889906
 0.981992   0.9969259  0.9953908 ]
[0.99924326 0.9946248  0.9972282  0.99766856 0.99310416 0.9971347
 0.99737096 0.9980952  0.9978041  0.9836314  0.9679624  0.8826565
 0.99600536 0.99295676 0.9312285  0.99002576 0.99697745 0.99694073
 0.8949414  0.99816054 0.8072792  0.98988426 0.99853253 0.9927529
 0.978624   0.99852186 0.99834025 0.987299   0.9923834  0.99684095
 0.998209   0.9927481  0.997575   0.9923268 ]
[0.9988655  0.9959073  0.9945582  0.9485167  0.99652654 0.9976642
 0.9971981  0.99617445 0.9978532  0.9908326  0.93902314 0.99069244
 0.9964803  0.9964461  0.97165066 0.99731606 0.9970222  0.85537344
 0.99103796 0.9962119  0.99907863 0.9983662  0.991983   0.9984622
 0.99522    0.9935028  0.9809826  0.99625164 0.98862505 0.99274313
 0.9985253  0.9580743  0.9987317  0.99705577]
[0.99874    0.9946563  0.9965437  0.9714821  0.99378866 0.99697804
 0.9972704  0.9975133  0.9976927  0.98319983 0.9972051  0.96698916
 0.987224   0.99741805 0.99918646 0.99576724 0.9951885  0.99851614
 0.99934965 0.9871552  0.9919132  0.9931931  0.9900163  0.99656624
 0.99517435 0.98526067 0.9970902  0.9985934  0.97569793 0.89779013
 0.99419457]
[0.99916935 0.99472934 0.9960396  0.9846234  0.99493647 0.9981054
 0.99756575 0.99705976 0.9980573  0.9827503  0.95600563 0.99436104
 0.99746144 0.99721104 0.9983588  0.96991515 0.9834975  0.99625635
 0.99824214 0.9925936  0.9513083  0.98536956 0.99122393 0.98896897
 0.9977859  0.9961205  0.9749408  0.9958038  0.99853337 0.7206182
 0.99823296 0.99655294]
[0.9990006  0.9933436  0.9967289  0.99764735 0.99346256 0.99831843
 0.9981881  0.9962649  0.99723107 0.98416245 0.9622997  0.9867006
 0.9938964  0.9924148  0.99570554 0.99600273 0.9923867  0.95211357
 0.9984269  0.9898233  0.99009085 0.9933762  0.9959974  0.9865458
 0.9988716  0.99762374 0.9977779  0.983957   0.99486023 0.99851424
 0.9927443  0.9945294 ]
[0.9991242  0.99410653 0.99512225 0.98355955 0.9983175  0.99758315
 0.99682355 0.9973922  0.9963805  0.98707724 0.941624   0.97448593
 0.9964644  0.9912464  0.9967488  0.8878979  0.9987747  0.99390817
 0.9569003  0.9969651  0.99548304 0.9989489  0.9729989  0.9962411
 0.7401006  0.9976301  0.9835262  0.9875723  0.9982116  0.99809104
 0.66126907 0.99831164 0.9937529 ]
[0.99902904 0.99414754 0.9978205  0.99819714 0.99757224 0.9972934
 0.9971181  0.9980861  0.99776447 0.99119747 0.994162   0.9559348
 0.72634876 0.99868315 0.99103713 0.992473   0.9854122  0.9939521
 0.99323285 0.9983479  0.9983569  0.9814933  0.9902103  0.99470747
 0.986604   0.99870265 0.6836186  0.9965599  0.9925358  0.98219967
 0.9963701  0.99424124 0.99731976 0.9613311  0.9959645 ]
[0.9986506  0.99207497 0.9963026  0.99705327 0.99295914 0.99771214
 0.99774444 0.9966493  0.99762696 0.98228204 0.9865455  0.96577495
 0.97909844 0.9985703  0.99577564 0.9969537  0.99303657 0.9956547
 0.9965216  0.9966552  0.9954301  0.9848877  0.99129736 0.998874
 0.9939307  0.9953307  0.9932116  0.9975937  0.9957023  0.9917167
 0.97702515 0.9915113  0.98612845 0.9886768  0.98151565 0.99502134]
[0.9990534  0.9948731  0.9893708  0.99722916 0.9977234  0.9979996
 0.995516   0.99702567 0.98577327 0.9767801  0.9019869  0.9839405
 0.99712735 0.99752885 0.99828964 0.99501026 0.95568115 0.99868983
 0.977763   0.98860395 0.9988642  0.9962475  0.9560371  0.9947659
 0.99566215 0.9964908  0.99344146 0.9990681  0.96488047 0.99728477
 0.9957    ]
[0.9987154  0.99802315 0.9968689  0.9775475  0.9941514  0.9977592
 0.9970788  0.9966461  0.996075   0.9923517  0.95818394 0.9892083
 0.9260845  0.9936925  0.928129   0.99788433 0.9955876  0.99161583
 0.9990693  0.9993839  0.9965144  0.9917589  0.99742043 0.9930039
 0.9924075  0.96874434 0.9982632  0.996579   0.9798463  0.97532076
 0.9978508  0.98562694 0.9925013  0.9969381 ]
[0.99872214 0.9931793  0.99744356 0.9934208  0.9959805  0.99762875
 0.99732226 0.9976209  0.9978173  0.98530513 0.9171444  0.97481936
 0.99256635 0.99517584 0.99529487 0.9927919  0.98420435 0.9940373
 0.99803203 0.98942685 0.9989968  0.99821174 0.98689085 0.99340194
 0.9937785  0.99815947 0.99009997 0.9977323  0.9819589  0.99583495
 0.9981432  0.9398574  0.9980684  0.99444747]
[0.9991979  0.9967339  0.967501   0.883553   0.98487943 0.99754864
 0.99710256 0.99688184 0.9981844  0.98858994 0.9341194  0.9705958
 0.99825746 0.9956632  0.97019494 0.99617577 0.9860218  0.9988122
 0.98457205 0.9991842  0.99135065 0.99675506 0.9923735  0.9917543
 0.9947038  0.50471854 0.99730563 0.98140943 0.954825   0.99851865
 0.9718227  0.9978624  0.9975787  0.99801517]
[0.99848914 0.99778795 0.9958817  0.98842525 0.99434716 0.9926509
 0.9981425  0.9976574  0.9973871  0.99038106 0.9506375  0.9693112
 0.9773989  0.99735105 0.99325585 0.99815243 0.9872957  0.8844984
 0.797944   0.9939619  0.9992951  0.9983536  0.9878577  0.9896763
 0.99895334 0.9932439  0.998116   0.9916449  0.9967435  0.9971935
 0.98494154 0.99563617 0.9689442  0.994958   0.99771774]
[0.99857855 0.995834   0.99751955 0.9952253  0.9948862  0.9981413
 0.9968143  0.9955577  0.9967874  0.9879352  0.9987237  0.9715854
 0.95121485 0.9960367  0.8925972  0.99581003 0.997456   0.9989335
 0.98650336 0.9607916  0.9989171  0.98932743 0.9936853  0.89192235
 0.99434507 0.8911461  0.9787144  0.99737585 0.9886335  0.9898127
 0.99573106 0.9969913  0.9967899  0.9546272  0.99453956 0.9939942 ]
[0.99864405 0.9938735  0.99293786 0.98529017 0.9963594  0.9978982
 0.99787533 0.99823016 0.9969048  0.9880662  0.9963309  0.9557816
 0.96066165 0.9984162  0.9947025  0.9988776  0.7374051  0.9912856
 0.9953257  0.9979219  0.98402417 0.99812216 0.98976225 0.99845695
 0.8643166  0.9920225  0.99103785 0.997253   0.9863521  0.9921497
 0.98686266 0.9945363 ]
[0.9990607  0.99468577 0.9954529  0.9935895  0.99266785 0.9970585
 0.99747986 0.99630874 0.99789715 0.9789372  0.9659611  0.9894577
 0.99450004 0.9893149  0.9875843  0.99679714 0.98769426 0.99836296
 0.99602604 0.9981957  0.982369   0.9924206  0.99873453 0.99801105
 0.99242026 0.906052   0.99142635 0.9973924  0.99707806 0.98799896
 0.99553525 0.9894984  0.9923773  0.9932995 ]
[0.99880934 0.99569595 0.99103385 0.971791   0.9980416  0.99819046
 0.99803597 0.99687696 0.9962322  0.97378564 0.99715924 0.9300615
 0.93623775 0.9979533  0.99240464 0.9990107  0.9835458  0.9868197
 0.9360193  0.9945433  0.9984674  0.99842876 0.99184    0.9887601
 0.9950944  0.98413044 0.7618436  0.9964144  0.98355776 0.9934122
 0.9984693  0.9821853  0.99140114]
[0.99925905 0.9967057  0.99355245 0.99743336 0.98466414 0.99774086
 0.99527884 0.99659204 0.9924584  0.996265   0.9859611  0.99052995
 0.9971541  0.99147284 0.9871114  0.99497366 0.9950759  0.9970509
 0.99333847 0.87952584 0.9961104  0.99928075 0.99810684 0.9867575
 0.92873806 0.9958145  0.99638015 0.99589753 0.98338574 0.99692
 0.9733234  0.98931575 0.9902469  0.9928691  0.98914415 0.9988225
 0.9943281  0.9955896 ]
[0.99906605 0.99440044 0.99788266 0.9975321  0.9958103  0.99722147
 0.99804664 0.9977697  0.99586415 0.98367935 0.99771726 0.9665182
 0.9882334  0.99723095 0.9964193  0.9952428  0.9960039  0.9959727
 0.9939766  0.99912924 0.978663   0.9939056  0.9953236  0.9981041
 0.9990798  0.9976146  0.9808179  0.9936128  0.99907446 0.99315953
 0.98766834 0.9944154 ]
[0.9985096  0.9955258  0.99541676 0.9935807  0.99725384 0.9977443
 0.99781406 0.99800783 0.997326   0.98475534 0.8705658  0.9548691
 0.9941048  0.9704315  0.995795   0.99376076 0.99750084 0.9667722
 0.9884702  0.9991301  0.9958348  0.9937099  0.99521625 0.99741423
 0.9966601  0.80794656 0.9970131  0.9692516  0.99572253 0.9973907
 0.9990392  0.6385907  0.9980653  0.9952305 ]
[0.9990165  0.9952141  0.99671483 0.9940398  0.9929128  0.9976876
 0.9977399  0.9980381  0.99804735 0.97527075 0.9690127  0.98301345
 0.9951971  0.99718446 0.9967601  0.9958385  0.99467385 0.9962167
 0.8368414  0.9879127  0.9733899  0.99265736 0.9930012  0.9893519
 0.9980501  0.9988728  0.9944154  0.98660904 0.9951214  0.99873406
 0.7854767  0.9885344 ]
[0.99914575 0.99781954 0.9978309  0.99274653 0.99089605 0.99709046
 0.9982754  0.99694103 0.99783605 0.9885252  0.9866257  0.98480624
 0.9852588  0.99546874 0.97201896 0.9952821  0.9986111  0.99493545
 0.9990037  0.9979851  0.99743026 0.99116135 0.913048   0.99492395
 0.993561   0.99806184 0.9965449  0.98607475 0.9938222  0.9964888
 0.99900097 0.9865176  0.99702805 0.7040589  0.991682  ]
[0.9991302  0.9964914  0.99180967 0.99804926 0.997142   0.9967843
 0.99627614 0.99769884 0.9842114  0.9509864  0.9818465  0.9773921
 0.99445736 0.984303   0.99657154 0.99430037 0.9990877  0.9968002
 0.99059594 0.99843353 0.9945756  0.99009514 0.9892161  0.9942551
 0.9864108  0.983621   0.9904918  0.9974954  0.9988697  0.9759143
 0.99736565 0.9936195 ]
[0.99919635 0.9956868  0.99713635 0.97767043 0.9931914  0.9972566
 0.9964587  0.99596065 0.9965228  0.9888221  0.9965088  0.9621355
 0.96836233 0.9957996  0.9952553  0.998931   0.99617285 0.9968683
 0.98499197 0.998882   0.99133587 0.9830586  0.9916053  0.99478036
 0.9961092  0.82822204 0.9945966  0.99897575 0.9847837  0.9950853
 0.7400569  0.9946226 ]
[0.9990256  0.99659806 0.9971891  0.98802096 0.99604887 0.9983443
 0.99725753 0.99782205 0.9975485  0.9840957  0.9929969  0.96496457
 0.9525777  0.977285   0.99472964 0.99720216 0.99588686 0.9977301
 0.99453884 0.9669598  0.99269146 0.99912935 0.972828   0.97887164
 0.87769383 0.99372584 0.99244714 0.9991485  0.9961726  0.98010224
 0.9845121  0.9962895  0.9991009  0.9634655  0.9803962  0.99398106
 0.99330586]
[0.999321   0.99762964 0.9970837  0.996416   0.98687416 0.9981236
 0.99818534 0.99718225 0.9962125  0.9942826  0.94885707 0.9898572
 0.99604034 0.99878865 0.99890804 0.995693   0.99597955 0.7020153
 0.9993005  0.9920399  0.9875765  0.9968238  0.99565446 0.9938968
 0.9817685  0.99758184 0.9568052  0.996962   0.98312575 0.9840835
 0.99877745 0.9966196  0.9947019  0.9542786  0.99756205]
[0.99930716 0.9966618  0.9631393  0.99044865 0.9960675  0.9984541
 0.9968375  0.9964259  0.9881015  0.99771357 0.9753397  0.9923889
 0.99773055 0.88794523 0.99071306 0.99718744 0.99796814 0.99536407
 0.9990409  0.9910966  0.9978132  0.9904495  0.9843354  0.98282987
 0.97824794 0.99579936 0.99168664 0.99847263 0.9945175  0.9983286
 0.96580005 0.9913645  0.99482477 0.9937304 ]
[0.9989833  0.9943674  0.99506605 0.99154484 0.99759465 0.9971842
 0.9969253  0.99584264 0.99809843 0.9757248  0.9521288  0.9748809
 0.9954195  0.9917619  0.99577194 0.98748624 0.99345666 0.9968353
 0.99722594 0.9699458  0.9987459  0.98881745 0.99674547 0.9956247
 0.99510694 0.9685657  0.9541756  0.9866918  0.98941797 0.9930356
 0.99880147 0.8622859  0.99516857 0.98945755 0.99550277]
[0.99896526 0.99467117 0.9959751  0.97558844 0.99373144 0.997505
 0.99837685 0.99565315 0.99730057 0.98870075 0.9556118  0.9690067
 0.9954275  0.9891607  0.9988759  0.9959829  0.9688429  0.9983413
 0.99573755 0.9987935  0.99391806 0.99645555 0.9948637  0.9939268
 0.98056066 0.9955941  0.9950885  0.97871006 0.995689   0.9988218
 0.6077874  0.99298084]
[0.99911207 0.994187   0.99803215 0.993737   0.9954738  0.99706525
 0.9978586  0.9964976  0.99660134 0.9686887  0.9759602  0.974194
 0.9947095  0.9981238  0.99281126 0.9971951  0.9883894  0.9933827
 0.9958028  0.9935597  0.9989039  0.9946232  0.9923908  0.99723524
 0.9957034  0.9987876  0.99599385 0.9988066  0.98341894 0.99433076
 0.6698517  0.99193877]
[0.9988759  0.9928387  0.9972395  0.9969548  0.99485165 0.9978192
 0.9978137  0.9968299  0.99798155 0.97928727 0.9700028  0.99028486
 0.97883236 0.9953725  0.9936971  0.99257386 0.9953779  0.99087524
 0.96678656 0.9983411  0.98542297 0.9983644  0.9963031  0.99161303
 0.7075178  0.99369085 0.99184954 0.9975593  0.9984421  0.9936307
 0.99736243 0.9990075  0.99047905 0.99778867 0.98975897]
[0.99880993 0.99341077 0.9956546  0.997741   0.9956863  0.99718213
 0.99853194 0.99648994 0.99676967 0.9869589  0.9790548  0.9367409
 0.9862234  0.9946004  0.99576074 0.9939429  0.9960594  0.9973475
 0.94785845 0.99468577 0.99880314 0.99164623 0.99509937 0.53661156
 0.9945768  0.9794502  0.99301684 0.9991678  0.99622726 0.9872572
 0.9919314  0.9986426  0.9926449  0.9822121  0.9962937 ]
[0.99870026 0.9943697  0.9960939  0.98580253 0.9972173  0.9984238
 0.99740523 0.99688125 0.9974287  0.9845446  0.9605491  0.9597111
 0.99434257 0.9933702  0.99491596 0.99649847 0.97345924 0.99891376
 0.99160707 0.7151649  0.99829346 0.99586177 0.99917287 0.9854499
 0.9977094  0.9809641  0.99820983 0.9989712  0.6370556  0.9978775
 0.9939839  0.99459946]
[0.9992204  0.9957896  0.99292964 0.98777264 0.9977824  0.99830794
 0.9968669  0.9972887  0.9964819  0.981128   0.99302495 0.95537823
 0.963895   0.9949427  0.9969559  0.6586981  0.996561   0.9966515
 0.9950478  0.9988826  0.9851009  0.9836854  0.9942416  0.9990984
 0.9935087  0.9486419  0.9982358  0.9946802  0.98973745 0.9913713
 0.9957675  0.9990466  0.985647   0.9973611  0.99213153 0.99528414]
[0.99933475 0.9979836  0.99637383 0.99223655 0.9824889  0.9977336
 0.9977204  0.99668187 0.9959336  0.98366934 0.98797566 0.98362225
 0.997773   0.9972561  0.99224585 0.9938207  0.9986193  0.9988618
 0.99492514 0.99817646 0.9930549  0.99351233 0.9978574  0.99457824
 0.86875534 0.9978638  0.9978036  0.99367464 0.9972651  0.99423355
 0.9859174  0.8407296  0.99795413 0.9922294 ]
[0.9987239  0.99773824 0.99672794 0.98970735 0.9869516  0.99809045
 0.9977791  0.9977308  0.996351   0.9879749  0.97988725 0.9847948
 0.9875546  0.98506194 0.99767965 0.9983084  0.99415815 0.998295
 0.9969983  0.9829648  0.9983564  0.99706525 0.9876303  0.9941755
 0.9194071  0.99368393 0.99865353 0.9913318  0.99863964 0.99756277
 0.9723911  0.9865051  0.9915109  0.6168648  0.9990004  0.6930722
 0.99114686]
[0.9989128  0.9954861  0.99291646 0.9974941  0.9978782  0.99677914
 0.9966415  0.99742836 0.99118924 0.99579227 0.87901914 0.9965951
 0.90332544 0.99329126 0.9903094  0.99477    0.9985488  0.9881477
 0.98081255 0.95057493 0.99918383 0.99207026 0.9459863  0.99926895
 0.9945517  0.9943164  0.99447674 0.99187684 0.99588615 0.9906342
 0.98150706 0.9661194  0.99836534 0.98454607 0.9940631  0.9895158
 0.9978155 ]
[0.99876046 0.99632865 0.9914001  0.86255103 0.9972627  0.99728703
 0.997449   0.99827075 0.9960759  0.98416626 0.99447244 0.9572059
 0.9805204  0.9983646  0.9987055  0.9922659  0.9954308  0.6922697
 0.99921465 0.98607475 0.99863595 0.9917887  0.99397945 0.94650483
 0.99338984 0.99459803 0.6732229  0.99460137 0.98187435 0.9895633
 0.99883753 0.98462045 0.99574393]
[0.9989619  0.99710876 0.9972953  0.99347854 0.9923401  0.99804074
 0.9974502  0.9963948  0.9969001  0.9867437  0.987748   0.9861311
 0.98834115 0.9965389  0.93636703 0.99773467 0.98772395 0.99422014
 0.99906284 0.99745244 0.99673057 0.9986432  0.9942654  0.99204785
 0.9948921  0.9950572  0.9975942  0.9985215  0.99776685 0.99204576
 0.98710674 0.6086566  0.99838316 0.99140185]
[0.9988512  0.99611986 0.9968305  0.99105525 0.99566686 0.99774075
 0.99685943 0.9983851  0.9982828  0.98688567 0.9468686  0.9668941
 0.9581106  0.9970974  0.9935994  0.99486095 0.97106946 0.99781114
 0.98295224 0.9989017  0.9978935  0.99397063 0.9916146  0.971864
 0.6721577  0.99672467 0.99810565 0.97429764 0.9964804  0.9985488
 0.6510345  0.9976566  0.99478537]
[0.9984584  0.9934284  0.99866796 0.9905624  0.9974323  0.998072
 0.99630237 0.9969061  0.979963   0.9026472  0.9873607  0.99643314
 0.99144113 0.977982   0.9945872  0.9966974  0.99881834 0.99893457
 0.99466777 0.80162376 0.9925855  0.99196285 0.9933435  0.993866
 0.9887395  0.93316257 0.9980106  0.9901661  0.97982615 0.9980379
 0.9956896  0.99743134 0.98936534]
[0.99882895 0.9949368  0.9958406  0.98790026 0.9971892  0.9978186
 0.9980236  0.9980045  0.99821657 0.986369   0.9568201  0.97752404
 0.9960692  0.9919505  0.99655247 0.9916747  0.96869713 0.99855584
 0.9929416  0.9974898  0.9931687  0.9990859  0.9874298  0.9973768
 0.9971782  0.9923477  0.9970642  0.99868137 0.7070957  0.9866105
 0.9945193 ]
[0.99836713 0.9940678  0.99760616 0.9889043  0.99654096 0.9970381
 0.99796814 0.99797803 0.9966792  0.9847303  0.995689   0.9693319
 0.9658098  0.98949933 0.9756807  0.99409664 0.99733233 0.9991499
 0.99880576 0.9893099  0.9991273  0.99215627 0.994628   0.9979603
 0.99768305 0.6307251  0.98530453 0.9945867  0.9991748  0.99139374
 0.99820375 0.9815238  0.99207836]
[0.99872667 0.9946964  0.9958683  0.9794518  0.9955924  0.9965203
 0.9981185  0.9975508  0.9975458  0.9821185  0.9989171  0.9761378
 0.9815653  0.99722147 0.997776   0.99730253 0.9984358  0.9982298
 0.99904555 0.99345076 0.9948036  0.9965025  0.99344915 0.98630244
 0.9989794  0.99723226 0.9640786  0.9909733  0.9973896  0.7743368
 0.99479264]
[0.99832577 0.99551165 0.9959759  0.99025565 0.9955324  0.9980223
 0.99765164 0.99719316 0.9964095  0.98778814 0.9709919  0.69116837
 0.9824594  0.9958165  0.99457777 0.99914026 0.99635834 0.9808584
 0.9931432  0.995178   0.99557847 0.9932573  0.9881451  0.9982931
 0.9927886  0.9961927  0.99621177 0.99452835 0.9416555  0.99058753
 0.9936913  0.99823475 0.9338687  0.99424016]
[0.9987186  0.99645954 0.9938705  0.91309434 0.99744236 0.9960007
 0.9977138  0.99727863 0.9977198  0.9878419  0.99836606 0.9275548
 0.9873526  0.9951525  0.99583036 0.9980782  0.9916421  0.99573475
 0.99473625 0.9988188  0.9976706  0.99028593 0.9922363  0.99816614
 0.99548364 0.97701126 0.9968465  0.9950265  0.9785155  0.9865775
 0.99742424 0.9889748  0.90701663 0.9777476  0.9941982  0.99669564]
[0.99873906 0.99387324 0.997629   0.99741745 0.9936324  0.9965029
 0.9983669  0.99653304 0.9970618  0.98023903 0.9758312  0.96931994
 0.98553526 0.9960134  0.9990489  0.99526274 0.9961753  0.9481324
 0.9946407  0.9989421  0.9951224  0.99361753 0.9922454  0.9983553
 0.99555343 0.99523216 0.9326356  0.9986714  0.99648017 0.98873377
 0.9960343  0.99895227 0.99203086 0.98880357 0.99525994]
[0.9988225  0.99555546 0.99764377 0.99551845 0.99018866 0.995782
 0.99831724 0.99744946 0.9978021  0.98883075 0.982028   0.97722334
 0.98434895 0.9829531  0.9934408  0.9268888  0.9370552  0.9961767
 0.98878294 0.99893945 0.9863172  0.9965605  0.99920744 0.9909695
 0.99769956 0.9924729  0.99511343 0.9903425  0.9740857  0.9977059
 0.9939903  0.97952855 0.9870847  0.96339935 0.9937691  0.9951711 ]
[0.9989779  0.98931736 0.9958431  0.99393797 0.9899367  0.99844605
 0.997419   0.9965121  0.9967584  0.98670375 0.9973846  0.92725307
 0.9846224  0.9972717  0.99343044 0.9829958  0.9964032  0.98477155
 0.9982356  0.9911856  0.99318486 0.99334127 0.99390453 0.9929756
 0.9934134  0.9989213  0.99721307 0.9925166  0.9877494  0.9866077
 0.8981529  0.99916315 0.9933407 ]
[0.99917233 0.9946392  0.99539644 0.81848156 0.9931039  0.99781775
 0.9976623  0.997129   0.99768686 0.98364985 0.90391785 0.97016025
 0.99596906 0.99738294 0.9962692  0.99571913 0.99326247 0.9976712
 0.99867576 0.90345806 0.98597866 0.9844008  0.99286085 0.9930561
 0.9894824  0.9982401  0.995605   0.9501153  0.99581534 0.99888533
 0.8879548  0.9527439  0.9989287  0.9931861 ]
[0.9986759  0.9927382  0.9960278  0.9856683  0.9926059  0.9969618
 0.99804366 0.99749374 0.9979259  0.98272896 0.9538349  0.9986185
 0.99560946 0.996867   0.99369806 0.99486536 0.99578446 0.99825114
 0.9982905  0.9979081  0.9904541  0.987007   0.97009134 0.96171236
 0.9857201  0.9953067  0.96491873 0.9903577  0.9919526  0.991871
 0.901033  ]
[0.99881315 0.99384826 0.99595106 0.9730049  0.99658006 0.99751174
 0.99666303 0.9973749  0.99570954 0.98966694 0.95662814 0.8482398
 0.9859388  0.99366105 0.9770528  0.980943   0.99719197 0.99905246
 0.94770974 0.9976217  0.99450207 0.9919778  0.99297017 0.9989303
 0.9498811  0.9978263  0.99473464 0.5764561  0.990871   0.98104376
 0.99380785 0.99334973 0.9524634  0.99615365 0.9925861 ]
[0.9988374  0.99693453 0.9958548  0.98338044 0.99423665 0.99799734
 0.99821883 0.9970487  0.99728966 0.9847053  0.9475009  0.9625975
 0.99689865 0.99545455 0.9961422  0.99596703 0.9932532  0.99110514
 0.9931519  0.994769   0.99852234 0.9660046  0.99646914 0.98790354
 0.9930871  0.9985083  0.6080787  0.9983699  0.9965256  0.98855317]
[0.99821484 0.9933028  0.995612   0.9961902  0.9944489  0.9972109
 0.99678254 0.9974185  0.9971296  0.98575354 0.9959986  0.9627661
 0.99224406 0.9989286  0.9959551  0.9946897  0.99699163 0.98008174
 0.9927107  0.9987915  0.9920415  0.9975973  0.99483985 0.9935783
 0.981468   0.86806685 0.9959182  0.989036   0.9917135  0.99905235
 0.99126476 0.9967141  0.9935441 ]
[0.9992318  0.9951132  0.9946905  0.9738637  0.99674845 0.99788994
 0.997563   0.9972012  0.9965958  0.9881147  0.995871   0.95988846
 0.9860606  0.99765694 0.99865437 0.9955177  0.99678266 0.9971251
 0.999079   0.9986052  0.9604139  0.9853125  0.9940971  0.95540786
 0.6957636  0.99669814 0.98847395 0.99280715 0.99228233 0.995613
 0.96362984 0.9501618  0.993697  ]
[0.9989555  0.99461466 0.99563485 0.979222   0.9985586  0.99359363
 0.9983576  0.9971244  0.9961022  0.985607   0.997279   0.9856295
 0.68305725 0.9962495  0.9974631  0.9938174  0.9934097  0.9935453
 0.998985   0.9950395  0.9929442  0.9662557  0.9967714  0.98060787
 0.9989993  0.90182185 0.83823246 0.9950382  0.9807396  0.99560505
 0.99853647 0.99872965 0.99582136 0.97170436 0.9918921 ]
[0.9984074  0.9947489  0.99599224 0.98894113 0.99496126 0.9974022
 0.9979966  0.99678063 0.99694926 0.9831441  0.9673091  0.9739654
 0.98187584 0.9991448  0.9916108  0.99620926 0.99046737 0.99518955
 0.99868184 0.99440116 0.9980002  0.99496657 0.99470407 0.99522865
 0.9940347  0.9802522  0.99509794 0.9989662  0.8869711  0.99845314
 0.9946255  0.99270916]
[0.99879825 0.9950558  0.9963767  0.9865718  0.99396825 0.9974356
 0.9977836  0.99801326 0.99815696 0.9832017  0.99427754 0.97525644
 0.9663824  0.9948689  0.9967822  0.9910789  0.9953856  0.9866263
 0.99885833 0.9988938  0.99845874 0.9914431  0.9432391  0.99435943
 0.9910619  0.98508435 0.9943217  0.98983777 0.9953034  0.99856985
 0.8589764  0.9941474 ]
[0.9991743  0.9953616  0.99739766 0.9977837  0.9962113  0.9974564
 0.99854195 0.9963989  0.9962645  0.975989   0.9911522  0.96543115
 0.98670447 0.9977266  0.99387324 0.9973737  0.96521443 0.9981256
 0.9951887  0.9964623  0.99892586 0.9743094  0.99867105 0.81055415
 0.99395424 0.9839594  0.9982875  0.9917086  0.9950617  0.9974058
 0.99734384 0.982643   0.99499524 0.99679273 0.9838935  0.99685305]
[0.9991247  0.9960259  0.99549305 0.95748127 0.99806935 0.9984419
 0.99805427 0.99700683 0.9971302  0.98450166 0.99878126 0.9580757
 0.9855503  0.99691474 0.9955863  0.99243766 0.9981413  0.99524903
 0.99471456 0.9991911  0.9975405  0.9951781  0.9988533  0.99452245
 0.9879617  0.99254006 0.97981846 0.99847704 0.9918465  0.9973169
 0.88143295 0.98774415 0.9911999  0.9968907 ]
[0.99903584 0.99538213 0.997036   0.99785346 0.997074   0.98442554
 0.997419   0.99722904 0.99675363 0.9863971  0.99563944 0.94882506
 0.96708274 0.9313716  0.9947626  0.9755519  0.9940195  0.9777645
 0.99207956 0.99851555 0.9922098  0.9881037  0.99164635 0.99116373
 0.9922082  0.99899656 0.9919077  0.9966749  0.9927908  0.9808461
 0.98756903 0.9887678  0.99761224 0.9872318  0.9936894 ]
[0.99886453 0.9937099  0.99689317 0.9981407  0.9961014  0.9970029
 0.9972796  0.9960573  0.99618983 0.9873985  0.9942293  0.9690831
 0.9766083  0.98893857 0.99232024 0.99580944 0.9952767  0.9948277
 0.9913458  0.9895487  0.99818486 0.99900097 0.99039185 0.99220675
 0.9985985  0.9939354  0.99925417 0.98111844 0.9951633  0.9887912
 0.99627644 0.9722271  0.9981791  0.9982083  0.9814565  0.9984034
 0.9953818 ]
[0.998546   0.9941057  0.9937078  0.9891712  0.99575484 0.9974337
 0.9964814  0.996201   0.99819213 0.98772335 0.9980648  0.89822435
 0.98012954 0.99741924 0.9472584  0.97012836 0.9966845  0.9970843
 0.9847978  0.99886876 0.99748385 0.99239105 0.9989849  0.9890805
 0.99379855 0.98990905 0.9984664  0.99495137 0.9974886  0.9863164
 0.99702954 0.99259746 0.8170656  0.9845977  0.99640155]
[0.99897635 0.9956312  0.9970521  0.99064386 0.99643135 0.9967314
 0.9981706  0.99762124 0.9975049  0.988133   0.99441105 0.97065866
 0.9748576  0.9971378  0.573851   0.99591136 0.99194604 0.99434245
 0.9987178  0.99907    0.98917246 0.9897703  0.9909197  0.9549224
 0.99601775 0.9900059  0.9966252  0.990853   0.9920644  0.99515116
 0.998456   0.9985292  0.99037933 0.9936376 ]
[0.99907494 0.9958735  0.99479216 0.983639   0.996207   0.9973574
 0.9979176  0.9973225  0.9967719  0.98271203 0.9968821  0.9491144
 0.9839499  0.9962627  0.9967669  0.993569   0.99739945 0.9990995
 0.9415593  0.99904877 0.9920561  0.93991214 0.9907861  0.9690887
 0.9986902  0.99767154 0.9897194  0.9921864  0.9951066  0.99712783
 0.99862707 0.9923929 ]
[0.99938273 0.9967673  0.9906301  0.99724764 0.9923981  0.99726593
 0.9979042  0.9980884  0.9964594  0.9901922  0.9984231  0.9811286
 0.99132174 0.99815685 0.9949033  0.6558528  0.9937342  0.9965919
 0.9979551  0.99900836 0.9933437  0.9843848  0.993999   0.99579346
 0.99721587 0.9794525  0.99472934 0.9965532  0.9944582  0.9985671
 0.99534094 0.9991216  0.9946004  0.9915113  0.9952859 ]
[0.9989422  0.99588877 0.99468577 0.9826189  0.9967249  0.9974232
 0.99799454 0.9968395  0.9970565  0.98624736 0.9599074  0.9866916
 0.9950139  0.9961816  0.9987515  0.99702185 0.99798846 0.9938386
 0.99879813 0.9889037  0.9608687  0.99799514 0.99438703 0.98900384
 0.9954371  0.98466116 0.9836948  0.99454194 0.9984798  0.888494
 0.996838   0.9964426 ]
[0.9988619  0.99631506 0.99778336 0.8552486  0.99628204 0.9973127
 0.9980958  0.99720865 0.9731372  0.9876478  0.6924275  0.99625045
 0.99885964 0.97848755 0.9948954  0.95126396 0.9980878  0.998806
 0.99655247 0.989002   0.9842151  0.99076194 0.99791414 0.99100447
 0.99848443 0.99033797 0.9967998  0.9967788  0.9988207  0.9858767
 0.99557894]
[0.99890363 0.9963081  0.98245    0.99753714 0.9847942  0.99736446
 0.99786144 0.99774736 0.9973158  0.989976   0.95234984 0.9895862
 0.9973998  0.99472827 0.9919751  0.94654614 0.99734455 0.99528605
 0.72427624 0.99499726 0.998814   0.99908686 0.99095637 0.9922161
 0.9891039  0.9932017  0.99219733 0.9728195  0.9977883  0.99599993
 0.9912664  0.9723551  0.9982583  0.995436   0.9884089  0.9971041 ]
[0.9983872  0.9936504  0.9963983  0.988877   0.99818206 0.9976646
 0.9972356  0.9965521  0.9978948  0.9847259  0.9511811  0.9741056
 0.99463284 0.9960743  0.9952696  0.9980685  0.99257    0.99855703
 0.99538475 0.99456173 0.96915126 0.99762934 0.991059   0.9989442
 0.972154   0.9920449  0.9967943  0.9882974  0.99699926 0.9486581
 0.99750286 0.99165326]
[0.9992023  0.99650145 0.9942889  0.9926122  0.9966137  0.9982333
 0.9978669  0.99702686 0.9978556  0.97746474 0.984254   0.97712415
 0.99524623 0.9945246  0.97205365 0.9955676  0.5835075  0.99894947
 0.9990243  0.9945821  0.99896514 0.9939615  0.96757656 0.99794084
 0.9978758  0.9974954  0.9790323  0.9894589  0.9746609  0.86978024
 0.9425607  0.9950394 ]
[0.9989698  0.99644595 0.9976803  0.9890336  0.99757856 0.99783415
 0.997795   0.99612325 0.99765426 0.9842858  0.84791064 0.9047084
 0.93869644 0.99526936 0.99788505 0.9580566  0.9989932  0.98588693
 0.9987411  0.99115527 0.99434966 0.99301106 0.9949175  0.95737034
 0.9989606  0.9943929  0.99902475 0.98827153 0.99118537 0.6697093
 0.85514367 0.9985661  0.99677163]
[0.99896944 0.99605197 0.99091595 0.9550455  0.9958269  0.99717724
 0.99822026 0.99665326 0.9974808  0.981111   0.99568886 0.9542408
 0.998776   0.8356123  0.99435586 0.99545765 0.9931219  0.9942477
 0.9988771  0.9953945  0.98011655 0.99813014 0.9871681  0.9830201
 0.993586   0.96153164 0.9901444  0.99732697 0.9883138  0.9863311
 0.99276155 0.9918705  0.9308275  0.9942141 ]
[0.9989355  0.99829656 0.9933055  0.99261814 0.99277437 0.99805224
 0.9972801  0.9959913  0.99756575 0.98709744 0.85938734 0.9908608
 0.98777944 0.89746374 0.9962147  0.9986928  0.99500316 0.9971129
 0.9978865  0.98120475 0.9982912  0.9843797  0.99360573 0.99853563
 0.9921341  0.9947844  0.97909933 0.9947976  0.9877222  0.9969867
 0.96987647 0.9976381  0.99325377 0.99819404 0.9740036  0.98814535]
[0.9993092  0.99470574 0.9922123  0.9104101  0.99526155 0.9975005
 0.9980216  0.9984615  0.99655235 0.98472345 0.9945747  0.96658796
 0.95616275 0.9962263  0.9969849  0.97529775 0.9969754  0.8880179
 0.9892448  0.9990758  0.99896705 0.9894756  0.99406236 0.99248874
 0.9986731  0.9945738  0.9829574  0.99278295 0.9990038  0.8217236
 0.99539894 0.9947701 ]
[0.9986743  0.99342924 0.9957379  0.9977355  0.9920201  0.9979808
 0.99809366 0.9974154  0.995862   0.98208714 0.9897271  0.95674247
 0.9928925  0.99821115 0.99661165 0.9935349  0.97618175 0.99864703
 0.992649   0.9987318  0.9990214  0.9773834  0.99683714 0.99605274
 0.99557626 0.9827412  0.9850435  0.99800724 0.997758   0.9945635
 0.98969984 0.99555993 0.9779227  0.9923388  0.996549  ]
[0.9982572  0.99480903 0.9959162  0.9751373  0.9981566  0.9975936
 0.99719703 0.9965663  0.99815625 0.98639685 0.9952898  0.9668892
 0.98598653 0.9727763  0.922597   0.9885439  0.9967752  0.99764144
 0.99795085 0.97872967 0.9816226  0.9937949  0.9992706  0.9715128
 0.9968849  0.8137523  0.9922883  0.99821717 0.9987953  0.9965442
 0.9957212  0.9847378  0.9947084 ]
[0.99882776 0.9942221  0.99597317 0.9651317  0.9959428  0.99727863
 0.9963243  0.99796766 0.997981   0.9833819  0.9924461  0.9630105
 0.9871377  0.957816   0.9943598  0.96181875 0.9970957  0.989253
 0.9904909  0.7247423  0.9986909  0.9946485  0.99159664 0.9949662
 0.9938797  0.98192436 0.99709594 0.99672085 0.99486524 0.9962991
 0.9986033  0.6162487  0.99850106 0.9948835 ]
[0.99902856 0.9936737  0.996985   0.9831549  0.99555355 0.9977302
 0.9968299  0.9981943  0.99770314 0.98683816 0.99580884 0.9670009
 0.95024955 0.99622065 0.9991179  0.93479854 0.995229   0.9990381
 0.98913723 0.99266195 0.96071744 0.9899156  0.99518424 0.9418161
 0.99780256 0.99757546 0.9954336  0.9858045  0.9957754  0.99903166
 0.96497726 0.9955284  0.9949292 ]
[0.9986527  0.997026   0.99469745 0.86581016 0.9954591  0.99623716
 0.99718875 0.99627894 0.99643916 0.98590904 0.9971179  0.9664706
 0.97236013 0.9959408  0.9950153  0.9946021  0.9967548  0.9991347
 0.9733387  0.99919814 0.53568256 0.9919179  0.9945539  0.99839044
 0.9930219  0.9206453  0.9907216  0.9982711  0.9952566  0.99430794
 0.9948945  0.99281436 0.9420047  0.9921123  0.99635977]
[0.99924386 0.9944713  0.9972947  0.99851173 0.99473083 0.9976311
 0.9977639  0.99781585 0.9964939  0.98499066 0.9674519  0.97900647
 0.9959175  0.99154073 0.99213034 0.9915924  0.99546355 0.98585945
 0.99866545 0.99861956 0.99840206 0.9918852  0.9933374  0.99469614
 0.9933137  0.9974765  0.995181   0.99067736 0.99706984 0.99877566
 0.9925795  0.99473476 0.99189913]
[0.99926966 0.9969469  0.99700314 0.9977036  0.9870286  0.9820855
 0.99826247 0.99766135 0.997718   0.9932058  0.97717196 0.9937255
 0.9944007  0.9791783  0.9956045  0.9976184  0.9968166  0.9952614
 0.9986098  0.99581724 0.99912125 0.99855655 0.97545606 0.99755836
 0.9940778  0.98925495 0.9772446  0.9861221  0.99267983 0.9988085
 0.99750704 0.99716777 0.98998976 0.99714583]
[0.9991036  0.99144065 0.99750525 0.99552804 0.9981231  0.99844223
 0.99779356 0.9977983  0.9976478  0.98921555 0.9936737  0.970137
 0.9803859  0.99586666 0.9948249  0.99662495 0.9787459  0.9988913
 0.9890633  0.99416274 0.999006   0.9908799  0.9791116  0.95852375
 0.99658954 0.9866839  0.9970931  0.998835   0.9918503  0.9980065
 0.9961383 ]
[0.99915195 0.99350053 0.9968828  0.97135353 0.994173   0.9974989
 0.99791545 0.9960905  0.9963858  0.9863837  0.9958311  0.96199214
 0.9876516  0.9975178  0.9954855  0.9813183  0.9949051  0.9948025
 0.9946226  0.9987184  0.98190504 0.9984877  0.9918829  0.9792828
 0.7860612  0.99407494 0.9970305  0.98842865 0.98648876 0.9936686
 0.9985089  0.9937504 ]
[0.9987993  0.99390805 0.99474984 0.9914488  0.99737394 0.9974789
 0.99816483 0.9985494  0.9975916  0.9794216  0.9959473  0.95056957
 0.9537576  0.998042   0.99653035 0.7884494  0.99685514 0.9971253
 0.99060845 0.9124583  0.99027246 0.97152203 0.9945543  0.9991105
 0.9831744  0.9699794  0.9971142  0.9965946  0.71500176 0.9890035
 0.9966864  0.9979309  0.98788106 0.9889903 ]
[0.99833655 0.99760216 0.9919635  0.99017626 0.99652183 0.99786025
 0.9986719  0.9986052  0.9961105  0.98955464 0.99600804 0.9804863
 0.9990658  0.99645257 0.9960465  0.99705195 0.99656147 0.9978339
 0.9942789  0.9586264  0.99926335 0.99814475 0.9926761  0.9954066
 0.9941203  0.98027027 0.99800557 0.9889509  0.992542   0.99690175
 0.99847096 0.65129083 0.99597603 0.99283445]
[0.9984394  0.9932702  0.99651295 0.9789347  0.99445564 0.997428
 0.9984072  0.99664485 0.99731195 0.9840327  0.9528267  0.9571074
 0.99424994 0.99886465 0.9986972  0.99286604 0.997341   0.9938717
 0.7355074  0.9984705  0.9862948  0.9911089  0.99751675 0.9920731
 0.9979448  0.9970208  0.976494   0.995682   0.9813619  0.9744917
 0.6851967  0.98273563 0.9913449  0.99228305]
[0.9985024  0.99463487 0.99530196 0.9844402  0.9949744  0.99724007
 0.9969351  0.99656385 0.9962245  0.9859213  0.9936154  0.96095943
 0.98822266 0.9907707  0.99241126 0.9961966  0.9983955  0.99177414
 0.99854076 0.992444   0.9989446  0.99151367 0.6797442  0.9956762
 0.9866246  0.9624684  0.996289   0.98159516 0.9959585  0.9617578
 0.99773836 0.9926928  0.993389  ]
[0.9986914  0.99246734 0.9979711  0.998543   0.99120116 0.99295145
 0.9969522  0.9978629  0.99757284 0.9765465  0.9956299  0.92324215
 0.88735044 0.9957865  0.99531496 0.9965515  0.9949085  0.99637055
 0.9946807  0.997454   0.9939837  0.99893457 0.985649   0.832996
 0.9952898  0.99325    0.9900175  0.99850476 0.9801152  0.99762386
 0.9888349  0.98387146 0.9932166  0.99688894 0.9933553  0.9940811 ]
[0.99881977 0.9926327  0.9960614  0.99214447 0.9971933  0.9969893
 0.9977525  0.99633884 0.9783998  0.994941   0.95839304 0.9706205
 0.98481166 0.9878675  0.99461657 0.9760216  0.9823169  0.9942747
 0.9945639  0.9990095  0.99806863 0.9857486  0.98940957 0.99389815
 0.9900047  0.983613   0.9885411  0.9935555  0.9793729  0.9903322
 0.99897516 0.9866681  0.99338585]
[0.9985328  0.9949656  0.9941472  0.9860297  0.998171   0.99727565
 0.9963911  0.997629   0.9967404  0.9829069  0.99569464 0.9319423
 0.97161114 0.99468756 0.998108   0.9960849  0.9967601  0.99602723
 0.9943902  0.9980981  0.9720738  0.98970115 0.99138755 0.9992131
 0.9904979  0.9579979  0.9985421  0.99572444 0.9875124  0.98964334
 0.99601895 0.9984175  0.99208224 0.99547786 0.99443734]
[0.9987929  0.99371547 0.9949439  0.99476504 0.99604934 0.9976793
 0.9979388  0.99517715 0.99755126 0.9864739  0.9972777  0.9629202
 0.9927279  0.99621814 0.99126136 0.9968694  0.9955526  0.99830234
 0.9988397  0.99905163 0.9814699  0.9945891  0.997315   0.9946827
 0.904999   0.9335964  0.97567046 0.9964561  0.9905799  0.99596316
 0.99821836 0.98559266 0.9598091  0.9953986 ]
[0.99903846 0.99562573 0.99868184 0.99711007 0.9954898  0.9971041
 0.9954632  0.99813396 0.98991674 0.9862752  0.98851866 0.98644966
 0.99649435 0.93645453 0.9960582  0.9958906  0.9918034  0.9982685
 0.9977683  0.9990094  0.98794657 0.9403241  0.99756587 0.9973193
 0.99311113 0.98540395 0.92019427 0.9834077  0.98487353 0.9990983
 0.98404616 0.9838098  0.99714404 0.99775237 0.9973289 ]
[0.9990182  0.99802446 0.99587494 0.97616994 0.98990345 0.998428
 0.99723107 0.99628544 0.9980342  0.987621   0.98577756 0.9816667
 0.99439794 0.99790275 0.99386567 0.99424356 0.99608994 0.99911267
 0.99842834 0.99732554 0.99868053 0.99840933 0.9922091  0.99801093
 0.97807467 0.99588746 0.99490476 0.94035846 0.80886877 0.99561054
 0.98080415 0.99385935 0.87660074 0.9838483  0.9980714  0.9928559 ]
[0.99881786 0.995994   0.99601114 0.9942274  0.99704486 0.99856585
 0.99640155 0.99747473 0.97709    0.9755922  0.9770707  0.9792181
 0.9880415  0.9966208  0.9970246  0.99709225 0.99842334 0.9968436
 0.9990761  0.99912447 0.9822484  0.9942374  0.9985752  0.99385273
 0.96749985 0.9885422  0.9915571  0.9790684  0.9826601  0.9954516
 0.99851245 0.997962   0.99811745 0.9952237 ]
[0.9988048  0.9963773  0.99812084 0.9969944  0.99649566 0.99801207
 0.9973579  0.9974618  0.9765537  0.99860686 0.9864696  0.9856036
 0.9960323  0.9928242  0.9972223  0.9986518  0.9986129  0.9957248
 0.9917822  0.9628017  0.9617815  0.97847223 0.99217457 0.9944661
 0.9982864  0.97412306 0.9890703  0.9865892  0.9905171  0.9964359
 0.9906465  0.9899788 ]
[0.99908125 0.9966648  0.99567443 0.97656584 0.9933854  0.9973667
 0.99731016 0.9977799  0.9980081  0.97830635 0.966564   0.9330706
 0.99905115 0.9937143  0.9964282  0.9964244  0.99259996 0.97174823
 0.9988865  0.9925328  0.9958423  0.9866463  0.9934129  0.9954276
 0.998611   0.9963601  0.986201   0.99652654 0.9987494  0.621458
 0.998268   0.99317604]
[0.99872667 0.9912034  0.9944924  0.99334395 0.995262   0.9956252
 0.99777335 0.998073   0.9972178  0.98858356 0.9964851  0.7886462
 0.5049224  0.7453975  0.9973387  0.99809796 0.978509   0.9941837
 0.99618644 0.9981592  0.99673223 0.99666995 0.9950316  0.99495417
 0.94606256 0.9916437  0.9970018  0.9763149  0.99214435 0.90585613
 0.9951918  0.97525996 0.97467643 0.9886501 ]
