Mprobs for dataset art (0.0000001)

[0.9972275  0.9948992  0.9981975  0.9986985  0.99813277 0.9995523
 0.9633107  0.9973347 ]
[0.99825615 0.99327856 0.99789137 0.99881727 0.99709785 0.9990339
 0.97774124 0.9986829 ]
[0.998664   0.9963652  0.9972475  0.9981975  0.99867874 0.9993849
 0.97844875 0.99819773]
[0.9992398  0.99634355 0.9982241  0.9970688  0.9986351  0.9988619
 0.9991159 ]
[0.99845505 0.9972257  0.998458   0.9973475  0.9981571  0.999337
 0.9268545  0.998806  ]
[0.9983542  0.9957327  0.99754804 0.9986015  0.99731916 0.93595403
 0.9992673  0.9990965 ]
[0.997741   0.9951238  0.9983828  0.9974607  0.9985862  0.9636187
 0.99923134 0.99953055]
[0.99860746 0.9962489  0.99755895 0.99862695 0.99845576 0.99659413
 0.99809307 0.94241655 0.99894935]
[0.99762136 0.9954841  0.99716526 0.9979152  0.99698085 0.9989047
 0.9301999  0.9982527 ]
[0.9991804  0.99761415 0.9978933  0.9975811  0.99796474 0.99922764
 0.93345    0.9992101 ]
[0.99760264 0.9974347  0.9982216  0.99782217 0.9983991  0.9995995
 0.97390276 0.9981621 ]
[0.99900395 0.9961456  0.9980598  0.99861586 0.99795157 0.99837035
 0.99851435 0.93045396 0.99895394]
[0.9987109  0.9955533  0.99793506 0.9976151  0.9968997  0.9981793
 0.99818367 0.9425239  0.99898404]
[0.9988073  0.9948955  0.9977952  0.99780375 0.99859244 0.9957644
 0.99765176 0.95977676 0.9992235 ]
[0.9987533  0.99640983 0.99768126 0.9973973  0.9969463  0.99819225
 0.99765813 0.96647024 0.9985852 ]
[0.9980088  0.99701476 0.9982327  0.9982047  0.99828535 0.9980563
 0.965018   0.9984042  0.9971367 ]
[0.9978059  0.9954705  0.9984257  0.9980597  0.9978065  0.9995852
 0.9608596  0.99945015]
[0.9987857  0.99715805 0.9975079  0.99784255 0.9970854  0.9967186
 0.93623096 0.99792945 0.99765575]
[0.9981406  0.99614894 0.99769324 0.99792224 0.9980762  0.9992292
 0.9619263  0.997827  ]
[0.9988945  0.9960978  0.99815077 0.9981186  0.9971117  0.97653097
 0.99749243 0.9991893 ]
[0.9982462  0.99594265 0.99735034 0.998657   0.9986381  0.99738234
 0.99868554 0.9136752  0.998604  ]
[0.9989328 0.9937285 0.997736  0.9978696 0.9981242 0.9995352 0.975997
 0.9988727]
[0.9984055  0.995103   0.9986909  0.99743277 0.99761176 0.93988585
 0.9990922  0.9995633 ]
[0.9983909  0.9963074  0.99756974 0.9988746  0.99804795 0.9994586
 0.92961377 0.99894994]
[0.99854314 0.99589765 0.99824286 0.9987085  0.9977035  0.99699306
 0.9708803  0.99840075 0.9971957 ]
[0.9977514  0.9959319  0.9984358  0.99782133 0.9970701  0.9966491
 0.99753475 0.93087107 0.997456  ]
[0.9983203  0.99578685 0.9975781  0.9978498  0.99698025 0.998125
 0.9978004  0.97692955 0.99921787]
[0.9987174  0.997033   0.9977817  0.9978787  0.9981186  0.99745125
 0.99873406 0.9607709  0.999017  ]
[0.99847907 0.9971945  0.9977817  0.99862087 0.997589   0.9970788
 0.9975037  0.9610756  0.99929535]
[0.99773514 0.9958294  0.99855715 0.9984573  0.9973928  0.9993667
 0.9056213  0.9970342 ]
[0.9985234  0.99435776 0.9972256  0.9982529  0.9984518  0.9988482
 0.97870517 0.99880564]
[0.99854016 0.995408   0.998609   0.99771726 0.99721295 0.9994159
 0.9617324  0.9973882 ]
[0.99879324 0.9974057  0.99851257 0.9981628  0.99871314 0.99918944
 0.87345684 0.99769187]
[0.9988801  0.9918235  0.99846363 0.9987447  0.99826235 0.97061193
 0.99901485 0.99833906]
[0.99898237 0.996784   0.9986425  0.99815387 0.9977254  0.99593997
 0.9978527  0.97463924 0.9987128 ]
[0.99855274 0.9979153  0.9983278  0.99855715 0.9981134  0.99958366
 0.9992693 ]
[0.9979607  0.99321574 0.99773955 0.9982488  0.9977303  0.95968735
 0.999257   0.9991032 ]
[0.9983627  0.99760735 0.99855155 0.99771476 0.9984432  0.97387165
 0.998589   0.9994791 ]
[0.99846506 0.9970048  0.99827135 0.9987488  0.99789256 0.93536
 0.998514   0.99964154]
[0.99820805 0.9965432  0.99743927 0.99888855 0.99713516 0.99926716
 0.9464474  0.9990588 ]
[0.9982267  0.9964529  0.9978635  0.99882835 0.9972619  0.99953556
 0.97869724 0.999257  ]
[0.99896085 0.99434423 0.9972005  0.9989749  0.997717   0.99944955
 0.98554856 0.9979844 ]
[0.99894804 0.9959031  0.9979779  0.9979025  0.9979371  0.99780804
 0.9977537  0.9292703  0.9974896 ]
[0.9988852  0.99768436 0.9980044  0.9971739  0.99863786 0.99938834
 0.99950945]
[0.9986092  0.99564916 0.9973683  0.9972156  0.99752814 0.9990102
 0.9986539 ]
[0.99828726 0.9972519  0.99745744 0.9978592  0.9975957  0.9984812
 0.9758744  0.9989397 ]
[0.9977476  0.9974716  0.9970611  0.9986339  0.99731135 0.9980434
 0.99757606 0.7851714  0.99807453]
[0.9985897  0.9959907  0.9983917  0.9985221  0.99820614 0.99663097
 0.9978696  0.93124133 0.9988212 ]
[0.9977945  0.99700075 0.9983783  0.99846494 0.99842876 0.9987419
 0.9157415  0.99896765]
[0.9989876  0.9962148  0.996968   0.9988086  0.9976598  0.9974099
 0.9972914  0.9578243  0.99872667]
[0.9984275  0.99769706 0.9977552  0.99788445 0.9975777  0.9996494
 0.98125386 0.99812824]
[0.9981034  0.9974267  0.99829966 0.99785537 0.99794966 0.99934274
 0.9406414  0.999052  ]
[0.9983693  0.9965076  0.997747   0.9980354  0.9982151  0.99893445
 0.8500799  0.9989502 ]
[0.9988238  0.9947454  0.9975345  0.9989706  0.9977507  0.99898726
 0.960454   0.9982041 ]
[0.99799913 0.99721366 0.9987878  0.9980691  0.9986443  0.99488187
 0.99742365 0.9417669  0.9987192 ]
[0.9984812  0.9941865  0.99840647 0.99752337 0.9984755  0.99911946
 0.94488686 0.9977131 ]
[0.9986547  0.99608046 0.99866235 0.99788374 0.99733716 0.99952817
 0.93943787 0.9971386 ]
[0.9980725  0.9952951  0.9984767  0.9982668  0.99757594 0.9972325
 0.99761826 0.9274788  0.99863845]
[0.9977926  0.9959884  0.9985954  0.9980426  0.99849427 0.9455495
 0.9993067  0.99842644]
[0.9983912  0.996856   0.9979114  0.9984855  0.99830925 0.9259546
 0.99867815 0.9989256 ]
[0.9972779  0.99821484 0.9986608  0.99857795 0.9979765  0.99888784
 0.6428926  0.9985862 ]
[0.9987488  0.99690324 0.99871016 0.99811816 0.99823856 0.9995797
 0.99777657]
[0.99897265 0.99643207 0.9971846  0.9979036  0.99862206 0.9979315
 0.9985038  0.92867327 0.9980071 ]
[0.99860966 0.99728787 0.99733645 0.9982482  0.99783415 0.9995728
 0.769081   0.9990578 ]
[0.99780387 0.9969119  0.99862635 0.99871624 0.99770015 0.99835205
 0.9985732  0.9659535  0.9978435 ]
[0.9986265  0.9963798  0.99783415 0.99808264 0.9980354  0.99905545
 0.932191   0.99852437]
[0.99779654 0.99581677 0.9983606  0.998256   0.9973001  0.9996445
 0.94093347 0.9987331 ]
[0.9986248  0.9968809  0.9983058  0.9983583  0.9980867  0.9978294
 0.9987877  0.9474962  0.99801093]
[0.9975865  0.9967399  0.99830097 0.99802727 0.9986749  0.99956685
 0.91448647 0.998505  ]
[0.9980719  0.9937406  0.99833906 0.9979603  0.9969729  0.99916196
 0.95994115 0.999171  ]
[0.9973997  0.9966988  0.9970176  0.99872726 0.9979583  0.98663425
 0.9681588  0.9982679  0.9603394  0.99707556]
[0.99878734 0.9954111  0.99825114 0.99891484 0.9972796  0.9994673
 0.8980184  0.99893445]
[0.99882346 0.9969068  0.99866664 0.9977576  0.99720407 0.99848276
 0.9985251  0.9192582  0.9983398 ]
[0.9989128  0.99806803 0.9987205  0.997673   0.99845433 0.99945205
 0.9990144 ]
[0.9977356  0.9966061  0.99764556 0.99733824 0.99790525 0.9988024
 0.9721315  0.99840194]
[0.99853456 0.9969946  0.9981694  0.9969614  0.9982147  0.9990753
 0.99765295]
[0.9988508  0.99441457 0.997264   0.9981066  0.99775714 0.99931467
 0.9627537  0.7423638  0.99701935]
[0.9985197  0.99771214 0.997224   0.99837875 0.9979151  0.9995921
 0.9975981 ]
[0.9991278  0.9962404  0.9973278  0.9980501  0.99710923 0.99804926
 0.9197329  0.9971758 ]
[0.99869686 0.9969689  0.9984346  0.99852306 0.99810994 0.9995534
 0.9299341  0.9971917 ]
[0.99767965 0.99739707 0.9972017  0.99825805 0.9974189  0.9994128
 0.94554996 0.99830794]
[0.9985127  0.9958191  0.9977888  0.99841475 0.998466   0.9985544
 0.9761178  0.9986493 ]
[0.99866545 0.99538213 0.99857676 0.99769884 0.99836165 0.999619
 0.9754336  0.9974235 ]
[0.99844736 0.99738175 0.99835724 0.9986914  0.9986027  0.9951567
 0.8715884  0.9981067  0.99780315]
[0.99808747 0.99728954 0.9972645  0.9978217  0.9970041  0.999617
 0.888236   0.9981875 ]
[0.9978917  0.9964309  0.9983273  0.99822026 0.9986525  0.998665
 0.9804848  0.99908745]
[0.99867517 0.99560344 0.9979938  0.997752   0.99838364 0.99945325
 0.9988901 ]
[0.9979086  0.99556434 0.99718225 0.99852765 0.9979102  0.9651617
 0.9992854  0.99851483]
[0.99906904 0.99741334 0.998492   0.9984469  0.99824023 0.99918646
 0.9760901  0.99906546]
[0.99794143 0.995125   0.99816364 0.99856216 0.9979073  0.9993893
 0.9832202  0.99693143]
[0.9986633  0.99598926 0.9976724  0.9980375  0.99720913 0.9994067
 0.9852438  0.996896  ]
[0.9982699  0.99727386 0.99825567 0.9989741  0.9976814  0.9993067
 0.9328947  0.99818414]
[0.99811256 0.9970161  0.99803084 0.9979802  0.99867564 0.99939954
 0.9298443  0.99897707]
[0.9984534  0.9946485  0.9983209  0.99808407 0.9978801  0.99957985
 0.9746697  0.99769056]
[0.9989586  0.9971213  0.9986179  0.9986481  0.9983724  0.99798703
 0.93498176 0.99866915 0.9974969 ]
[0.99715924 0.9968778  0.9970476  0.99865305 0.99691904 0.9864152
 0.98797953 0.9970931  0.9346904  0.9975805 ]
[0.9986921  0.99727964 0.8100953  0.99780804 0.9979546  0.99863774
 0.99919814 0.59234893 0.99906427]
[0.9987877  0.99549025 0.9986847  0.9980538  0.9978588  0.9957711
 0.9954196  0.9461903  0.99898714]
[0.9989575  0.99667406 0.9969946  0.9985153  0.99825007 0.99958974
 0.9140485  0.9981375 ]
[0.99825186 0.993983   0.9979955  0.99893445 0.99825853 0.9746064
 0.9993523  0.99841475]
