Mprobs for dataset sim1_corr (0.8) (Mean-field): 

[0.99608094 0.9998963  0.99996305 0.99992704 0.9993789  0.99989855
 0.99993837 0.9998828  0.9996681  0.999818   0.9999417 ]
[0.9969843  0.9999175  0.99995863 0.99993336 0.9993988  0.9998981
 0.99992776 0.9998758  0.99970144 0.9997998  0.9999244 ]
[0.9967572  0.9999275  0.9999423  0.99995935 0.9993709  0.9998766
 0.99989355 0.99992394 0.9996588  0.99986494 0.99994814]
[0.99579865 0.99992955 0.9999591  0.9999474  0.9996656  0.99989355
 0.999908   0.9998883  0.99963236 0.9998808  0.9999229 ]
[0.9950611  0.9999243  0.99994826 0.9999331  0.9996309  0.99987864
 0.9999093  0.99992895 0.9997335  0.9998698  0.99995923]
[0.9965994  0.9999417  0.9999534  0.99993765 0.999652   0.9998777
 0.9999411  0.99986684 0.9997503  0.9999021  0.99991655]
[0.99640805 0.9999076  0.9999629  0.9999573  0.9995857  0.99985313
 0.99994886 0.9998548  0.9997265  0.9998436  0.9999361 ]
[0.99754685 0.9999138  0.9999552  0.9999229  0.9996457  0.99987614
 0.9999292  0.99991465 0.9996954  0.9998745  0.9999231 ]
[0.9970036  0.99992144 0.9999573  0.99995434 0.999696   0.9998745
 0.99989617 0.999928   0.9998124  0.9998504  0.9999467 ]
[0.99360365 0.99989784 0.99993193 0.9999311  0.9996705  0.99990404
 0.99993885 0.99992764 0.9996699  0.9998319  0.99994123]
[0.9964426  0.9999385  0.9999628  0.999949   0.9993049  0.9998847
 0.9999224  0.99989617 0.99965155 0.99986887 0.9999149 ]
[0.99595034 0.9999429  0.9999622  0.9999373  0.99942005 0.9999027
 0.9999105  0.9998853  0.99975616 0.9998211  0.9999527 ]
[0.9924718  0.99995077 0.99995875 0.99991846 0.99952507 0.99988043
 0.9999213  0.99985063 0.9997342  0.99990916 0.99993324]
[0.9926052  0.9999404  0.9999622  0.9999131  0.99937683 0.9998858
 0.9999311  0.99989676 0.9998311  0.99980026 0.99995756]
[0.99615365 0.9999403  0.999928   0.99995625 0.99965215 0.9998908
 0.99994564 0.999926   0.99978966 0.99983525 0.999956  ]
[0.99703085 0.99991083 0.9999492  0.99994075 0.9996841  0.9998605
 0.9999242  0.9998858  0.99980253 0.99984217 0.99996114]
[0.9928042  0.999931   0.99994445 0.99992025 0.99963975 0.9998722
 0.9999373  0.99986994 0.9997297  0.9998692  0.9999398 ]
[0.9940158  0.999897   0.9999589  0.99991405 0.99966156 0.99987185
 0.99994457 0.9998783  0.9996362  0.99989784 0.99992895]
[0.992897   0.99993515 0.99995196 0.99992776 0.9995467  0.999856
 0.99990094 0.99991417 0.999796   0.9998461  0.99995065]
[0.99737024 0.9998951  0.9999416  0.9999428  0.9994947  0.9998474
 0.9999305  0.9998994  0.99978226 0.99989665 0.9999323 ]
[0.9966028  0.99995553 0.99995553 0.9999602  0.99965405 0.99989235
 0.999928   0.9999223  0.9996587  0.9997912  0.99993646]
[0.9965508  0.9999206  0.99993587 0.9999604  0.9996805  0.999828
 0.99991214 0.9998752  0.99965596 0.9998852  0.99990964]
[0.9969946  0.999928   0.99994004 0.9999461  0.99968565 0.9998704
 0.9998957  0.9999217  0.9996747  0.99985397 0.9999089 ]
[0.99344444 0.99991965 0.9999676  0.9999372  0.9996315  0.9998672
 0.9999496  0.99990237 0.99982244 0.9998733  0.9999199 ]
[0.9971596  0.9999517  0.9999608  0.9999428  0.99948967 0.999851
 0.9999126  0.9999032  0.99965334 0.999828   0.9999068 ]
[0.9953857  0.9999411  0.9999609  0.99993694 0.99968934 0.99980646
 0.99988353 0.9998907  0.99978083 0.99982435 0.99993014]
[0.9941281  0.9999063  0.99996257 0.99995565 0.99940336 0.99982494
 0.9998927  0.9999137  0.9998087  0.99982697 0.99992526]
[0.9969958  0.99992204 0.9999509  0.99994063 0.9993711  0.99983144
 0.99991095 0.9998988  0.9996332  0.99985373 0.9999404 ]
[0.99370265 0.9999019  0.99995315 0.9999255  0.9993358  0.9998802
 0.999936   0.9998635  0.9997987  0.99990106 0.99994254]
[0.9970618  0.9999094  0.9999685  0.9999182  0.9996526  0.99986804
 0.99993145 0.99989367 0.9998186  0.9999088  0.99995565]
[0.99547344 0.9999434  0.9999565  0.9999074  0.9994429  0.9998282
 0.9998933  0.99991786 0.9996978  0.9999014  0.9999405 ]
[0.9961429  0.999941   0.9999291  0.9999552  0.9996402  0.99988306
 0.9999336  0.9999207  0.9998086  0.99984586 0.9999398 ]
[0.99556667 0.99990344 0.9999671  0.99995995 0.99967074 0.9998646
 0.9999194  0.99990606 0.99966407 0.9998839  0.99991286]
[0.9949662  0.9999558  0.9999492  0.9999552  0.9996197  0.99990046
 0.9999479  0.9998425  0.99970776 0.9998085  0.9999492 ]
[0.9970074  0.999954   0.999959   0.9999609  0.9995189  0.99984896
 0.99991417 0.9999145  0.9998099  0.9999076  0.99995005]
[0.9953243 0.9999188 0.9999678 0.9999417 0.999584  0.9998679 0.9998989
 0.9998591 0.9998047 0.9998579 0.999959 ]
[0.9973592  0.999915   0.9999621  0.99995506 0.9993343  0.9999162
 0.9999422  0.99992585 0.9997657  0.9998235  0.99991703]
[0.9952579  0.99990153 0.99992406 0.9999199  0.9996289  0.9998171
 0.99988604 0.99986994 0.99980205 0.9998896  0.9999573 ]
[0.997269   0.9999145  0.99996567 0.9999287  0.9993494  0.99988675
 0.9998783  0.9999205  0.99968004 0.99986446 0.9999182 ]
[0.9945943  0.99995315 0.99996006 0.99993086 0.9993352  0.9998709
 0.9998809  0.99993086 0.99972886 0.9998216  0.99992657]
[0.99699926 0.9999522  0.99995816 0.9999387  0.9995259  0.9998129
 0.9999169  0.99989927 0.9996686  0.9998492  0.99995875]
[0.993572   0.9999485  0.99992573 0.9999287  0.9993917  0.9998921
 0.9999292  0.9998915  0.99970454 0.99982363 0.99995494]
[0.9953211  0.9999378  0.9999409  0.99995303 0.999595   0.9998173
 0.9998983  0.99989164 0.9997557  0.99979657 0.999933  ]
[0.9957795  0.9999459  0.9999474  0.9999602  0.9996722  0.9998567
 0.99993896 0.9999263  0.9997894  0.9998373  0.9999275 ]
[0.99566036 0.9999337  0.99993193 0.9999236  0.99961    0.9998907
 0.99990106 0.9998921  0.99980026 0.9998585  0.9999262 ]
[0.9964678  0.99995387 0.99994934 0.9999201  0.9995435  0.99982506
 0.9999242  0.99987805 0.99973553 0.9998184  0.99993956]
[0.996684   0.999933   0.9999627  0.9999336  0.99958366 0.99990785
 0.9999498  0.9998685  0.9996772  0.9998654  0.9999093 ]
[0.9953934  0.99991226 0.99996245 0.9999342  0.9993362  0.9998827
 0.9999318  0.9999238  0.99969184 0.9998292  0.99994385]
[0.9938101  0.9999274  0.9999423  0.99994767 0.9993297  0.9998079
 0.999905   0.9998548  0.9997143  0.9999056  0.999925  ]
[0.9955397  0.9999418  0.99992466 0.99992955 0.9993748  0.9998136
 0.999912   0.9999242  0.999801   0.9999057  0.9999472 ]
[0.9952453  0.9999306  0.9999471  0.9999511  0.9996927  0.99989533
 0.99991584 0.99992704 0.9997632  0.99981314 0.9999286 ]
[0.9942048  0.9999199  0.9999633  0.9999485  0.99941576 0.99991953
 0.99989057 0.99993074 0.9997259  0.9998313  0.9999112 ]
[0.99302495 0.9999484  0.9999354  0.999959   0.99950397 0.9999001
 0.9999373  0.9998927  0.99982136 0.99986506 0.9999348 ]
[0.9958401  0.99994946 0.9999589  0.9999505  0.9994066  0.9998117
 0.9998989  0.9999312  0.99977726 0.99987245 0.9999397 ]
[0.99304515 0.99995375 0.999959   0.9999304  0.9996352  0.99981374
 0.9998876  0.9998653  0.9997769  0.9998317  0.99995625]
[0.9950336  0.99990416 0.99996924 0.99994314 0.99942327 0.9999125
 0.99991035 0.9998784  0.99972993 0.99980956 0.9999335 ]
[0.9959514  0.9999553  0.99995553 0.9999442  0.99966896 0.99985874
 0.9999101  0.99992454 0.99975055 0.9998247  0.9999491 ]
[0.992362   0.9999428  0.9999616  0.99994147 0.9993911  0.9998392
 0.99994135 0.9999232  0.9997532  0.99989223 0.99994004]
[0.9941659  0.9999484  0.99992394 0.99994004 0.9993857  0.9998784
 0.99994075 0.999908   0.99975413 0.999811   0.99991477]
[0.99632406 0.99994195 0.99995697 0.99995077 0.99966633 0.999879
 0.999943   0.99986637 0.999708   0.9998722  0.99994767]
[0.9968137  0.9999182  0.99993217 0.99996114 0.9993735  0.99991405
 0.9998877  0.9998958  0.9997559  0.9998462  0.9999391 ]
[0.9958677  0.99991155 0.99996233 0.99996257 0.9993975  0.9999193
 0.9999316  0.9998487  0.9996543  0.99979633 0.99991906]
[0.9940673  0.9999285  0.9999683  0.9999269  0.9994288  0.999835
 0.99993134 0.99988675 0.9996736  0.99987566 0.99994254]
[0.99445194 0.99994135 0.9999647  0.9999548  0.9994417  0.99988997
 0.9999459  0.9999238  0.999691   0.9998882  0.9999132 ]
[0.9962202  0.9999529  0.99996686 0.9999583  0.99959594 0.9998271
 0.9999274  0.9998729  0.9997582  0.99981636 0.99995375]
[0.9944121  0.9999207  0.9999292  0.9999094  0.99970275 0.9998841
 0.9999025  0.9998987  0.9996612  0.9998584  0.9999474 ]
[0.9954764  0.99994767 0.9999685  0.9999162  0.999503   0.9998721
 0.99988115 0.99988675 0.99964476 0.9998586  0.9999453 ]
[0.9931217  0.99993455 0.99995685 0.99995303 0.9996952  0.9998559
 0.9998828  0.9999089  0.99979943 0.99986553 0.9999578 ]
[0.9962817  0.99991596 0.9999503  0.9999589  0.999597   0.99982363
 0.99991083 0.99991703 0.9997428  0.99982446 0.9999243 ]
[0.99437547 0.9999082  0.99995196 0.9999589  0.9994081  0.99983275
 0.9999025  0.99986327 0.9997336  0.9999106  0.99990964]
[0.99650466 0.9999473  0.9999347  0.99994445 0.99965537 0.99981683
 0.9999435  0.9999032  0.9997414  0.9998024  0.99995434]
[0.9952904  0.9999063  0.9999573  0.999913   0.99965894 0.999892
 0.9998723  0.999926   0.99971217 0.99980694 0.9999083 ]
[0.9941983  0.9999379  0.99994373 0.9999285  0.99958664 0.9998853
 0.9999268  0.9998945  0.99969804 0.9998617  0.9999286 ]
[0.9937016  0.9999058  0.99996006 0.99991536 0.9996754  0.9998902
 0.9998939  0.9999329  0.99963737 0.99980515 0.9999089 ]
[0.99531835 0.99992955 0.99996674 0.9999502  0.9996131  0.99988353
 0.99989474 0.9998933  0.9998116  0.9998418  0.9999553 ]
[0.9963223  0.99989784 0.9999291  0.9999274  0.99969625 0.99983084
 0.9998839  0.9998925  0.9997832  0.9998154  0.99994695]
[0.99659497 0.9999089  0.9999291  0.9999578  0.999694   0.9998404
 0.9999018  0.99992347 0.999703   0.9998173  0.9999161 ]
[0.9943011  0.99993956 0.99996126 0.99993515 0.99954635 0.9998196
 0.9999299  0.99985456 0.99977034 0.9998845  0.99991834]
[0.99561226 0.99994004 0.9999665  0.9999238  0.9996433  0.9998932
 0.9999385  0.99990034 0.9997869  0.99984086 0.9999602 ]
[0.99521977 0.9999168  0.9999411  0.9999411  0.9995839  0.9998816
 0.99994695 0.9998951  0.99978    0.9998493  0.999951  ]
[0.9934469  0.99990845 0.99993944 0.9999572  0.99947923 0.9999027
 0.99987626 0.9999263  0.9996202  0.9998204  0.99996006]
[0.9937926  0.9999298  0.99993646 0.9999306  0.9996536  0.9998851
 0.9999316  0.999843   0.99972516 0.9997991  0.9999486 ]
[0.9961754  0.9999505  0.99996686 0.99994826 0.9995938  0.9998857
 0.9999311  0.9999211  0.9997547  0.99982053 0.99992406]
[0.9968273  0.9998994  0.9999497  0.99991643 0.9996728  0.99990153
 0.9999435  0.9998939  0.99974436 0.999866   0.99995065]
[0.99411184 0.99989843 0.99995375 0.9999523  0.99949527 0.99991107
 0.99993956 0.9999144  0.9997638  0.99982446 0.9999509 ]
[0.99675494 0.9998969  0.99994683 0.9999101  0.9994997  0.99983823
 0.99992454 0.9999188  0.99962926 0.99978286 0.99993443]
[0.994048   0.9999131  0.99996054 0.9999291  0.99959904 0.9999021
 0.99990714 0.99992275 0.99976665 0.9998505  0.99993086]
[0.99254227 0.9999485  0.99993825 0.9999248  0.99965346 0.9999037
 0.9999219  0.9998516  0.99982256 0.99989283 0.9999516 ]
[0.9955159  0.9999529  0.9999453  0.9999591  0.9994168  0.99988234
 0.9998971  0.9998641  0.9997396  0.99990475 0.9999502 ]
[0.9953003  0.99993396 0.9999645  0.99993753 0.9994266  0.9998828
 0.9999441  0.99985325 0.9998319  0.9998833  0.99993837]
[0.9935819  0.9999162  0.9999355  0.9999472  0.9996197  0.9999126
 0.99990344 0.9999194  0.9996556  0.99989855 0.99991906]
[0.9938665  0.999951   0.999944   0.9999583  0.99959236 0.9999126
 0.99994123 0.9998919  0.99975747 0.9998154  0.9999443 ]
[0.9971614  0.99995065 0.9999664  0.99992466 0.99958044 0.99985075
 0.9998981  0.9999174  0.99974877 0.99989843 0.9999305 ]
[0.9957384  0.9999511  0.99996495 0.9999515  0.9995229  0.9998118
 0.9999385  0.999869   0.99978215 0.99984777 0.9999548 ]
[0.9962458  0.9999074  0.99992704 0.99992156 0.9996551  0.9999107
 0.99993277 0.99990404 0.9998036  0.99986684 0.9999428 ]
[0.99528235 0.9999547  0.99995923 0.9999485  0.9996785  0.99987364
 0.99992776 0.9999018  0.9997365  0.99985516 0.99995327]
[0.99687827 0.9999105  0.99993384 0.9999522  0.9996773  0.99987304
 0.99993765 0.99989283 0.99976736 0.99980634 0.99995637]
[0.9933903  0.999899   0.9999676  0.99991727 0.9994555  0.9998252
 0.99989367 0.999894   0.9997366  0.99983454 0.999948  ]
[0.9943962  0.9999356  0.9999232  0.99991834 0.99946517 0.99987817
 0.99992466 0.9999262  0.9997125  0.999816   0.99992883]
[0.99221134 0.99994314 0.9999665  0.9999224  0.9996656  0.9998684
 0.9999198  0.99991834 0.9996246  0.9998381  0.99995255]
