Mprobs for dataset sim1_corr (0.7) (Mean-field): 

[0.9936073  0.9999037  0.9999558  0.9999502  0.9995407  0.9998472
 0.99993503 0.9999336  0.99981564 0.9998909  0.99995184]
[0.9915024  0.9998977  0.9999225  0.9999052  0.9995104  0.9998988
 0.999887   0.99989283 0.99976987 0.99987626 0.99992   ]
[0.9902714  0.9998956  0.9999423  0.9999409  0.99959403 0.99991775
 0.99992704 0.9998846  0.999793   0.99981016 0.9999509 ]
[0.99218774 0.9999268  0.9999263  0.9999596  0.99961    0.99988115
 0.9998971  0.9998915  0.9997794  0.99979764 0.99991024]
[0.99056023 0.9999312  0.9999511  0.9999559  0.9997008  0.9998914
 0.9999136  0.9998622  0.99980897 0.9998472  0.99991405]
[0.99018127 0.99993    0.9999529  0.9999199  0.9995758  0.99979633
 0.99994373 0.9999014  0.99980253 0.9998945  0.99994516]
[0.99058235 0.999954   0.99996257 0.9999536  0.99969053 0.9998561
 0.9999125  0.99991477 0.9996629  0.99988115 0.99994314]
[0.98447186 0.9999387  0.99995065 0.9999089  0.9995042  0.9999
 0.99991    0.9998944  0.99965835 0.99983084 0.9999577 ]
[0.99116725 0.9999298  0.9999342  0.9999491  0.9993629  0.99983954
 0.99991024 0.99992895 0.9997459  0.9998852  0.99991786]
[0.987766   0.999938   0.99996126 0.9999324  0.99937695 0.9999124
 0.9999181  0.9999305  0.99984634 0.9999039  0.9999324 ]
[0.9885295  0.99993277 0.99996233 0.999959   0.9993672  0.9998945
 0.9999387  0.99991715 0.999811   0.99988806 0.99993336]
[0.99068236 0.9999229  0.9999578  0.9999336  0.99950635 0.9998596
 0.99991536 0.9998964  0.9997255  0.9998691  0.99990606]
[0.987705   0.9998907  0.99996376 0.99996257 0.999408   0.99983346
 0.999897   0.9999268  0.9996369  0.9997998  0.99993217]
[0.9849289  0.9999064  0.9999362  0.99990535 0.9995491  0.99987733
 0.9999021  0.99993277 0.9997967  0.99989533 0.99992394]
[0.99238765 0.9999279  0.9999467  0.999956   0.9995005  0.9999149
 0.9999244  0.99989736 0.9997683  0.9998915  0.999915  ]
[0.9933114  0.99994206 0.99995613 0.9999541  0.9996068  0.9998548
 0.9999356  0.9998466  0.99967456 0.9998467  0.9999528 ]
[0.9865551  0.9999002  0.9999589  0.9999206  0.9994666  0.9998385
 0.99993896 0.99990606 0.99968815 0.99988675 0.9999293 ]
[0.99289954 0.9999231  0.99994445 0.99995804 0.9996486  0.999843
 0.99994004 0.99992466 0.9996232  0.99985635 0.99991906]
[0.98811287 0.9999473  0.99994516 0.9999212  0.9994886  0.99985075
 0.9999254  0.99991035 0.99965703 0.99980694 0.999938  ]
[0.9883989  0.9999467  0.99996424 0.999956   0.9993831  0.9998536
 0.99991286 0.99987876 0.9996489  0.9998503  0.9999418 ]
[0.9830058  0.9999218  0.9999641  0.9999405  0.9995889  0.9998896
 0.99993587 0.9999043  0.9997396  0.99983656 0.99995434]
[0.98783886 0.9999316  0.99996686 0.9999131  0.999483   0.9998845
 0.99989593 0.9999254  0.9996991  0.99987495 0.9999598 ]
[0.99248004 0.99992704 0.99995387 0.99994636 0.99931276 0.99988043
 0.99990606 0.9998727  0.9996753  0.9997929  0.99994075]
[0.9901945  0.9999497  0.9999542  0.9999409  0.9993411  0.9998833
 0.99994946 0.9998671  0.9996629  0.9998292  0.99994445]
[0.9927771  0.99994016 0.99993205 0.99991536 0.999608   0.99989367
 0.99994576 0.9998728  0.99965584 0.9998191  0.99995625]
[0.9922329  0.9999255  0.9999269  0.9999317  0.9996113  0.9998896
 0.99989045 0.99991167 0.99970895 0.99985695 0.9999553 ]
[0.99303836 0.9999484  0.9999479  0.99995613 0.99958354 0.99990165
 0.9998889  0.99992406 0.9998228  0.9998442  0.99994624]
[0.98795986 0.9999398  0.9999603  0.99992466 0.99960977 0.9998878
 0.99990404 0.9999038  0.99971384 0.99987257 0.9999193 ]
[0.9849799  0.9999366  0.99994755 0.99995565 0.99963236 0.99982005
 0.99992335 0.9998481  0.99964774 0.9997892  0.99995446]
[0.9931078  0.99994886 0.9999294  0.9999454  0.9995963  0.99987566
 0.9998983  0.9999019  0.99978906 0.9999037  0.9999399 ]
[0.9899878  0.99993026 0.99996495 0.99993217 0.99937063 0.99989176
 0.999899   0.999863   0.9998258  0.9998814  0.9999372 ]
[0.98901385 0.99993706 0.99992347 0.9999511  0.9995315  0.9998215
 0.99987745 0.99991155 0.9997749  0.9998901  0.99995196]
[0.9900752  0.9998976  0.9999492  0.99993193 0.99955064 0.9998473
 0.9999186  0.99993277 0.9996247  0.9999087  0.9999509 ]
[0.9911801  0.9999534  0.99995995 0.99996185 0.9995654  0.9999063
 0.99987304 0.9999256  0.999811   0.9998909  0.9999461 ]
[0.99158573 0.9999082  0.99996674 0.99991417 0.9996321  0.9999076
 0.99990237 0.9998797  0.999741   0.99989784 0.9999397 ]
[0.989005   0.9999548  0.99993384 0.9999579  0.99964905 0.9999062
 0.9999286  0.99985063 0.9998179  0.9998385  0.99992025]
[0.9919446  0.99994075 0.99996793 0.99994504 0.9996295  0.9998542
 0.99989927 0.9998907  0.9997465  0.9998099  0.9999119 ]
[0.98305804 0.99991596 0.99995625 0.99993825 0.9996107  0.99986124
 0.99987495 0.99990165 0.99978894 0.9998988  0.9999454 ]
[0.9917725  0.9999217  0.99996245 0.9999088  0.99966145 0.9999001
 0.999944   0.9998896  0.9998305  0.9998714  0.99994063]
[0.98576397 0.99993956 0.99992657 0.99994576 0.99963796 0.9998934
 0.9999397  0.9998597  0.99981815 0.999882   0.9999521 ]
[0.9922348  0.99991643 0.9999486  0.99995506 0.9995722  0.99981743
 0.999889   0.99987125 0.99964607 0.9998597  0.99992657]
[0.98942894 0.999941   0.9999465  0.9999206  0.9994073  0.999835
 0.999948   0.99989986 0.99969304 0.9998635  0.99995685]
[0.992492   0.99995553 0.9999553  0.9999323  0.99965274 0.99984264
 0.99994147 0.999923   0.9997663  0.9997975  0.9999335 ]
[0.9875716  0.999951   0.99995875 0.9999546  0.9996588  0.9998474
 0.9998871  0.9999007  0.999798   0.9998652  0.9999125 ]
[0.9841313  0.9999316  0.9999534  0.99992967 0.9996625  0.99988544
 0.99990284 0.99986136 0.9996055  0.9998485  0.99995875]
[0.99008757 0.9999275  0.999931   0.99991    0.99949956 0.99991417
 0.9998914  0.99990296 0.9997234  0.99988854 0.99991846]
[0.9909252  0.99992824 0.99993503 0.9999528  0.9993425  0.9998498
 0.9998853  0.9998996  0.9996797  0.99983644 0.99991727]
[0.9907195  0.99993384 0.9999354  0.99991477 0.999634   0.9998369
 0.99990606 0.99988806 0.9998072  0.9998846  0.99991536]
[0.9852356  0.9998939  0.99994195 0.9999578  0.99963903 0.99981016
 0.9999355  0.99993455 0.9996377  0.9997893  0.9999149 ]
[0.99347645 0.99993694 0.9999665  0.9999604  0.9995684  0.9998652
 0.99992406 0.9998921  0.99981254 0.99990046 0.99991393]
[0.9920413  0.9999502  0.99993515 0.9999236  0.99934036 0.9999074
 0.9999088  0.9999031  0.99974364 0.99987566 0.99993885]
[0.9877785  0.99990416 0.99995613 0.9999355  0.99936765 0.999889
 0.9998951  0.9998821  0.99975115 0.9998362  0.9999579 ]
[0.9869997  0.9999275  0.9999399  0.9999535  0.9994702  0.99985075
 0.9999281  0.99985456 0.9997744  0.99987566 0.9999505 ]
[0.9864094  0.9999552  0.9999305  0.9999132  0.99941826 0.99991226
 0.9999479  0.99991095 0.9997341  0.9999007  0.9999125 ]
[0.98930454 0.99992704 0.99996805 0.9999577  0.9997031  0.9998946
 0.99993277 0.99991035 0.99962306 0.99985147 0.9999306 ]
[0.9878864  0.9999162  0.99992394 0.9999552  0.9994137  0.99984
 0.99989545 0.9999001  0.9997304  0.99983525 0.99995995]
[0.9841175  0.99995553 0.9999448  0.9999423  0.9996995  0.9998913
 0.99991715 0.9999008  0.9997588  0.99986947 0.9999244 ]
[0.98953676 0.99995196 0.99995303 0.99995804 0.99948585 0.99984753
 0.99989104 0.99992347 0.9996481  0.9999052  0.9999205 ]
[0.9916441  0.9999459  0.9999279  0.99996006 0.9996636  0.99990606
 0.9999285  0.9999039  0.99963653 0.9998801  0.99991417]
[0.9851488  0.9999443  0.99995494 0.9999367  0.99962246 0.9998678
 0.99992895 0.9999287  0.99982613 0.99990284 0.999949  ]
[0.98633575 0.9998981  0.9999347  0.9999423  0.9996834  0.99983966
 0.9999175  0.9999168  0.999647   0.9998241  0.99991155]
[0.9830703  0.99993193 0.9999571  0.9999361  0.9995685  0.9998135
 0.9999062  0.9998462  0.99976104 0.9997917  0.9999193 ]
[0.98969007 0.9999497  0.9999424  0.9999443  0.99951947 0.9998264
 0.99989414 0.9999019  0.99964046 0.9998994  0.99993396]
[0.99085605 0.99994206 0.9999422  0.99993503 0.999622   0.9998574
 0.9999329  0.9999275  0.9996939  0.999884   0.9999126 ]
[0.9912657  0.9999336  0.9999263  0.9999081  0.9996363  0.99989367
 0.9999491  0.9998709  0.9997453  0.9998522  0.99995244]
[0.9822433  0.9999485  0.99996054 0.9999577  0.9995566  0.9998889
 0.9999447  0.99990773 0.99976283 0.9998548  0.9999589 ]
[0.98895234 0.9999105  0.99993145 0.9999343  0.99951494 0.99985087
 0.99991345 0.999874   0.9997992  0.9998273  0.99995804]
[0.99032    0.99995005 0.9999261  0.99993825 0.99952185 0.9998561
 0.9999212  0.9998791  0.99975973 0.9998406  0.99994445]
[0.9857637  0.9998983  0.99993753 0.9999193  0.9996138  0.99991345
 0.99991274 0.9999031  0.99975556 0.999887   0.9999541 ]
[0.9874944  0.99994576 0.9999385  0.99995446 0.9994179  0.9998845
 0.9999176  0.9999002  0.9998343  0.99990714 0.99995244]
[0.9924023  0.9999454  0.9999585  0.9999113  0.9995097  0.9999145
 0.99992883 0.99984777 0.9997303  0.99990654 0.9999559 ]
[0.98487157 0.99994314 0.99996114 0.99992645 0.99951625 0.99991477
 0.9999405  0.9999056  0.99981624 0.9998995  0.99994254]
[0.9908455  0.99991393 0.99994636 0.99994624 0.99944204 0.9998946
 0.9998951  0.9998599  0.9996166  0.9998412  0.99991965]
[0.9883405  0.9999552  0.9999374  0.99995196 0.99964607 0.99990726
 0.9999443  0.99991715 0.9997445  0.99987555 0.99995077]
[0.99288976 0.9999242  0.9999558  0.9999511  0.9996687  0.9999187
 0.9998741  0.9999027  0.9997873  0.9998204  0.99995494]
[0.9933689  0.99992085 0.9999598  0.9999498  0.9997061  0.999858
 0.9999106  0.9999151  0.9997247  0.9998739  0.999959  ]
[0.9924792  0.9999294  0.99992895 0.99994004 0.99965525 0.99986255
 0.9999453  0.99992144 0.9997204  0.99986815 0.999961  ]
[0.9866666  0.99993694 0.9999567  0.99995494 0.9996543  0.99991524
 0.99990296 0.99992394 0.9998338  0.999892   0.9999119 ]
[0.9831839  0.9999356  0.99994457 0.99991846 0.99957937 0.99989223
 0.9999336  0.9999238  0.9996275  0.999866   0.9999552 ]
[0.99308383 0.9999145  0.9999659  0.999962   0.99959224 0.99981695
 0.99987996 0.99992967 0.9998356  0.9998969  0.9999217 ]
[0.9918611  0.9999188  0.9999528  0.9999584  0.999433   0.999828
 0.99993205 0.9999198  0.99968684 0.9998679  0.99992526]
[0.9815762  0.99994695 0.99993145 0.99993    0.9996244  0.999826
 0.99992406 0.99991286 0.9998375  0.99986696 0.9999262 ]
[0.99100846 0.9999044  0.9999422  0.99995923 0.99958915 0.9998528
 0.9998776  0.99991894 0.9997273  0.9998473  0.9999417 ]
[0.98336625 0.9999268  0.9999559  0.9999331  0.9994294  0.9998721
 0.99992716 0.9998691  0.9997526  0.9998636  0.99993086]
[0.98532724 0.9999368  0.99993587 0.9999529  0.99956185 0.9998729
 0.9999088  0.99988973 0.99973625 0.9998486  0.99991035]
[0.98336756 0.9999083  0.99996614 0.9999614  0.9993292  0.9998919
 0.99993956 0.9998938  0.9997167  0.99979466 0.99992085]
[0.9931417  0.99992204 0.9999677  0.9999119  0.9993468  0.9998578
 0.9999362  0.9999056  0.9996501  0.99980277 0.99995697]
[0.9839909  0.99991024 0.9999399  0.99991965 0.9994831  0.99991715
 0.99993193 0.9998958  0.99975234 0.99981016 0.99992   ]
[0.9887334  0.99994123 0.9999449  0.9999596  0.99951684 0.9998814
 0.9999386  0.9998926  0.9996847  0.999818   0.9999522 ]
[0.98752326 0.99992645 0.99993575 0.999918   0.99953413 0.99986744
 0.99993384 0.9999094  0.9997383  0.9998332  0.9999597 ]
[0.9831492  0.9999192  0.9999418  0.9999398  0.99947804 0.99981123
 0.9999081  0.9998801  0.9996487  0.999816   0.9999604 ]
[0.9912277  0.99992955 0.99994683 0.9999231  0.9996667  0.9998933
 0.999879   0.99985313 0.99973613 0.9998086  0.99995303]
[0.9905884  0.9999429  0.99993825 0.9999292  0.9995079  0.999821
 0.99991083 0.9999063  0.99982005 0.9998035  0.999948  ]
[0.98370725 0.9999385  0.9999529  0.9999379  0.9996737  0.99990916
 0.9999155  0.9998466  0.9997031  0.9998878  0.99995446]
[0.98959875 0.9999298  0.99994206 0.99995744 0.9996111  0.9998363
 0.9999447  0.99989665 0.9997764  0.9998683  0.9999497 ]
[0.98818165 0.9999504  0.99993825 0.9999418  0.9994777  0.9998847
 0.999946   0.9999113  0.9996948  0.9998528  0.99994504]
[0.99212474 0.9999064  0.9999535  0.99991095 0.999498   0.99985576
 0.9998766  0.9999348  0.9996464  0.9998815  0.9999187 ]
[0.9827077  0.9999106  0.99995685 0.99993634 0.9996271  0.9998658
 0.9999417  0.9998599  0.9997737  0.9998485  0.9999064 ]
[0.9869419  0.9999485  0.99995804 0.99992263 0.99960417 0.9998802
 0.9999386  0.99990916 0.99966574 0.9998481  0.99993753]
[0.98517203 0.99992955 0.9999596  0.9999429  0.9995908  0.99985325
 0.9999174  0.99989355 0.99969554 0.9998087  0.9999448 ]
