Mprobs for dataset sim1_corr (0.4) (Mean-field): 

[0.9353232  0.99988496 0.9999584  0.999923   0.9992969  0.9999001
 0.9999411  0.9999205  0.9998265  0.9998274  0.99995077]
[0.92319787 0.9998958  0.99996114 0.9999552  0.9996247  0.99990904
 0.99992263 0.9999229  0.99981827 0.99989974 0.9999379 ]
[0.9253053  0.99994063 0.99995863 0.9999337  0.9993111  0.99982303
 0.9998946  0.9999267  0.9997267  0.9998616  0.99994373]
[0.95232487 0.9999232  0.9999486  0.9999502  0.99945194 0.9999013
 0.9998938  0.99990726 0.9997924  0.99990404 0.9999064 ]
[0.957307   0.99987054 0.9999645  0.9999423  0.9996271  0.9998087
 0.9999341  0.9999242  0.99962866 0.9998067  0.99995637]
[0.9469489  0.9999056  0.9999666  0.9999422  0.99955314 0.99987626
 0.9999399  0.9998729  0.99977    0.9998191  0.999961  ]
[0.96065855 0.9999318  0.99993217 0.9999484  0.9996544  0.999819
 0.999915   0.9999224  0.99973637 0.9998945  0.9999232 ]
[0.958245   0.99991405 0.9999589  0.9999516  0.9995421  0.99986565
 0.99991274 0.9998882  0.9997062  0.99988735 0.99991727]
[0.945739   0.99994016 0.9999293  0.9999113  0.99955624 0.9998436
 0.9999038  0.99984837 0.9996823  0.99987197 0.99993205]
[0.91894895 0.9999232  0.99992836 0.99996054 0.99945873 0.9998429
 0.99989974 0.99992657 0.9998035  0.99985826 0.99992204]
[0.95851105 0.999925   0.9999447  0.9999285  0.9993206  0.99991465
 0.9999268  0.99989843 0.9998061  0.99984133 0.9999254 ]
[0.92091286 0.99992824 0.9999294  0.99995184 0.99938416 0.9998884
 0.99992657 0.999861   0.9997609  0.9998703  0.9999479 ]
[0.9668005  0.9998784  0.9999567  0.99995935 0.9996605  0.99981123
 0.9998895  0.9998754  0.99979573 0.9998995  0.9999504 ]
[0.9349821  0.9998708  0.9999666  0.99992037 0.9996288  0.99988973
 0.9999217  0.9999124  0.9997266  0.9998909  0.99991393]
[0.93009275 0.9998833  0.999951   0.9999591  0.999605   0.99991024
 0.99994755 0.9999312  0.99964666 0.9998671  0.9999535 ]
[0.9522855  0.99992716 0.999967   0.9999596  0.9995604  0.99991035
 0.9999094  0.9998729  0.9997876  0.9998197  0.9999449 ]
[0.96391666 0.99991703 0.9999393  0.99995637 0.99960274 0.99986804
 0.999948   0.9998685  0.9996569  0.9998084  0.99992275]
[0.9487532  0.9999033  0.99993765 0.9999602  0.9995584  0.9998394
 0.9999478  0.99987364 0.9997441  0.99991    0.9999471 ]
[0.9409569  0.99987113 0.9999521  0.9999535  0.99957997 0.999859
 0.99993026 0.99985266 0.99963903 0.9998784  0.9999418 ]
[0.9335431  0.99991035 0.99995947 0.9999442  0.9996525  0.99990106
 0.9998872  0.9999131  0.9998056  0.9998241  0.99993694]
[0.93337053 0.9999391  0.999966   0.9999509  0.99941254 0.99990547
 0.9999484  0.9999316  0.9997336  0.9998791  0.99994934]
[0.961434   0.99991035 0.99993885 0.999913   0.99949956 0.9998709
 0.99987924 0.9999225  0.9997563  0.9997955  0.9999509 ]
[0.95243174 0.9999198  0.9999628  0.99995697 0.99954104 0.9999201
 0.99991536 0.9999225  0.9998227  0.9998429  0.9999348 ]
[0.9373759  0.999925   0.99993706 0.99993205 0.9995347  0.99981207
 0.9999064  0.9998535  0.9998167  0.99987876 0.9999312 ]
[0.9285157  0.9998969  0.99995935 0.99993813 0.99966407 0.99990463
 0.9999089  0.9998779  0.9998222  0.99987423 0.9999559 ]
[0.95426387 0.9999051  0.9999492  0.99993026 0.9994954  0.9999081
 0.99991155 0.9999033  0.9997985  0.9998417  0.9999447 ]
[0.9555266  0.99993587 0.9999634  0.9999293  0.99963176 0.99991584
 0.99991083 0.9998745  0.99975115 0.999907   0.99994254]
[0.96363974 0.99989164 0.9999366  0.999933   0.9995758  0.99984837
 0.99990094 0.9998987  0.99978477 0.999899   0.999954  ]
[0.9203741  0.99992263 0.99994576 0.9999374  0.99933594 0.9999013
 0.99991214 0.9998735  0.9997031  0.9997925  0.9999114 ]
[0.94328576 0.99988616 0.99992657 0.9999261  0.9994505  0.99990666
 0.999897   0.99988735 0.99972445 0.9998386  0.99991465]
[0.964051   0.9998927  0.9999567  0.9999305  0.99961096 0.99991655
 0.99994457 0.9998586  0.9996557  0.999877   0.9999485 ]
[0.9288616  0.999913   0.9999254  0.999948   0.9996766  0.999819
 0.99991643 0.9998702  0.99983096 0.99983823 0.99994886]
[0.9476499  0.9999285  0.99996066 0.9999572  0.9995647  0.9998122
 0.9999348  0.9998467  0.99970645 0.99987483 0.99994993]
[0.9312716  0.9998894  0.999966   0.9999484  0.9997037  0.99988234
 0.9999312  0.9998697  0.99966717 0.99982387 0.9999262 ]
[0.9399876  0.9999275  0.99995136 0.9999542  0.99969196 0.99987304
 0.99994385 0.9999168  0.9997669  0.9998293  0.9999316 ]
[0.95534486 0.99991703 0.9999535  0.99993575 0.9995183  0.9998989
 0.999946   0.99991465 0.9996644  0.9998078  0.99995685]
[0.9610333  0.9999156  0.9999614  0.99995387 0.9996045  0.9998233
 0.9999461  0.9998766  0.99980706 0.99988556 0.99991155]
[0.96571267 0.9999186  0.9999503  0.9999113  0.9996512  0.9998622
 0.99989474 0.99988306 0.9997311  0.9998548  0.9999112 ]
[0.9423106  0.99989283 0.9999651  0.9999466  0.9996847  0.9998481
 0.99991226 0.9999056  0.9997186  0.9998449  0.9999198 ]
[0.93669564 0.99990845 0.99996555 0.9999236  0.99949145 0.9998617
 0.9999162  0.9999006  0.99962723 0.99980086 0.9999478 ]
[0.95229095 0.9998785  0.9999505  0.9999275  0.9996489  0.9998969
 0.9999311  0.99987674 0.99972206 0.9998073  0.99991906]
[0.9419438  0.9999193  0.9999597  0.99993896 0.9994066  0.9998981
 0.9999311  0.9998895  0.9997454  0.9998018  0.999933  ]
[0.94579864 0.9998877  0.99994504 0.9999213  0.9994468  0.9998859
 0.9999019  0.9999168  0.9996855  0.9998611  0.99996006]
[0.9640203  0.99990416 0.9999676  0.9999602  0.99961096 0.99983335
 0.9999294  0.9999324  0.9996599  0.99988127 0.9999279 ]
[0.96607333 0.9998865  0.9999598  0.9999219  0.9994491  0.9998797
 0.9999174  0.999863   0.99982136 0.9998616  0.99994266]
[0.9320825  0.9999343  0.9999449  0.9999554  0.9996767  0.99991214
 0.9999205  0.9998963  0.99979657 0.99983525 0.9999603 ]
[0.9216154  0.99992883 0.99996746 0.99994636 0.9995326  0.9998264
 0.9998946  0.999894   0.99968433 0.9998374  0.9999356 ]
[0.9333841  0.9999249  0.9999654  0.9999225  0.9994307  0.99989045
 0.9998722  0.9998921  0.9996377  0.99984837 0.9999217 ]
[0.9365563  0.99993837 0.9999366  0.99995327 0.99943644 0.9998951
 0.9999219  0.9999335  0.99979657 0.9998939  0.9999162 ]
[0.93025106 0.9998715  0.99996173 0.99996114 0.99946636 0.9998785
 0.9998945  0.9999192  0.9997342  0.9998933  0.99994564]
[0.9289678  0.9999392  0.9999536  0.99995136 0.9996921  0.9998884
 0.9999138  0.9999083  0.99971205 0.999841   0.99995995]
[0.9503962  0.99992156 0.9999578  0.9999325  0.9995239  0.9998809
 0.9999144  0.999902   0.9997665  0.9997936  0.9999573 ]
[0.96138126 0.99989736 0.9999255  0.99992    0.9994067  0.9998124
 0.9998745  0.9998791  0.99969554 0.99989915 0.99993765]
[0.95507294 0.9998666  0.99995697 0.999907   0.9994222  0.9999045
 0.99990475 0.99984896 0.9996766  0.99988997 0.99995315]
[0.9338221  0.9998759  0.9999304  0.99992    0.99954563 0.99985576
 0.99991727 0.99989223 0.9996208  0.999795   0.9999404 ]
[0.94867796 0.9999224  0.99995065 0.99994874 0.99950576 0.99987173
 0.9999273  0.9998952  0.99981266 0.9998889  0.9999579 ]
[0.9335024  0.99988794 0.9999558  0.99995065 0.9994783  0.9998572
 0.9999188  0.9998635  0.9997602  0.9998165  0.99993885]
[0.9328504  0.9999391  0.99993753 0.99995625 0.9996624  0.99985874
 0.9999461  0.9999232  0.99967635 0.99988115 0.9999434 ]
[0.95438784 0.99988866 0.99996316 0.99991405 0.9995646  0.999915
 0.99991333 0.9998548  0.9998178  0.9998847  0.9999337 ]
[0.9330745  0.9999218  0.99995196 0.9999304  0.9994221  0.9998672
 0.9998789  0.9999105  0.9998375  0.99984586 0.9999293 ]
[0.9417983  0.99992156 0.9999261  0.99992514 0.9996412  0.99985564
 0.9998921  0.9998983  0.999673   0.9997931  0.9999578 ]
[0.95722306 0.9999306  0.99996924 0.9999474  0.99968123 0.9998337
 0.99990904 0.99984324 0.9998196  0.9998435  0.99995494]
[0.94515514 0.9998683  0.9999689  0.99991417 0.99929154 0.9998486
 0.99993134 0.9998739  0.9996767  0.9998869  0.99990916]
[0.92278355 0.99994195 0.99996376 0.99991775 0.9996691  0.9999207
 0.99994063 0.99992704 0.99978834 0.99983037 0.9999335 ]
[0.9648009  0.9998884  0.9999448  0.99995327 0.99933463 0.9998398
 0.9999114  0.9998615  0.9998265  0.9998554  0.9999548 ]
[0.9299215  0.99990225 0.99993205 0.9999329  0.9995136  0.9998424
 0.99991083 0.9999331  0.99970144 0.99982435 0.99995935]
[0.96484274 0.99993396 0.99995816 0.9999256  0.9996532  0.99986887
 0.99988043 0.99985397 0.99975616 0.99982697 0.9999596 ]
[0.9508572  0.99988973 0.99993694 0.9999163  0.9994808  0.99984777
 0.9998907  0.99985313 0.99972206 0.9998222  0.99991643]
[0.95457345 0.9999398  0.9999635  0.99993336 0.9993237  0.99983346
 0.99987864 0.9998859  0.99963164 0.9998734  0.99995077]
[0.95721114 0.99988675 0.99995697 0.99995196 0.9994715  0.99990296
 0.9999242  0.9999281  0.9996306  0.9998271  0.9999424 ]
[0.9433099  0.9999262  0.9999641  0.9999205  0.9996191  0.99981123
 0.9999031  0.9999037  0.99981815 0.9997961  0.9999527 ]
[0.9654183  0.99991333 0.9999441  0.9999517  0.9993231  0.9998543
 0.9999361  0.9999244  0.99973184 0.99990666 0.99993634]
[0.95851547 0.99992776 0.99993753 0.99994063 0.9994758  0.9998642
 0.9999385  0.9998679  0.99960107 0.99979836 0.99995995]
[0.92497313 0.9998946  0.99996126 0.99992657 0.9996655  0.99986565
 0.9999459  0.99991584 0.9996662  0.9997956  0.9999598 ]
[0.93614864 0.9999052  0.99996245 0.9999614  0.99956053 0.9999013
 0.9998894  0.9998696  0.99976915 0.99981207 0.99993014]
[0.9390368  0.9998902  0.99996054 0.99992025 0.99952817 0.99988973
 0.9999218  0.99992096 0.99965143 0.99983263 0.9999329 ]
[0.93526876 0.99991405 0.9999312  0.9999254  0.9996276  0.9999027
 0.999913   0.9999057  0.9998167  0.9998826  0.9999614 ]
[0.9531366  0.999907   0.99993837 0.9999374  0.99943155 0.9998652
 0.9999448  0.99992466 0.9996755  0.9998847  0.99994683]
[0.9599965  0.9998882  0.99996924 0.99991417 0.9993467  0.9999027
 0.9999404  0.99986005 0.9997696  0.99987817 0.999961  ]
[0.9321955  0.9998697  0.9999602  0.99994135 0.99933076 0.9998716
 0.9999374  0.99989057 0.9997136  0.9998047  0.9999448 ]
[0.94602156 0.9999112  0.99996555 0.99994576 0.9996208  0.9998542
 0.9999262  0.9999217  0.9997836  0.99979883 0.9999219 ]
[0.95488596 0.99990153 0.99995065 0.99994445 0.9994709  0.99985313
 0.9999391  0.99986756 0.99963343 0.9998839  0.9999558 ]
[0.92719936 0.9999243  0.99996006 0.9999565  0.9996177  0.999895
 0.99992204 0.9998696  0.99964833 0.99986875 0.99992347]
[0.9437193  0.9999391  0.99996376 0.9999541  0.9994184  0.9998728
 0.99991333 0.99987555 0.9997578  0.9998117  0.99996066]
[0.9582253  0.99989593 0.9999535  0.99994934 0.9994336  0.99986184
 0.99993944 0.99990153 0.9996008  0.99989676 0.99994445]
[0.96034735 0.99993956 0.99993503 0.9999614  0.9994288  0.9998399
 0.9998816  0.9999213  0.9996817  0.9998919  0.9999188 ]
[0.94841045 0.9999187  0.9999492  0.9999566  0.99961275 0.99986553
 0.99994874 0.99991596 0.9997124  0.9998412  0.9999273 ]
[0.9661994  0.9998673  0.99994385 0.9999323  0.9994497  0.99981755
 0.99994624 0.9998522  0.99970883 0.9997894  0.999908  ]
[0.9652959  0.99990404 0.9999466  0.99992347 0.9993709  0.9998381
 0.9998809  0.9999261  0.9996629  0.9998503  0.99991345]
[0.91983557 0.99994147 0.99992955 0.9999095  0.99938333 0.99991345
 0.9998926  0.999858   0.9998286  0.99990153 0.9999478 ]
[0.94312274 0.9998926  0.99993527 0.9999484  0.9994091  0.99985456
 0.9999478  0.99990344 0.99974924 0.99982566 0.9999505 ]
[0.93932486 0.9999174  0.99995315 0.99992955 0.9993781  0.99989116
 0.99991167 0.9999057  0.99979454 0.9998777  0.99992   ]
[0.95977247 0.99989057 0.9999651  0.999933   0.99937373 0.999819
 0.99993086 0.99991953 0.99969006 0.99985826 0.99991786]
[0.9352207  0.9998963  0.9999368  0.9999304  0.9995964  0.9998634
 0.99992466 0.9999373  0.999632   0.9998883  0.9999442 ]
[0.94800436 0.9999422  0.99995947 0.99995255 0.99962056 0.9998086
 0.999936   0.99992883 0.99977857 0.9998951  0.9999585 ]
[0.9645188  0.9999138  0.99996364 0.99992573 0.99948066 0.9999162
 0.9999306  0.9998909  0.9996861  0.99989617 0.9999201 ]
[0.9363409  0.99991405 0.99996424 0.9999362  0.9993942  0.9999013
 0.9999343  0.9998878  0.9997502  0.99981815 0.9999237 ]
[0.92168885 0.99992526 0.9999418  0.9999237  0.99961793 0.9999074
 0.9999348  0.99987435 0.9996965  0.9998159  0.9999517 ]
[0.9635743  0.9998907  0.99996626 0.9999398  0.9994566  0.9998598
 0.99991846 0.99989676 0.9997942  0.9998735  0.99994767]
[0.9209655  0.9999058  0.99996734 0.99994254 0.99949193 0.9998895
 0.99990845 0.9999324  0.99983907 0.99990237 0.9999467 ]
