Mprobs for dataset sim1_corr (0.5) (Mean-field): 

[0.9556118  0.99991226 0.99993336 0.99992275 0.999469   0.9999069
 0.99989355 0.99986064 0.99969435 0.9998381  0.999936  ]
[0.9519517  0.9999354  0.9999386  0.9999397  0.99958986 0.9998877
 0.9999397  0.99993324 0.99978644 0.9997917  0.9999163 ]
[0.9628884  0.9998952  0.99995697 0.99993765 0.9993211  0.99989796
 0.9999341  0.9998864  0.999798   0.9998221  0.9999323 ]
[0.9513466  0.99992335 0.9999374  0.9999242  0.99945337 0.99987113
 0.9999311  0.99992347 0.9997601  0.9998417  0.99990916]
[0.97873276 0.9999219  0.9999646  0.9999471  0.99964345 0.9998394
 0.9999199  0.9999213  0.99973124 0.9998623  0.99995315]
[0.9751389  0.99989855 0.9999676  0.9999311  0.9994542  0.9998462
 0.9999399  0.9999249  0.9998005  0.9998375  0.9999616 ]
[0.97442156 0.99990726 0.99995136 0.9999106  0.9996748  0.999902
 0.9998816  0.9999087  0.99980754 0.9998267  0.9999163 ]
[0.9659088  0.99994695 0.99996746 0.9999571  0.99966025 0.9998801
 0.99993    0.999894   0.99982005 0.999871   0.99993086]
[0.9685989  0.99991345 0.99995637 0.9999585  0.99942493 0.9998628
 0.9999039  0.9999026  0.99972826 0.9998541  0.99991524]
[0.9787106  0.99993074 0.99993324 0.9999083  0.9996158  0.999874
 0.9999112  0.99985826 0.99969316 0.999851   0.99995625]
[0.95369273 0.99991286 0.99994934 0.9999422  0.9994961  0.9998956
 0.99991524 0.99986565 0.99978715 0.99989605 0.9999211 ]
[0.9689456  0.9998957  0.9999665  0.9999429  0.99968195 0.999894
 0.9999294  0.9999269  0.99982697 0.99984014 0.99994946]
[0.97134364 0.99993503 0.9999484  0.99995124 0.9995732  0.9999089
 0.9999032  0.99985766 0.9997502  0.99983895 0.99994206]
[0.9619172  0.99987984 0.99994254 0.9999294  0.9996444  0.9998447
 0.99988544 0.99993    0.99981815 0.99980897 0.999907  ]
[0.96983474 0.99989367 0.9999465  0.999925   0.99955314 0.99991274
 0.99993575 0.9998467  0.99973816 0.999819   0.9999068 ]
[0.97201455 0.9999236  0.9999325  0.9999341  0.999613   0.9998647
 0.99987495 0.99987125 0.9997613  0.99983823 0.9999553 ]
[0.970391   0.9998934  0.9999683  0.99993134 0.9995402  0.99985325
 0.99988616 0.9999074  0.9997516  0.9999038  0.9999478 ]
[0.96567184 0.99994016 0.9999602  0.99993145 0.9994319  0.99985945
 0.9999124  0.9998801  0.99978596 0.99986994 0.9999558 ]
[0.95578516 0.9999218  0.9999589  0.999956   0.99953544 0.99990714
 0.99991953 0.999913   0.99980515 0.9998976  0.9999361 ]
[0.97358763 0.9998808  0.9999622  0.9999409  0.99964094 0.9998394
 0.9999064  0.9999193  0.99981064 0.99984646 0.99993587]
[0.9724752  0.9999112  0.99994445 0.9999248  0.99966407 0.9998621
 0.99990475 0.99990225 0.9997967  0.9998703  0.99992585]
[0.9501701  0.9999169  0.99995816 0.99995744 0.9994374  0.99982834
 0.99993825 0.9998901  0.9996309  0.99988866 0.9999318 ]
[0.9528494  0.99994016 0.99994767 0.99991107 0.99951553 0.99984574
 0.9999149  0.99990284 0.99963975 0.999861   0.999943  ]
[0.9632334  0.99994075 0.9999329  0.9999503  0.9996505  0.9998429
 0.9999224  0.9999261  0.9997271  0.99990547 0.9999447 ]
[0.9649841  0.99989283 0.9999548  0.99994504 0.9995746  0.9999137
 0.99988353 0.99990416 0.99980634 0.9999019  0.9999504 ]
[0.95114404 0.9998847  0.9999424  0.99993336 0.999666   0.99982196
 0.9998784  0.99989796 0.9996778  0.99989533 0.9999496 ]
[0.97683436 0.999933   0.99996614 0.99996114 0.99955875 0.99987125
 0.9999267  0.9999219  0.99977666 0.9999006  0.99996006]
[0.9599436  0.9998839  0.99995255 0.9999559  0.9995067  0.9999093
 0.999887   0.9999336  0.99968636 0.9998406  0.999907  ]
[0.9766906  0.9999242  0.99994564 0.99992335 0.9996124  0.9998235
 0.99993086 0.9998455  0.9998115  0.9998155  0.99995494]
[0.9647393  0.99993527 0.99995124 0.9999409  0.99947673 0.99991536
 0.99993277 0.9998739  0.9997315  0.99985194 0.99990976]
[0.9711321  0.9998895  0.9999386  0.9999242  0.99942374 0.99983513
 0.9999201  0.99990416 0.99967134 0.99978346 0.99994373]
[0.9506837  0.9998783  0.9999505  0.99995625 0.9996474  0.9998857
 0.9999424  0.9999229  0.99968886 0.9998958  0.99995553]
[0.96889436 0.999933   0.999961   0.9999548  0.99945766 0.9999045
 0.999943   0.99991393 0.9997818  0.99990976 0.99994195]
[0.9693062  0.9998871  0.99995506 0.9999585  0.9995994  0.99991083
 0.99990034 0.9999291  0.99968886 0.9998235  0.9999052 ]
[0.9752865  0.9999219  0.9999635  0.9999474  0.999421   0.9998901
 0.9999374  0.99992466 0.9997533  0.9998771  0.9999217 ]
[0.95718384 0.99989057 0.9999262  0.9999343  0.99952805 0.99986196
 0.99994576 0.99987173 0.9996841  0.9998925  0.9999318 ]
[0.9546699  0.9999404  0.99993    0.99996054 0.99961627 0.99990666
 0.9998846  0.9998845  0.9996779  0.999879   0.99994624]
[0.97641456 0.99994123 0.9999255  0.99994683 0.99957484 0.9998006
 0.99989355 0.9999287  0.9998198  0.9999014  0.9999504 ]
[0.9548628  0.9998776  0.9999492  0.99992096 0.99966455 0.99982184
 0.9999467  0.99992096 0.9996685  0.99982613 0.9999198 ]
[0.9689304  0.9999138  0.9999559  0.9999181  0.99944705 0.9998388
 0.9999347  0.9998772  0.9996351  0.9998049  0.99995613]
[0.9695376  0.99992096 0.9999645  0.9999275  0.9996037  0.99984694
 0.9998995  0.999902   0.99974996 0.99989307 0.9999232 ]
[0.9695887  0.9999225  0.9999455  0.99992645 0.9993406  0.9998259
 0.9999161  0.9998803  0.999811   0.9998221  0.9999567 ]
[0.96248907 0.99991333 0.9999672  0.99991727 0.99936    0.999913
 0.9998952  0.99987817 0.99968445 0.9998055  0.9999511 ]
[0.9520535  0.9999031  0.99994814 0.9999577  0.99939775 0.99990094
 0.9998789  0.99989974 0.999734   0.999828   0.9999201 ]
[0.980008   0.99989486 0.9999391  0.9999335  0.9994771  0.9998449
 0.9999049  0.9999181  0.9997383  0.99989974 0.9999505 ]
[0.9736279  0.9998814  0.99995434 0.99993885 0.9995516  0.9998356
 0.9998758  0.99993587 0.9997558  0.999889   0.99994874]
[0.9560672  0.9998783  0.9999479  0.9999529  0.9996124  0.9998734
 0.9999485  0.9999138  0.999741   0.99983823 0.9999567 ]
[0.9648398  0.9999143  0.9999436  0.99995923 0.9996501  0.999894
 0.999941   0.99993527 0.9996911  0.9998896  0.9999366 ]
[0.9752167  0.99988616 0.9999405  0.99994934 0.9996896  0.99987745
 0.99991155 0.9999056  0.99961346 0.99983263 0.9999515 ]
[0.97424287 0.9999033  0.9999571  0.9999095  0.99951696 0.99988127
 0.9998797  0.9998698  0.9997608  0.999866   0.9999521 ]
[0.97003806 0.9999293  0.99996436 0.9999443  0.9995497  0.9998734
 0.9999478  0.9998826  0.99979657 0.9998153  0.9999566 ]
[0.96492344 0.9999126  0.99995124 0.9999162  0.99950814 0.9998878
 0.9999093  0.99992704 0.9996959  0.9998362  0.9999244 ]
[0.97092515 0.99990356 0.9999484  0.99991095 0.99946946 0.9998833
 0.9999348  0.99993193 0.99971884 0.9999013  0.99993515]
[0.97716695 0.99993455 0.99996436 0.9999199  0.9996774  0.9998258
 0.99994195 0.9998723  0.9997838  0.9998288  0.9999418 ]
[0.95482767 0.99988115 0.9999435  0.9999182  0.9995383  0.99989235
 0.9999012  0.9998667  0.9996853  0.9998573  0.999925  ]
[0.9609765  0.9998833  0.9999424  0.999938   0.99950945 0.9999051
 0.999913   0.9998863  0.9998275  0.9998995  0.9999523 ]
[0.9653975  0.9999212  0.9999429  0.99994624 0.99938834 0.99991345
 0.9999306  0.99986315 0.9998338  0.9999049  0.99991596]
[0.9606622  0.99994683 0.99992955 0.9999552  0.99960643 0.9998932
 0.99993587 0.99986625 0.9996662  0.9998535  0.9999045 ]
[0.96488965 0.9999161  0.9999274  0.99994004 0.9994898  0.99988854
 0.99992716 0.9999043  0.9996933  0.9998759  0.9999174 ]
[0.971301   0.9998938  0.999954   0.99994147 0.9993388  0.99987376
 0.99994445 0.99993217 0.99981636 0.9998901  0.99993694]
[0.9769181  0.9999174  0.9999647  0.9999355  0.99970263 0.9998356
 0.99991655 0.9999025  0.9997148  0.99979407 0.9999405 ]
[0.97894704 0.99993825 0.999936   0.9999418  0.9995303  0.99982053
 0.9998952  0.99991107 0.99965715 0.99982375 0.99993765]
[0.97844064 0.99991    0.999951   0.9999354  0.99962044 0.99982977
 0.999944   0.99988925 0.99980074 0.9998054  0.9999472 ]
[0.95454115 0.99990475 0.99995315 0.9999572  0.9996568  0.9998567
 0.9999082  0.9998828  0.99981624 0.99983287 0.99994624]
[0.974096   0.9998982  0.9999293  0.99996126 0.9995389  0.99986374
 0.99990785 0.9999293  0.99977773 0.9998161  0.9999199 ]
[0.97397906 0.99991786 0.999944   0.99993205 0.99953985 0.9998627
 0.9999089  0.99987316 0.99982125 0.9999088  0.999943  ]
[0.95286703 0.99989057 0.99992394 0.99993014 0.9996749  0.9998128
 0.9999355  0.9998447  0.99981433 0.9998041  0.99995303]
[0.9653139  0.99994755 0.99994254 0.9999621  0.9995813  0.99982077
 0.99991333 0.9999254  0.9997242  0.9998068  0.99994445]
[0.9720178  0.9999099  0.99995553 0.9999193  0.9994887  0.99981517
 0.999915   0.9999292  0.99972266 0.9998634  0.99992216]
[0.9661176  0.9999132  0.99993575 0.9999547  0.9993236  0.9998466
 0.9998741  0.9998977  0.99971586 0.9999105  0.9999211 ]
[0.954879   0.9999287  0.9999471  0.9999491  0.9994523  0.9998406
 0.99989784 0.999871   0.99981576 0.9999037  0.9999522 ]
[0.96232563 0.9999374  0.99992657 0.9999491  0.99950194 0.9999136
 0.9999418  0.99986804 0.9996946  0.99982125 0.99991953]
[0.95842904 0.999944   0.9999343  0.99994457 0.99961483 0.9998615
 0.99991035 0.99990666 0.9997404  0.9998599  0.99996126]
[0.964469   0.9999052  0.99996006 0.99996126 0.99943    0.9998147
 0.9999083  0.9999002  0.9996942  0.99984896 0.99995506]
[0.9684635 0.9999472 0.9999517 0.9999424 0.9993425 0.9998841 0.9999287
 0.9999335 0.999754  0.9998286 0.9999566]
[0.96732056 0.9999491  0.9999474  0.9999527  0.99965274 0.9998722
 0.99988854 0.99989784 0.9998024  0.9997899  0.99995863]
[0.96113926 0.9998932  0.99995923 0.99995494 0.99962854 0.9998481
 0.99992263 0.9999007  0.99970704 0.99983716 0.99993527]
[0.97682023 0.9999423  0.99996185 0.999933   0.99961    0.9998099
 0.9999411  0.99987733 0.99968123 0.9998692  0.9999281 ]
[0.96418065 0.9999136  0.9999645  0.99992216 0.99937254 0.9999068
 0.9998821  0.99986935 0.9996215  0.99990344 0.99995184]
[0.97542375 0.9999317  0.9999621  0.99991643 0.9996706  0.9998129
 0.9999331  0.999881   0.999627   0.99981433 0.99995196]
[0.97068274 0.9999199  0.9999267  0.99991775 0.99965525 0.99991715
 0.99990237 0.9998956  0.9996401  0.99980706 0.99993896]
[0.97967714 0.9998939  0.99992526 0.9999583  0.99954826 0.99991345
 0.99988246 0.99993455 0.99974984 0.99990904 0.9999286 ]
[0.96303195 0.99992526 0.9999442  0.9999585  0.999572   0.99986637
 0.99992514 0.99988484 0.9997396  0.9998398  0.99994504]
[0.976348   0.99991536 0.9999478  0.99993026 0.9994198  0.9998524
 0.9998834  0.9999262  0.9996394  0.99981433 0.99991477]
[0.97994345 0.9999051  0.9999312  0.99993384 0.99958926 0.999881
 0.9998772  0.999874   0.9998149  0.9998901  0.99995077]
[0.96196985 0.9999292  0.999959   0.99995196 0.9993405  0.99989104
 0.9998915  0.9999299  0.9997987  0.99979657 0.99991477]
[0.97707534 0.9999329  0.9999243  0.99995816 0.9995352  0.9998807
 0.9999144  0.99989367 0.9996482  0.9998617  0.9999262 ]
[0.9752197  0.999948   0.9999691  0.99994874 0.99964225 0.9998325
 0.99991274 0.9998542  0.99978095 0.9998467  0.999962  ]
[0.97240776 0.99988306 0.9999634  0.9999534  0.99952614 0.99983835
 0.99990964 0.9998988  0.99977714 0.99982893 0.9999596 ]
[0.97717786 0.9998841  0.9999342  0.9999337  0.9994642  0.99984586
 0.99987936 0.99991584 0.9996822  0.99984896 0.9999567 ]
[0.96460897 0.9999459  0.9999255  0.99991155 0.9995377  0.9999093
 0.99990654 0.99989116 0.9997466  0.9998714  0.99995804]
[0.9767293  0.99991846 0.9999325  0.9999566  0.99969435 0.9999008
 0.9998753  0.9998944  0.9996928  0.999874   0.99994767]
[0.9723999  0.9999162  0.99993634 0.9999392  0.99955755 0.99990356
 0.99992526 0.99991477 0.9996741  0.9999026  0.99996173]
[0.9786129  0.9999113  0.99994767 0.99995995 0.99936527 0.9999156
 0.9999331  0.9999155  0.99976856 0.99980766 0.99995387]
[0.96593404 0.9999411  0.9999504  0.99993515 0.99968994 0.9998914
 0.99989843 0.9999286  0.9998017  0.99981755 0.9999591 ]
[0.95101863 0.9998877  0.9999584  0.9999622  0.9996786  0.9998248
 0.9999443  0.99985564 0.9998185  0.99984527 0.9999263 ]
[0.9788688  0.9998846  0.99994123 0.99996126 0.99969244 0.99988115
 0.9999424  0.9999385  0.99966896 0.99990845 0.9999391 ]
[0.96916705 0.99991095 0.99995327 0.9999505  0.99954337 0.9998683
 0.9998777  0.9998448  0.9997147  0.99979776 0.9999211 ]
[0.9509509  0.9999316  0.99995387 0.9999374  0.99967253 0.9999169
 0.9999281  0.99985707 0.99980336 0.9998419  0.99993587]
[0.9793522  0.99993765 0.9999418  0.9999509  0.99951077 0.999915
 0.99992967 0.9998696  0.9997304  0.9998087  0.9999571 ]
