Mprobs for dataset sim1_corr (0.2) (Mean-field): 

[0.35712484 0.9999175  0.99993896 0.99993217 0.999534   0.9998179
 0.999876   0.99988866 0.99965405 0.99981254 0.999918  ]
[0.41608343 0.9998938  0.9999449  0.9999567  0.9995092  0.999908
 0.9999454  0.999899   0.9997633  0.9998723  0.9999387 ]
[0.4113399  0.9999027  0.99995625 0.9999343  0.9996283  0.9999201
 0.9999286  0.9998753  0.99964905 0.99988854 0.9999622 ]
[0.33822265 0.9999343  0.99993384 0.9999125  0.99933976 0.9999192
 0.9999392  0.9998646  0.99971455 0.9998609  0.9999386 ]
[0.38336316 0.9998877  0.99993837 0.9999368  0.9995726  0.9998274
 0.9999143  0.9999168  0.9996867  0.9998894  0.99992514]
[0.42801535 0.99986315 0.99996054 0.99995685 0.9996731  0.9998024
 0.9998969  0.99985135 0.9997893  0.99989843 0.99994254]
[0.4000175  0.99993694 0.9999522  0.99991274 0.99945027 0.9999144
 0.9998826  0.99993014 0.999772   0.99991    0.9999416 ]
[0.42010397 0.99991167 0.9999467  0.99995697 0.99936324 0.9998122
 0.99993145 0.99986374 0.9997002  0.9999008  0.99996114]
[0.3218341  0.99989915 0.9999676  0.9999502  0.9996177  0.9998412
 0.999876   0.99993074 0.9998006  0.99981374 0.99991107]
[0.38638392 0.99989164 0.9999604  0.99992347 0.9994467  0.99990857
 0.99993193 0.9998605  0.99965644 0.999895   0.9999304 ]
[0.33426273 0.99990666 0.9999496  0.99991155 0.99936205 0.99990916
 0.9998764  0.9998661  0.99963427 0.99990773 0.9999461 ]
[0.3285573  0.999936   0.9999546  0.99992275 0.9995016  0.99989223
 0.99993634 0.9999263  0.999821   0.9998807  0.9999149 ]
[0.33486846 0.99989843 0.999941   0.99994576 0.99955636 0.9998344
 0.9999423  0.99990106 0.99968004 0.9998411  0.9999577 ]
[0.33556902 0.9999099  0.99995494 0.9999486  0.9993692  0.99991226
 0.99994683 0.99989426 0.99975985 0.9998696  0.99995565]
[0.33270407 0.9998833  0.9999275  0.999956   0.9995153  0.99988663
 0.9999448  0.999882   0.99977595 0.9998097  0.9999294 ]
[0.42957878 0.9998671  0.99994385 0.9999279  0.9996768  0.99985266
 0.99990535 0.99993336 0.99963164 0.9999032  0.9999417 ]
[0.31896517 0.9998889  0.99994993 0.9999242  0.99936455 0.99986124
 0.9999267  0.9998828  0.99973124 0.99989223 0.99991095]
[0.39729002 0.9998915  0.9999602  0.999923   0.9994273  0.9998467
 0.9999403  0.9999007  0.99977785 0.99981576 0.9999602 ]
[0.35864237 0.999926   0.99996555 0.99994135 0.99966884 0.9998665
 0.99991345 0.99992144 0.9997354  0.9998878  0.99994826]
[0.38310343 0.9998801  0.99995816 0.9999473  0.9994906  0.9998759
 0.99993956 0.9999013  0.9997743  0.9999076  0.99995244]
[0.38657957 0.99993    0.9999509  0.9999566  0.9994677  0.9998535
 0.9998951  0.9999213  0.99969506 0.9998042  0.99995327]
[0.4307559  0.9998641  0.9999634  0.9999175  0.99965847 0.99983585
 0.99993765 0.9998536  0.9996803  0.9998795  0.99993575]
[0.4099685  0.9999026  0.99993765 0.9999465  0.99945396 0.9998248
 0.99989223 0.99988925 0.9998087  0.99985445 0.9999093 ]
[0.3465769  0.99990153 0.9999248  0.9999318  0.99966025 0.9999113
 0.99992394 0.9999201  0.99969375 0.9998535  0.99995494]
[0.37074447 0.9998609  0.99993443 0.999938   0.9996613  0.99985063
 0.99989474 0.9998692  0.99970156 0.9999105  0.9999547 ]
[0.31545195 0.999913   0.9999347  0.9999578  0.99929535 0.99989855
 0.99987817 0.9998528  0.9998055  0.99979454 0.9999435 ]
[0.38027453 0.9999161  0.99992585 0.9999448  0.999642   0.9999018
 0.9999325  0.99991775 0.9998148  0.9998441  0.9999472 ]
[0.3647166  0.99992454 0.9999504  0.9999075  0.999398   0.9999032
 0.99992347 0.9999343  0.99978334 0.9998864  0.99995446]
[0.34139636 0.99987173 0.9999435  0.9999304  0.9995889  0.999899
 0.9999032  0.99987876 0.9997602  0.9998822  0.9999399 ]
[0.34908044 0.9999229  0.99995244 0.999938   0.9997029  0.9999
 0.9999101  0.99993086 0.99974746 0.9998354  0.99991953]
[0.31902748 0.99992657 0.99995863 0.9999472  0.999539   0.99989545
 0.9998981  0.99987566 0.99980587 0.9998503  0.9999498 ]
[0.32039446 0.9999194  0.9999682  0.9999502  0.99939084 0.99989784
 0.9999187  0.99991906 0.9997665  0.9998981  0.9999385 ]
[0.99993014 0.9999658  0.9999075  0.9993724  0.9998977  0.9999124
 0.999879   0.9997266  0.99982435 0.9999429 ]
[0.44036242 0.99992144 0.999936   0.9999434  0.9995454  0.9998385
 0.9998958  0.99990654 0.9996594  0.99984896 0.9999523 ]
[0.42877617 0.9998728  0.9999579  0.99991095 0.9996817  0.99990034
 0.9998952  0.99987054 0.9997334  0.99990463 0.999925  ]
[0.3563518  0.9998958  0.9999428  0.9999509  0.9995448  0.9999118
 0.99990153 0.99987423 0.999814   0.9998945  0.99993396]
[0.39165646 0.9999331  0.9999596  0.9999192  0.999567   0.99983335
 0.9998982  0.99989784 0.9996896  0.99990475 0.99993205]
[0.40224135 0.9999008  0.9999374  0.99995935 0.99962425 0.9998714
 0.99993014 0.99991107 0.99977344 0.9998573  0.99995005]
[0.3636988  0.9998653  0.9999509  0.99993837 0.9996755  0.9998388
 0.9999231  0.99984694 0.999814   0.9998418  0.9999541 ]
[0.4021341  0.99986756 0.9999598  0.9999589  0.9995846  0.9998895
 0.99994123 0.9998996  0.99983    0.9997924  0.9999583 ]
[0.40552863 0.9998778  0.99996173 0.9999541  0.99966514 0.9999145
 0.999892   0.99992967 0.99969983 0.9998006  0.9999391 ]
[0.41446516 0.9998815  0.9999665  0.99995244 0.99961567 0.9999169
 0.99988854 0.9998958  0.9998185  0.9998047  0.9999604 ]
[0.35138384 0.99991584 0.9999405  0.9999399  0.99963367 0.99991775
 0.99992716 0.9999026  0.99964213 0.999828   0.9999534 ]
[0.370859   0.9998894  0.99993503 0.99994755 0.99939847 0.9998771
 0.9999057  0.99988496 0.9996941  0.99979347 0.9999571 ]
[0.4435596  0.9998814  0.99996483 0.9999374  0.9994417  0.99983764
 0.9998995  0.9999342  0.9997514  0.9998047  0.99990594]
[0.40451944 0.99984896 0.99995744 0.9999063  0.9994318  0.9998429
 0.99989915 0.9999169  0.99974567 0.99988246 0.99992263]
[0.3946582  0.9999105  0.9999615  0.99996257 0.9993488  0.99991834
 0.99994195 0.99991834 0.9997502  0.99979454 0.99990654]
[0.4169862  0.99987376 0.9999498  0.99995387 0.99957746 0.99988365
 0.9999411  0.99993503 0.9997781  0.9998838  0.9999566 ]
[0.38592654 0.9999112  0.9999546  0.9999516  0.9993741  0.9998449
 0.9999393  0.99992406 0.99962723 0.9998776  0.9999225 ]
[0.38703847 0.9998568  0.99995446 0.9999151  0.99964464 0.99986875
 0.99994004 0.9999304  0.9997918  0.9998901  0.99991775]
[0.36540747 0.9998971  0.9999627  0.99994886 0.99964285 0.9998752
 0.99994755 0.9998634  0.9997875  0.99982893 0.99994206]
[0.38337576 0.9999229  0.9999329  0.9999188  0.9996716  0.9999192
 0.9998747  0.99991417 0.99973005 0.9998016  0.9999263 ]
[0.30250612 0.9999201  0.9999598  0.9999223  0.9996784  0.99986625
 0.999946   0.9998462  0.99981767 0.9998951  0.9999515 ]
[0.3658084  0.9998654  0.9999356  0.99994886 0.99968255 0.9998827
 0.99988353 0.9998642  0.99964845 0.99984396 0.99994683]
[0.3762068  0.9999012  0.99995756 0.99995494 0.9993106  0.99991214
 0.9998938  0.9998797  0.9997844  0.99984074 0.99995124]
[0.43548697 0.9998648  0.99996054 0.99995327 0.99948275 0.99988604
 0.99991775 0.9999056  0.9997435  0.99989426 0.9999589 ]
[0.31494263 0.99985564 0.99995255 0.99992347 0.9994305  0.9998235
 0.99988127 0.9998698  0.9996433  0.99991274 0.9999064 ]
[0.35280257 0.9999366  0.9999405  0.99991393 0.99959546 0.99987686
 0.9998925  0.99984694 0.999824   0.999869   0.9999566 ]
[0.33632064 0.9998971  0.9999634  0.9999486  0.9996092  0.9998573
 0.9999423  0.9999347  0.99979156 0.99980336 0.9999509 ]
[0.41119257 0.9998727  0.9999547  0.99993694 0.99968183 0.9999002
 0.99994504 0.99988174 0.9998     0.99981433 0.9999311 ]
[0.35394058 0.99987805 0.9999275  0.9999093  0.9996476  0.9998436
 0.9999275  0.9999293  0.9996859  0.99984264 0.9999217 ]
[0.3526026  0.9998858  0.99994373 0.99995697 0.999385   0.9998141
 0.99994504 0.99991846 0.9998006  0.99990356 0.99993   ]
[0.3631684  0.99988556 0.9999665  0.99994826 0.9993874  0.999816
 0.99992025 0.99987257 0.9998104  0.99987066 0.9999237 ]
[0.3645422  0.9999311  0.99994874 0.9999174  0.99959606 0.9998585
 0.9999281  0.99991345 0.99971277 0.999861   0.99995387]
[0.38669303 0.9999194  0.99996173 0.99993443 0.9996388  0.99990535
 0.9998803  0.99988866 0.99964356 0.9998913  0.999949  ]
[0.38066274 0.9998683  0.9999609  0.9999453  0.9994617  0.9998621
 0.99989665 0.9998816  0.99963117 0.9998047  0.9999504 ]
[0.41525164 0.9999027  0.9999355  0.99995553 0.99957937 0.99980897
 0.9999311  0.9998733  0.9998342  0.9998456  0.99990714]
[0.3799387  0.99988484 0.9999541  0.99993277 0.9994313  0.99991345
 0.99989164 0.9999343  0.9997693  0.9998399  0.99992836]
[0.32028317 0.9999336  0.99992394 0.99994683 0.9993703  0.99990964
 0.99994314 0.99990416 0.99983513 0.99987864 0.9999337 ]
[0.30009663 0.99992776 0.9999268  0.9999436  0.9995264  0.9998288
 0.99994016 0.9998815  0.99967825 0.9998963  0.9999485 ]
[0.4036508  0.9999045  0.99995935 0.99993896 0.999699   0.9998246
 0.9999181  0.9999118  0.99979    0.9998605  0.9999087 ]
[0.99993575 0.9999411  0.9999441  0.9995197  0.9998518  0.9999294
 0.9999244  0.9996424  0.9998592  0.9999448 ]
[0.37443298 0.9998834  0.99993587 0.9999467  0.9996538  0.99981934
 0.9999261  0.9999021  0.99965847 0.99984765 0.99993753]
[0.31791058 0.99990654 0.9999429  0.9999598  0.9993938  0.9998547
 0.999889   0.9999021  0.99959165 0.9999094  0.99990726]
[0.43586394 0.9998896  0.9999602  0.9999193  0.99958545 0.9998437
 0.9999467  0.99987876 0.99970895 0.99988997 0.9999317 ]
[0.99993026 0.999966   0.9999579  0.99951434 0.9998578  0.9999467
 0.9998435  0.9998097  0.9998919  0.99995303]
[0.3917911  0.999895   0.9999354  0.9999473  0.9996486  0.9999099
 0.9998853  0.9999088  0.99978656 0.99987054 0.99993193]
[0.410007   0.99987936 0.9999639  0.9999485  0.99964213 0.99987614
 0.9999143  0.99992    0.99973077 0.9997918  0.9999367 ]
[0.36382207 0.99991167 0.99992454 0.999949   0.9994764  0.9998976
 0.99991345 0.99986327 0.9997656  0.999818   0.9999502 ]
[0.4363018  0.99992025 0.99995625 0.99995625 0.99938285 0.9999155
 0.9999229  0.9998703  0.99967504 0.9998566  0.9999505 ]
[0.41009212 0.99989986 0.99996555 0.9999225  0.9994603  0.9999068
 0.99993694 0.99984396 0.9996519  0.9998603  0.9999112 ]
[0.35841534 0.9999281  0.9999224  0.99991035 0.99968684 0.999892
 0.99992895 0.9999291  0.99961734 0.99987686 0.99993384]
[0.40188387 0.9999101  0.9999465  0.9999558  0.9995326  0.99988043
 0.9998921  0.99988794 0.9997008  0.99986887 0.9999335 ]
[0.38848725 0.9999145  0.9999682  0.9999602  0.9993253  0.99991596
 0.9998865  0.9998944  0.9996835  0.99979776 0.99994874]
[0.3363309  0.9999224  0.99995935 0.99994445 0.9995691  0.999859
 0.99994206 0.999879   0.99982256 0.9998902  0.999941  ]
[0.3586761  0.99987066 0.99994516 0.99993145 0.99942315 0.99986196
 0.99988484 0.9998609  0.99981755 0.9998486  0.9999279 ]
[0.33762935 0.99988437 0.9999505  0.9999343  0.9994715  0.99981195
 0.9999471  0.99985564 0.99970585 0.9998197  0.9999157 ]
[0.9999273  0.99994195 0.9999269  0.99967325 0.99991524 0.9998839
 0.9998615  0.9998153  0.999814   0.9999057 ]
[0.41682002 0.9998872  0.9999405  0.9999105  0.99958426 0.9998667
 0.9998857  0.99992096 0.99982256 0.99990404 0.99994266]
[0.39256817 0.999884   0.9999583  0.9999144  0.99954635 0.999884
 0.9998907  0.9999318  0.999772   0.99981946 0.999938  ]
[0.36786318 0.9998832  0.999949   0.9999093  0.9996693  0.99983644
 0.99993026 0.99988294 0.99973863 0.9998097  0.99994683]
[0.37108338 0.9998735  0.9999682  0.9999454  0.9994492  0.99983716
 0.9999293  0.9999248  0.99980825 0.9998809  0.9999063 ]
[0.39197734 0.99991643 0.9999682  0.99995923 0.9994898  0.99987483
 0.9998939  0.99991524 0.9997632  0.9998901  0.9999094 ]
[0.36545166 0.99991083 0.9999361  0.99991405 0.9994168  0.9998431
 0.9999461  0.99987483 0.99981004 0.9998184  0.99994683]
[0.31722084 0.99992716 0.9999603  0.99991107 0.9996774  0.99987626
 0.9998902  0.99987686 0.9997601  0.9998869  0.9999424 ]
[0.33717707 0.9998982  0.9999274  0.9999423  0.9996313  0.9999033
 0.99991226 0.99993515 0.9996666  0.9998913  0.99995077]
[0.9999387  0.9999629  0.999931   0.9995938  0.99987054 0.99991965
 0.9999275  0.99981993 0.9998882  0.9999552 ]
[0.36336035 0.99990594 0.99993265 0.9999392  0.9992717  0.9998826
 0.99994135 0.99989104 0.9997805  0.9999105  0.9999498 ]
[0.353298   0.99988484 0.9999559  0.99995315 0.9994492  0.9998641
 0.999905   0.9998528  0.99967957 0.9998745  0.99995315]
[0.41280007 0.99989426 0.99994504 0.999931   0.99968386 0.99988985
 0.99993634 0.9999306  0.999634   0.9998332  0.9999199 ]
