Mprobs for dataset sim1_corr (0.3) (Mean-field): 

[0.8970464  0.999936   0.9999461  0.9999347  0.99956375 0.99990165
 0.9998926  0.9999201  0.9997514  0.99986875 0.9999554 ]
[0.89040107 0.99989843 0.9999337  0.9999434  0.9994017  0.9998609
 0.9999229  0.9999112  0.99965405 0.9999132  0.9999548 ]
[0.8504662  0.9999167  0.9999542  0.9999459  0.99944836 0.9999149
 0.99988735 0.9999088  0.99977976 0.99980575 0.99995935]
[0.82023436 0.99993134 0.9999622  0.9999169  0.99945503 0.99991834
 0.9998789  0.99992645 0.99982053 0.9998547  0.9999517 ]
[0.8956904  0.99986804 0.9999546  0.99995613 0.9994785  0.999845
 0.9998982  0.9998704  0.9997403  0.999895   0.99992514]
[0.89056337 0.9998851  0.99993    0.9999262  0.99963856 0.99991477
 0.99988663 0.9998659  0.99967754 0.99989426 0.99992394]
[0.9038675  0.99986994 0.999946   0.9999559  0.9994438  0.9999194
 0.99987996 0.9998902  0.99963784 0.9998622  0.9999243 ]
[0.8696838  0.9999285  0.99996245 0.99991333 0.99932015 0.9999161
 0.9999093  0.99992144 0.99966943 0.9998035  0.99992526]
[0.8484942  0.9999329  0.99992526 0.9999559  0.9994771  0.9998977
 0.9999349  0.99993145 0.99963367 0.9998392  0.9999441 ]
[0.8548933  0.9998679  0.99994874 0.99991345 0.99933076 0.999856
 0.99994254 0.99992204 0.9997547  0.999864   0.9999248 ]
[0.8811127  0.99992275 0.99996054 0.99995136 0.9996313  0.9998838
 0.99993277 0.99988675 0.9997427  0.99985147 0.9999193 ]
[0.88211125 0.999866   0.9999348  0.99994576 0.99942005 0.9998518
 0.9998964  0.99989927 0.99982435 0.9997969  0.99994385]
[0.8773821  0.9998909  0.9999368  0.9999281  0.99938345 0.9999081
 0.999908   0.99990726 0.9996673  0.99979717 0.99991834]
[0.87776095 0.99993026 0.9999584  0.99992657 0.9993917  0.9999064
 0.9998784  0.99991226 0.9998043  0.9998826  0.99991906]
[0.84324735 0.99988365 0.9999471  0.9999598  0.9996474  0.99991155
 0.99989164 0.9999281  0.9997391  0.9998418  0.9999387 ]
[0.91255194 0.99992645 0.9999548  0.9999372  0.99954885 0.99985635
 0.99987745 0.9999298  0.9998118  0.99987626 0.9999478 ]
[0.8812868  0.99989307 0.9999335  0.999959   0.9996424  0.9998946
 0.9998956  0.99993396 0.9998266  0.99979633 0.9999192 ]
[0.8505078  0.9998913  0.9999578  0.9999491  0.9993261  0.99991834
 0.99992204 0.99987435 0.999691   0.99990785 0.99996066]
[0.8994105  0.9998822  0.99996793 0.9999578  0.9996107  0.99983597
 0.9998882  0.99989283 0.99978465 0.99989665 0.99995744]
[0.88638496 0.99989974 0.99996614 0.9999403  0.99959606 0.9998323
 0.99994063 0.9998536  0.9996985  0.99988484 0.99993515]
[0.8913165  0.9998698  0.99994326 0.999918   0.9994649  0.9999163
 0.999931   0.9999305  0.9998276  0.9998267  0.99995494]
[0.8900534  0.9998778  0.99993205 0.99995494 0.99953747 0.99986637
 0.99992037 0.9999082  0.99980503 0.999889   0.9999229 ]
[0.89173687 0.9999045  0.9999578  0.99996054 0.9995821  0.99987924
 0.9999229  0.9999269  0.9996954  0.9998652  0.9999608 ]
[0.8774477  0.9999342  0.99996245 0.99990726 0.99934    0.9999026
 0.9998826  0.99987245 0.9996811  0.99978834 0.9999465 ]
[0.8795229  0.9999113  0.9999591  0.99991906 0.99954766 0.9998845
 0.9999347  0.9998857  0.9997658  0.9999     0.99995625]
[0.8489861  0.9999273  0.99996364 0.99994195 0.99941075 0.99986625
 0.99994576 0.99992716 0.9997886  0.99979335 0.99995625]
[0.85695857 0.99987614 0.9999521  0.99993455 0.99936956 0.99988115
 0.99994636 0.99989116 0.9997657  0.9997981  0.9999088 ]
[0.8551764  0.99990237 0.9999299  0.99992025 0.9994873  0.9998723
 0.999948   0.9999138  0.9997782  0.99989593 0.9999523 ]
[0.85317427 0.9998963  0.9999467  0.99996233 0.9996916  0.9999169
 0.9999434  0.99992275 0.99973124 0.9998542  0.9999188 ]
[0.8905482  0.99992573 0.9999598  0.99995387 0.9993783  0.9999182
 0.99991286 0.9998448  0.9996507  0.9998423  0.9999459 ]
[0.8680284 0.9999269 0.9999641 0.9999182 0.9995987 0.9998654 0.999926
 0.9999298 0.9998185 0.9998734 0.9999397]
[0.9152098  0.9998934  0.99996376 0.99995303 0.9996537  0.99988425
 0.9999461  0.99992466 0.9997789  0.9998202  0.9999459 ]
[0.88240206 0.9998944  0.9999602  0.999954   0.99938905 0.99982977
 0.9999423  0.99991226 0.9998254  0.99981946 0.9999254 ]
[0.9119188  0.99989355 0.9999547  0.9999207  0.9996854  0.99990106
 0.9999453  0.99992406 0.9997507  0.9999056  0.9999546 ]
[0.90391815 0.9999312  0.9999652  0.99991417 0.9995864  0.99988747
 0.99994767 0.99993265 0.9996871  0.99990296 0.9999405 ]
[0.91430146 0.9999007  0.9999318  0.99993014 0.99967134 0.9999136
 0.99992    0.9998574  0.9997472  0.99989355 0.9999473 ]
[0.8464903  0.99993193 0.9999548  0.99995947 0.99955696 0.99987733
 0.99987495 0.9999093  0.9998233  0.9999043  0.9999126 ]
[0.9159816  0.9998617  0.9999629  0.99993205 0.99952364 0.9998499
 0.99993527 0.9999294  0.99977654 0.99984396 0.99995863]
[0.90885127 0.9998672  0.99995553 0.9999598  0.99930096 0.999918
 0.99988604 0.99989223 0.99975556 0.9998229  0.99991786]
[0.90189964 0.9999106  0.99996376 0.9999547  0.9994742  0.9998919
 0.99994755 0.99985087 0.99971586 0.99991035 0.9999354 ]
[0.91342413 0.9998834  0.9999579  0.9999361  0.99952674 0.99989855
 0.9999392  0.99990165 0.99972266 0.9998317  0.9999411 ]
[0.8803322  0.9999232  0.9999682  0.9999181  0.99932456 0.99986637
 0.9998994  0.99991155 0.9997137  0.9998323  0.9999298 ]
[0.8940507  0.99988246 0.9999255  0.9999479  0.99939585 0.9998586
 0.9999386  0.999894   0.9997209  0.9998368  0.99993026]
[0.9170414  0.9999193  0.9999653  0.9999474  0.9995415  0.99986184
 0.99990916 0.99993205 0.9996606  0.9998642  0.9999572 ]
[0.88758785 0.9998734  0.99993527 0.99994004 0.99953055 0.9999056
 0.99992704 0.9998666  0.9997534  0.99985576 0.99995327]
[0.83362305 0.9999155  0.9999411  0.9999511  0.9995346  0.9998654
 0.99989796 0.9999083  0.999721   0.9998814  0.99991274]
[0.8550064 0.9999006 0.9999521 0.9999516 0.9994954 0.9998134 0.9998797
 0.9999021 0.9996413 0.9998567 0.9999207]
[0.86907154 0.99990594 0.9999578  0.9999136  0.999488   0.9998349
 0.9999305  0.99985826 0.9998338  0.9998585  0.99993134]
[0.88645434 0.9998677  0.9999652  0.9999348  0.9993211  0.999915
 0.99989235 0.9999186  0.99979395 0.9998487  0.9999473 ]
[0.9050701  0.99993944 0.9999527  0.9999609  0.9995376  0.999861
 0.99991465 0.999889   0.99981624 0.999905   0.9999223 ]
[0.87216794 0.99987817 0.99992335 0.9999268  0.999458   0.99982196
 0.9999306  0.99989605 0.9998221  0.9998412  0.9999573 ]
[0.89805734 0.99992776 0.9999591  0.9999622  0.99953794 0.9999001
 0.99994767 0.99988043 0.9996923  0.99989605 0.99994516]
[0.8472532  0.99991894 0.99996567 0.99991655 0.99950695 0.9998877
 0.99991727 0.99985397 0.9997025  0.999816   0.9999373 ]
[0.8558063  0.9998617  0.99994564 0.99993885 0.9996606  0.9998673
 0.99992657 0.9999287  0.99971765 0.99987566 0.9999583 ]
[0.8508142  0.9999249  0.9999325  0.9999484  0.9996146  0.9999039
 0.99990976 0.999851   0.99978703 0.9998491  0.9999188 ]
[0.8506363  0.9999244  0.9999609  0.9999603  0.999589   0.99988496
 0.9998784  0.9998988  0.9997775  0.9998252  0.99992895]
[0.8654479  0.9998635  0.9999652  0.9999187  0.9993924  0.99990606
 0.99994636 0.9998715  0.99981993 0.99984825 0.99992776]
[0.85173786 0.99993825 0.99993026 0.9999279  0.999553   0.9999019
 0.9998841  0.9998965  0.999813   0.9998871  0.9999597 ]
[0.9129996  0.99991274 0.99992657 0.99994886 0.99966    0.99987066
 0.9998901  0.9999354  0.9998227  0.9998994  0.99993896]
[0.87799203 0.99990535 0.9999336  0.99991083 0.99956447 0.9998062
 0.9999342  0.9999182  0.99962866 0.9998215  0.99994195]
[0.88893336 0.9999124  0.9999584  0.99994767 0.9993012  0.9998965
 0.99993706 0.9999279  0.9998399  0.9998634  0.99994004]
[0.8824088  0.9999268  0.9999645  0.9999428  0.9993579  0.999889
 0.999881   0.99992037 0.9997925  0.99986494 0.99993455]
[0.8630586  0.9999143  0.99996066 0.9999213  0.9994535  0.9999002
 0.9999423  0.9998535  0.9997789  0.9998062  0.99995303]
[0.91645944 0.9999131  0.999964   0.99993885 0.9996934  0.9998683
 0.9998963  0.99992585 0.9998356  0.99988866 0.9999212 ]
[0.8781537  0.99991906 0.999944   0.99992466 0.9993942  0.9998723
 0.99993515 0.9999255  0.9998275  0.9998857  0.9999137 ]
[0.84667766 0.9998838  0.9999455  0.9999423  0.9993518  0.99987805
 0.9999449  0.99992096 0.9997316  0.9998202  0.99995697]
[0.87299347 0.9999237  0.99996126 0.9999299  0.9994986  0.9998729
 0.99988186 0.99987507 0.9996805  0.99987197 0.99995697]
[0.86687875 0.99991274 0.99996364 0.9999609  0.9994223  0.9998473
 0.99992275 0.9999081  0.9997009  0.9998511  0.9999453 ]
[0.88266027 0.99987185 0.9999405  0.99993384 0.99934894 0.99982196
 0.99990594 0.9999125  0.9996642  0.9998883  0.9999598 ]
[0.88574654 0.999882   0.9999424  0.99992394 0.9995297  0.99989057
 0.9998956  0.9999112  0.99968064 0.9998103  0.99995387]
[0.9000011  0.99990225 0.9999616  0.9999324  0.9995832  0.9998561
 0.9999312  0.99985933 0.9998     0.999877   0.9999379 ]
[0.87941116 0.9999058  0.9999318  0.9999362  0.99949276 0.999881
 0.9999219  0.9999279  0.99981064 0.9998099  0.9999088 ]
[0.90911955 0.999871   0.99995315 0.9999474  0.99964106 0.99986255
 0.9999423  0.99993336 0.99983335 0.9998884  0.99995685]
[0.9089843  0.99993324 0.99996793 0.99992144 0.99963534 0.9998455
 0.9999254  0.99991643 0.9997745  0.9999006  0.9999448 ]
[0.9140461  0.9998739  0.9999254  0.9999622  0.9993923  0.99986947
 0.9998919  0.9998766  0.9997403  0.9998166  0.99994266]
[0.9068929  0.99992573 0.9999523  0.9999528  0.99963117 0.9999087
 0.99992466 0.9999294  0.99972004 0.99990714 0.9999449 ]
[0.8863137  0.9998584  0.9999312  0.9999386  0.9994584  0.99989915
 0.9999428  0.9998853  0.9996964  0.99990654 0.9999448 ]
[0.89507234 0.9999105  0.99995625 0.9999449  0.99948907 0.9998988
 0.9999107  0.9998963  0.9996222  0.9998543  0.999925  ]
[0.8990619  0.9998945  0.99996066 0.9999497  0.9994708  0.9999063
 0.99994314 0.9999232  0.99968755 0.9998572  0.999956  ]
[0.84337693 0.9999329  0.9999541  0.9999473  0.9996137  0.9999033
 0.999879   0.99984527 0.9996469  0.9998878  0.99995506]
[0.9087165  0.99989784 0.9999242  0.9999287  0.9996402  0.9998536
 0.999912   0.9998516  0.9997689  0.99981374 0.99990916]
[0.8409891  0.999897   0.999966   0.9999583  0.99937785 0.9999057
 0.99988914 0.99984574 0.9997681  0.9998468  0.9999447 ]
[0.8342518  0.99993193 0.99994886 0.99993336 0.9994843  0.9998951
 0.99993813 0.99985397 0.9996253  0.999863   0.9999448 ]
[0.8629371  0.99993515 0.99992096 0.9999404  0.99951017 0.99991274
 0.9998826  0.9999007  0.99970144 0.99982506 0.99994755]
[0.9091061  0.9999081  0.9999385  0.99994314 0.99946445 0.9998852
 0.9999454  0.9998617  0.9997882  0.9998673  0.9999579 ]
[0.9172882  0.9999281  0.9999615  0.9999435  0.99935955 0.9999082
 0.9998956  0.9998622  0.9997166  0.9998068  0.9999604 ]
[0.86041224 0.99993324 0.99994636 0.9999471  0.9994531  0.9998448
 0.9999267  0.9999157  0.9997484  0.9998084  0.9999131 ]
[0.8516381  0.9999403  0.99995875 0.999915   0.9993673  0.9999027
 0.9998946  0.99985003 0.999691   0.9999027  0.9999552 ]
[0.91550344 0.9999101  0.9999461  0.9999504  0.9994759  0.999801
 0.9999299  0.9999291  0.9997098  0.99988866 0.99995136]
[0.91624373 0.99986136 0.99996376 0.9999362  0.9993973  0.99991035
 0.9998927  0.99993277 0.9997228  0.99988997 0.9999604 ]
[0.8952087  0.99991274 0.9999505  0.99991274 0.99945456 0.9999107
 0.9999089  0.9999045  0.9997731  0.9998518  0.9999429 ]
[0.8756033  0.99989164 0.99995196 0.99994266 0.99957055 0.99990976
 0.99991167 0.9999002  0.99968576 0.99980766 0.99994564]
[0.9036611  0.99988127 0.9999609  0.99994826 0.9994326  0.9998661
 0.99990106 0.9998964  0.9998325  0.99986005 0.9999484 ]
[0.9002928  0.9999212  0.99993765 0.99992025 0.99946815 0.99988914
 0.9998944  0.99992406 0.9997305  0.9998777  0.9999435 ]
[0.8661111  0.99986374 0.9999565  0.99994826 0.9994172  0.999884
 0.99987864 0.9999242  0.99975115 0.99983203 0.9999399 ]
[0.8745649  0.9999387  0.99992704 0.9999368  0.99949276 0.9998412
 0.9999466  0.9999281  0.9996964  0.99978715 0.9999422 ]
[0.9169002 0.9998716 0.9999666 0.9999316 0.9996055 0.9998271 0.999876
 0.9999269 0.9996909 0.999811  0.9999255]
[0.8605398  0.9998958  0.9999424  0.9999083  0.9996244  0.99982446
 0.9999374  0.9998703  0.99962425 0.99990165 0.9999268 ]
[0.8854328  0.999874   0.9999459  0.99995935 0.9994796  0.9998529
 0.99989665 0.9998698  0.999711   0.9997943  0.999923  ]
[0.8827285  0.99992085 0.99993646 0.99994063 0.9995734  0.99987316
 0.99988484 0.9999181  0.99972445 0.9998499  0.99995553]
