Mprobs for dataset sim1_corr (0.9) (Mean-field): 

[0.99901867 0.9999273  0.9999391  0.9999187  0.9996203  0.9998524
 0.99993694 0.9999187  0.9997969  0.9998888  0.99995494]
[0.9989889  0.9998747  0.9999418  0.99995863 0.9994242  0.99983454
 0.9999144  0.9999213  0.9998172  0.9998889  0.9999273 ]
[0.99920267 0.99991035 0.99992776 0.99995744 0.99960476 0.999887
 0.9999411  0.99990344 0.99970514 0.9998776  0.99991846]
[0.9994635  0.999897   0.9999256  0.99994123 0.9994466  0.9999039
 0.9999045  0.9999187  0.9997607  0.99985456 0.9999076 ]
[0.99887294 0.9998884  0.9999589  0.99991953 0.99953926 0.999879
 0.9998884  0.9999211  0.9996885  0.9998392  0.9999287 ]
[0.9989317  0.99987626 0.9999429  0.9999558  0.99967337 0.9998548
 0.9999031  0.99992955 0.99972564 0.9998895  0.99994886]
[0.9984824  0.9999465  0.9999269  0.9999212  0.9993919  0.99987066
 0.99994326 0.99991894 0.99967015 0.9998957  0.9999552 ]
[0.9981616  0.9999243  0.9999423  0.9999584  0.99948347 0.9999026
 0.99989796 0.9998921  0.99961287 0.9998982  0.99995947]
[0.9993319  0.9998816  0.9999685  0.99994934 0.99957687 0.99987507
 0.9999496  0.99985373 0.99981505 0.999816   0.9999211 ]
[0.9983272  0.99992025 0.99995136 0.9999299  0.99935645 0.9999043
 0.99994695 0.99989164 0.9998294  0.99988055 0.9999558 ]
[0.99934655 0.9999466  0.999954   0.99991596 0.9993261  0.99990344
 0.9999175  0.99991393 0.99971586 0.99986184 0.9999399 ]
[0.99938715 0.99993587 0.99995005 0.9999118  0.99946254 0.9998745
 0.9998858  0.9998598  0.99963117 0.99981874 0.99993193]
[0.9987012  0.9998963  0.99995756 0.99995255 0.99940515 0.99988556
 0.9999193  0.999936   0.9997973  0.9998646  0.9999372 ]
[0.9991572  0.9999367  0.99995995 0.99991536 0.9995789  0.9998727
 0.99991524 0.99987483 0.999759   0.9998847  0.9999428 ]
[0.9992878  0.99990225 0.99995995 0.9999472  0.99964845 0.99982446
 0.9999043  0.9998555  0.9998155  0.99991035 0.99992967]
[0.99926025 0.99987113 0.9999398  0.9999455  0.9996946  0.999887
 0.99987805 0.99991524 0.99968517 0.9998412  0.9999602 ]
[0.99846196 0.9999341  0.99994075 0.999933   0.9995839  0.9998838
 0.99991477 0.9998864  0.99977845 0.999826   0.99995804]
[0.998808   0.9999119  0.99995375 0.9999155  0.99944466 0.99985397
 0.99987805 0.9999132  0.9997347  0.99986744 0.9999517 ]
[0.99885905 0.99994373 0.99996054 0.99994004 0.999519   0.99990296
 0.99990165 0.9999263  0.9997819  0.9998481  0.99994814]
[0.99917346 0.99991393 0.9999318  0.9999095  0.99939454 0.99989617
 0.99994445 0.9999062  0.9997044  0.9998246  0.9999198 ]
[0.9993973  0.99990535 0.9999466  0.99996173 0.99948347 0.99990976
 0.9999074  0.9998871  0.9998161  0.9998975  0.99995005]
[0.99872166 0.9999008  0.99993396 0.9999478  0.99950147 0.9998615
 0.9999478  0.9998547  0.9996488  0.9998776  0.9999553 ]
[0.99903405 0.999936   0.9999598  0.9999534  0.99960834 0.999846
 0.99994946 0.99992    0.99979335 0.9998776  0.999931  ]
[0.99897885 0.9998878  0.9999621  0.99993706 0.99968445 0.99987805
 0.9999479  0.9998586  0.9996594  0.9999118  0.9999281 ]
[0.9987446  0.9998772  0.9999553  0.99991035 0.99949944 0.9999074
 0.99993503 0.9998524  0.99978703 0.99989045 0.999933  ]
[0.99932945 0.9999318  0.9999678  0.9999398  0.99957794 0.9998584
 0.9998977  0.99987197 0.9997993  0.99990606 0.9999478 ]
[0.99895006 0.9999335  0.99992716 0.99992704 0.9994904  0.9998901
 0.99994135 0.99992394 0.99968433 0.99986327 0.9999329 ]
[0.9980077  0.9999373  0.9999628  0.9999602  0.9994363  0.99982053
 0.9999169  0.9999038  0.999798   0.9998983  0.99995923]
[0.99932957 0.9999156  0.999961   0.9999583  0.9993735  0.9998965
 0.99988425 0.99984753 0.9996388  0.9998727  0.99992204]
[0.9989748  0.99992526 0.99994934 0.9999237  0.9995709  0.9998536
 0.9999335  0.9999192  0.9996407  0.9998357  0.99995255]
[0.9982439  0.99994874 0.9999293  0.99992466 0.99946135 0.9998802
 0.999923   0.9999325  0.9998299  0.9999081  0.99995244]
[0.9987895  0.99986434 0.99995375 0.9999472  0.9996823  0.9998765
 0.9998752  0.9998728  0.9997602  0.9998486  0.9999343 ]
[0.9989697  0.99991024 0.999926   0.99994504 0.99935573 0.99981374
 0.9999435  0.9998683  0.99979085 0.9998134  0.99990547]
[0.9993013  0.99993694 0.99996066 0.999956   0.9993799  0.9998375
 0.9998925  0.9998809  0.9997297  0.99982184 0.9999347 ]
[0.9985317  0.9999049  0.9999318  0.9999212  0.99936837 0.9998142
 0.9999399  0.99989676 0.99965346 0.9998072  0.99993265]
[0.9990206  0.9998846  0.9999386  0.9999492  0.99969935 0.9998216
 0.9998764  0.9999325  0.9997768  0.9998211  0.99992657]
[0.9995054  0.9998672  0.9999324  0.99993086 0.99937326 0.99989235
 0.9999443  0.9999107  0.9997781  0.9998292  0.99991417]
[0.9983146  0.9999014  0.9999678  0.999907   0.9995061  0.99981874
 0.99988604 0.99990726 0.99977845 0.9998789  0.9999548 ]
[0.9985846  0.9999299  0.999951   0.999949   0.99960047 0.99990654
 0.99992096 0.99985814 0.9998111  0.999908   0.99995196]
[0.99829596 0.99991465 0.99996233 0.99994195 0.9996252  0.9998406
 0.9998752  0.99989533 0.99979    0.9998293  0.9999591 ]
[0.9986909  0.99989426 0.99996865 0.9999448  0.99933004 0.9998734
 0.99994636 0.9999269  0.9996244  0.99989665 0.9999511 ]
[0.9987282  0.99988496 0.999949   0.9999492  0.99936575 0.99983525
 0.9999393  0.99988556 0.9998254  0.9999075  0.99995184]
[0.9988599  0.99991417 0.9999275  0.999933   0.9996779  0.9998305
 0.99990284 0.9999248  0.99978286 0.9999008  0.99994874]
[0.99904245 0.9999205  0.99994564 0.99991906 0.9994468  0.999833
 0.9998766  0.9999118  0.9997875  0.99987507 0.99993575]
[0.99919933 0.9998739  0.99994683 0.9999188  0.9993518  0.9998492
 0.999902   0.9998771  0.99964964 0.99983335 0.999946  ]
[0.99838734 0.99994195 0.99993575 0.99995923 0.99953854 0.99987555
 0.99989974 0.9999238  0.99972194 0.9998683  0.99994314]
[0.99935204 0.99986744 0.9999471  0.9999429  0.9996147  0.9998454
 0.9999325  0.999908   0.99964666 0.9998553  0.99991083]
[0.99917287 0.9999343  0.9999347  0.99994195 0.9993407  0.999902
 0.99993134 0.9999119  0.9995932  0.9998332  0.99992764]
[0.99887305 0.99987245 0.999946   0.9999244  0.99955016 0.9998512
 0.99992645 0.99993396 0.9996506  0.99988854 0.9999151 ]
[0.9983266  0.9999144  0.99992776 0.9999497  0.9997011  0.9998976
 0.9999281  0.99992967 0.9997533  0.99983466 0.99995756]
[0.998884   0.999944   0.999964   0.99993193 0.99970955 0.9999075
 0.9999232  0.99993324 0.9996946  0.999907   0.99993503]
[0.9989011  0.9999218  0.9999585  0.9999443  0.9993806  0.999902
 0.9999386  0.9998884  0.9997379  0.99980634 0.999913  ]
[0.99934727 0.9999089  0.9999616  0.9999547  0.99956816 0.9999176
 0.9998766  0.9998722  0.99964476 0.9999081  0.9999075 ]
[0.99905735 0.99987674 0.9999683  0.99993837 0.99964666 0.9998764
 0.9999168  0.9999201  0.99974674 0.9998342  0.99994636]
[0.9992348  0.9998754  0.999962   0.9999471  0.9995333  0.99989223
 0.999905   0.9999157  0.9997397  0.9998516  0.99992883]
[0.99926525 0.99987507 0.99994624 0.999954   0.99942195 0.9998987
 0.9999143  0.99987066 0.9997545  0.99988365 0.999954  ]
[0.9982337  0.99993396 0.99995697 0.99993825 0.9995258  0.9999151
 0.99994254 0.99989474 0.9997336  0.99987173 0.99991775]
[0.9994041  0.9998946  0.9999418  0.99994385 0.99963677 0.99985313
 0.99988186 0.9999032  0.9996613  0.9998535  0.9999516 ]
[0.9992036  0.9998919  0.9999474  0.9999075  0.9993771  0.99982256
 0.99992204 0.99987435 0.99977297 0.9998561  0.99994266]
[0.99848664 0.99990416 0.9999447  0.9999491  0.9996772  0.9997993
 0.9998902  0.9998821  0.9996617  0.99990225 0.99995744]
[0.99860424 0.99992144 0.99994516 0.9999454  0.9996669  0.99991214
 0.99993706 0.99985266 0.9997242  0.9999105  0.9999337 ]
[0.99951506 0.99988747 0.9999676  0.9999522  0.9996797  0.9998733
 0.9999342  0.9999014  0.9997967  0.99982446 0.99993265]
[0.99877936 0.99993885 0.99993575 0.9999306  0.9994116  0.9998167
 0.9998816  0.9998753  0.9997855  0.99979633 0.9999498 ]
[0.99868506 0.99993527 0.9999516  0.99995327 0.99936    0.99989223
 0.99993944 0.9999242  0.9997743  0.99989617 0.99993825]
[0.99802244 0.99993896 0.9999529  0.99994814 0.99939764 0.9999167
 0.9998895  0.99989724 0.9997502  0.99983025 0.9999237 ]
[0.99891067 0.999874   0.99996555 0.9999491  0.99934465 0.9998789
 0.99989545 0.9998876  0.99980634 0.99980086 0.99995625]
[0.9993291  0.999908   0.99994946 0.9999223  0.9993729  0.9998466
 0.999944   0.9999025  0.99972874 0.99982613 0.99995697]
[0.99900454 0.9999223  0.9999492  0.9999285  0.99933976 0.9998914
 0.9999337  0.9998641  0.9996904  0.9998159  0.99991834]
[0.99933237 0.99991584 0.9999572  0.99993336 0.9993748  0.99986625
 0.99993026 0.99989486 0.9997056  0.9998871  0.9999219 ]
[0.99934405 0.99990094 0.9999604  0.9999484  0.9994721  0.99986684
 0.9999341  0.99986243 0.9997876  0.9998908  0.99995756]
[0.99932015 0.99994135 0.9999453  0.9999486  0.99970716 0.99990773
 0.99993336 0.9998963  0.99982625 0.99988997 0.9999373 ]
[0.99911183 0.99989295 0.99995506 0.99995446 0.9996828  0.99982387
 0.9999145  0.9998878  0.99978274 0.9998173  0.9999527 ]
[0.9992913  0.9999001  0.9999355  0.9999422  0.99946743 0.99983203
 0.9998779  0.99993706 0.9996105  0.9998192  0.9999522 ]
[0.9993999  0.999912   0.99993086 0.9999597  0.9993279  0.9998727
 0.99990904 0.9998969  0.99980086 0.9999014  0.9999572 ]
[0.9993954  0.9999366  0.99993336 0.99991286 0.9996532  0.9998474
 0.99991846 0.99990356 0.9998253  0.9998448  0.9999206 ]
[0.9992459  0.9999436  0.9999509  0.99990857 0.99943024 0.99983335
 0.9999424  0.999861   0.9997719  0.99986863 0.9999547 ]
[0.998184   0.9999293  0.9999304  0.9999585  0.9996315  0.99985325
 0.99988985 0.9999025  0.99965477 0.9999044  0.9999498 ]
[0.99946135 0.99991906 0.99994385 0.9999372  0.9993382  0.99985075
 0.99991405 0.99985623 0.99980277 0.99988747 0.99993014]
[0.9986639  0.99987316 0.99994123 0.9999405  0.99960524 0.9998735
 0.9999137  0.99992585 0.9997528  0.9998005  0.9999198 ]
[0.9986142  0.9999347  0.9999627  0.9999062  0.9993655  0.9999137
 0.99993765 0.99990284 0.9997298  0.99979323 0.99995947]
[0.9992854  0.9999311  0.99995613 0.99993277 0.9996712  0.9998517
 0.99993825 0.9998921  0.99976426 0.9998915  0.9999131 ]
[0.99929774 0.99993217 0.9999243  0.99996233 0.999549   0.9998468
 0.9998883  0.9999037  0.9996878  0.999808   0.9999434 ]
[0.99928135 0.99991786 0.9999511  0.99995244 0.9995085  0.99989676
 0.999944   0.9998821  0.99965215 0.9999056  0.9999229 ]
[0.9993905  0.99991655 0.99996316 0.99992657 0.99945    0.9999113
 0.9999434  0.99987495 0.99970055 0.9997881  0.999959  ]
[0.9986203  0.9998952  0.9999627  0.99994516 0.99950397 0.9999174
 0.9999429  0.99989665 0.99980956 0.9998965  0.99993825]
[0.9993672  0.9999231  0.99993205 0.9999262  0.999532   0.9998746
 0.9999019  0.9999201  0.9997794  0.99982834 0.9999244 ]
[0.99886405 0.999912   0.9999609  0.99993706 0.99949133 0.999856
 0.9999403  0.99989426 0.9998109  0.99990153 0.9999144 ]
[0.99904233 0.9999391  0.999931   0.99993145 0.9995639  0.99987614
 0.99990964 0.9998517  0.999686   0.99983454 0.99990475]
[0.9986135  0.99988127 0.9999615  0.99994266 0.9995315  0.9998721
 0.9999405  0.999926   0.99982387 0.999889   0.9999542 ]
[0.9987778  0.99992895 0.99996746 0.9999155  0.99954766 0.9998492
 0.9999442  0.99988353 0.9997446  0.999808   0.99995446]
[0.99924195 0.99992    0.99993265 0.9999409  0.999519   0.9999094
 0.9999312  0.99985206 0.99974173 0.99982786 0.999938  ]
[0.99891233 0.99989855 0.9999484  0.99990857 0.9994868  0.99982363
 0.9999466  0.9999026  0.999711   0.9998958  0.9999299 ]
[0.99946576 0.9998635  0.99993765 0.9999124  0.99949145 0.999861
 0.9999342  0.99989676 0.99982005 0.9998913  0.99990666]
[0.9991271  0.99991405 0.99993145 0.99992096 0.9996296  0.9998148
 0.99992967 0.99987185 0.99969673 0.9998914  0.99994767]
[0.9993766  0.9999014  0.9999254  0.9999188  0.9996321  0.99990284
 0.9998846  0.9998815  0.9996917  0.99986374 0.99995184]
[0.99856263 0.99994576 0.999931   0.99994075 0.99951375 0.99990976
 0.99994886 0.999913   0.99969006 0.9999083  0.9999491 ]
[0.9990663  0.9999337  0.9999263  0.99995005 0.99960893 0.99990225
 0.99993896 0.9999219  0.99976724 0.9998536  0.9999205 ]
[0.99933475 0.9998952  0.9999672  0.99993265 0.9996026  0.9999074
 0.9999404  0.9999311  0.9996661  0.99986637 0.9999591 ]
[0.9995402  0.99985886 0.9999654  0.9999386  0.99954337 0.99989486
 0.9999324  0.99992096 0.9997291  0.9998111  0.9999293 ]
[0.99828917 0.9999232  0.9999677  0.99991274 0.99960035 0.99987376
 0.99991536 0.9999138  0.99969447 0.99984396 0.99995255]
