Mprobs for dataset sim1_corr (0.1) (Mean-field): 

[0.99993086 0.99994934 0.99992037 0.9996031  0.99983466 0.9998857
 0.9999279  0.99980813 0.999816   0.99993896]
[0.9998455  0.9999362  0.99995005 0.9994778  0.9999112  0.99993455
 0.9998585  0.9997762  0.9998679  0.99991846]
[0.9998963  0.9999249  0.9999583  0.9994765  0.9999045  0.99989116
 0.9999236  0.9998266  0.99988306 0.99991524]
[0.9999255  0.99993646 0.9999498  0.9995864  0.9999155  0.99993134
 0.9999068  0.9996722  0.9999114  0.99992216]
[0.99985564 0.99996126 0.9999614  0.9995875  0.9998913  0.9999312
 0.99988794 0.9996474  0.99980193 0.99994004]
[0.99993265 0.999959   0.99993277 0.9993767  0.99981433 0.9999287
 0.9999081  0.9996369  0.999801   0.9999417 ]
[0.9998654  0.9999628  0.99990606 0.999602   0.99983966 0.9999299
 0.99986804 0.99981695 0.9999039  0.9999536 ]
[0.9999317  0.999944   0.9999424  0.9996451  0.999814   0.99991274
 0.9998946  0.9998179  0.9998882  0.99995327]
[0.99993277 0.99993587 0.99995613 0.9996325  0.99991214 0.99988925
 0.9998864  0.99981064 0.9998253  0.999961  ]
[0.9999291  0.9999627  0.99993324 0.99941826 0.99980706 0.99989307
 0.9999205  0.9996892  0.9999025  0.99993706]
[0.999858   0.99995613 0.99993145 0.9995728  0.9998764  0.9998965
 0.99992204 0.9997565  0.9998779  0.9999393 ]
[0.99989545 0.9999645  0.9999436  0.99944943 0.99986947 0.99993193
 0.99993265 0.9996679  0.9998876  0.9999614 ]
[0.9999033  0.99994874 0.999954   0.99935395 0.99987876 0.9999311
 0.99991393 0.999728   0.99987316 0.9999347 ]
[0.9998878  0.9999256  0.9999436  0.99932384 0.9998312  0.99994063
 0.9999136  0.9997192  0.9998816  0.9999505 ]
[0.9999182  0.99996746 0.9999424  0.9996742  0.9998196  0.9999205
 0.9998765  0.99980634 0.9998423  0.9999269 ]
[0.9998828  0.9999646  0.9999186  0.99966145 0.99991417 0.99994636
 0.99991703 0.99975044 0.99989474 0.9999541 ]
[0.999884   0.99994385 0.99995375 0.9995141  0.99982697 0.99991727
 0.99991393 0.99971634 0.99985075 0.99993145]
[0.99986327 0.9999403  0.99994063 0.99947447 0.9999169  0.9999404
 0.9998641  0.9997191  0.9998827  0.9999268 ]
[0.99986696 0.9999347  0.9999324  0.9994843  0.99987686 0.9998784
 0.9999329  0.99962556 0.99981576 0.99991643]
[0.99987936 0.9999232  0.99995697 0.9995171  0.9998715  0.99989104
 0.99993014 0.99973387 0.9999012  0.99995255]
[0.99988556 0.9999467  0.9999218  0.99969566 0.9999107  0.99993324
 0.9999281  0.9997435  0.9998442  0.9999436 ]
[0.9999107  0.99995613 0.99995077 0.9995937  0.9998722  0.99992144
 0.99992955 0.99973065 0.99982613 0.9999567 ]
[0.9999269  0.999967   0.99994016 0.99927396 0.9999151  0.9999101
 0.99987984 0.9996582  0.9999019  0.9999175 ]
[0.9998987  0.9999411  0.9999585  0.99949336 0.9999049  0.999897
 0.9998927  0.9997856  0.9998529  0.9999299 ]
[0.9999044  0.99996233 0.99993455 0.9995183  0.9998466  0.9998851
 0.9998822  0.99977535 0.99989784 0.99991965]
[0.9999254  0.999941   0.99995863 0.9994049  0.9998685  0.99991393
 0.9998809  0.9997422  0.99987245 0.999946  ]
[0.99993145 0.999961   0.9999498  0.99962497 0.9998504  0.9999106
 0.99992764 0.99978215 0.99984646 0.99995005]
[0.9999331  0.9999584  0.9999206  0.99952066 0.9998845  0.99993825
 0.99993193 0.999746   0.99985874 0.99994123]
[0.9998683  0.9999465  0.99993    0.9993424  0.99991393 0.9998858
 0.99990773 0.99977404 0.99987626 0.9999461 ]
[0.999881   0.99996376 0.99994457 0.99967873 0.99991894 0.99993837
 0.9999337  0.99967754 0.9998888  0.9999554 ]
[0.99984336 0.999956   0.9999478  0.9995091  0.9998765  0.9999025
 0.99992216 0.99976546 0.9998672  0.99995816]
[0.99990547 0.99994516 0.99992406 0.99940467 0.9998703  0.9999114
 0.9999219  0.99983263 0.99981815 0.9999157 ]
[0.9998685  0.99993646 0.99995327 0.99953294 0.9999192  0.99994075
 0.9999213  0.9997142  0.99990165 0.9999515 ]
[0.999876   0.9999604  0.9999552  0.999451   0.99988353 0.999905
 0.9999207  0.9996803  0.9997999  0.9999467 ]
[0.99991536 0.99993074 0.9999145  0.9996247  0.99989796 0.99988997
 0.99986553 0.9998318  0.9998851  0.9999559 ]
[0.9999263  0.9999436  0.9999584  0.9993419  0.999853   0.99989474
 0.9999249  0.99971694 0.99988174 0.99993503]
[0.9999318  0.9999566  0.99992573 0.99959964 0.99987495 0.9999298
 0.999899   0.99980193 0.9998171  0.99995613]
[0.999936   0.99993694 0.99994826 0.999561   0.99987626 0.9999019
 0.9999267  0.99981445 0.9999082  0.9999291 ]
[0.99988604 0.99995387 0.99992514 0.99945766 0.9998747  0.99990785
 0.9998746  0.9996451  0.99982506 0.9999242 ]
[0.99989665 0.999966   0.99995315 0.99931276 0.9998342  0.9999443
 0.99986064 0.9998179  0.99981505 0.99996066]
[0.99992347 0.999956   0.9999337  0.9993956  0.9999161  0.99994624
 0.9999304  0.99982625 0.9998504  0.99992144]
[0.9998863  0.9999535  0.9999336  0.99931705 0.999859   0.9999335
 0.9999033  0.9997453  0.9998307  0.999936  ]
[0.99992085 0.9999267  0.999946   0.99936384 0.99980944 0.9999248
 0.9999186  0.9998093  0.999819   0.9999441 ]
[0.99989986 0.99995863 0.999944   0.9996165  0.9998766  0.99994266
 0.9999325  0.99971086 0.99987125 0.99993575]
[0.9998987  0.99996126 0.9999068  0.99954957 0.99986434 0.99994636
 0.9998939  0.9996824  0.99989283 0.99994993]
[0.9998596  0.9999429  0.99992156 0.99934965 0.9998939  0.9998795
 0.99990463 0.999767   0.99984956 0.99993145]
[0.9998964  0.9999629  0.99996006 0.9996111  0.9998803  0.9999329
 0.9999244  0.9997969  0.9998293  0.9999603 ]
[0.99991    0.99996686 0.99994934 0.9994766  0.9998907  0.99988985
 0.99991274 0.99965537 0.99989784 0.99994445]
[0.99988866 0.99996424 0.99994624 0.99961865 0.9998685  0.9999182
 0.99989057 0.99975365 0.99990225 0.9999572 ]
[0.9998859  0.99996305 0.9999459  0.99954563 0.99988294 0.9999453
 0.9999175  0.9996966  0.99990344 0.9999213 ]
[0.9998964  0.9999263  0.9999584  0.9994686  0.9998914  0.99988747
 0.99992657 0.9997634  0.9998067  0.99991035]
[0.9998661  0.9999418  0.99993896 0.99960285 0.99981636 0.999948
 0.99985087 0.99978405 0.99989474 0.99990857]
[0.9998772  0.999949   0.9999347  0.99955827 0.9999088  0.99992096
 0.9999088  0.9998122  0.9998684  0.999936  ]
[0.9998847  0.9999584  0.99994946 0.99957377 0.99988675 0.9999343
 0.9999026  0.9997061  0.9998734  0.99990606]
[0.9999008  0.9999287  0.99993384 0.9993693  0.999912   0.99987555
 0.9998455  0.99967456 0.9998559  0.9999089 ]
[0.99988604 0.99996567 0.99991465 0.99953485 0.9998254  0.9999391
 0.9999341  0.9996401  0.9998838  0.9999151 ]
[0.99987173 0.9999355  0.9999609  0.9996123  0.9998684  0.9999329
 0.9999151  0.9997558  0.9999021  0.9999243 ]
[0.9999095  0.9999627  0.99992216 0.99934703 0.9998393  0.999948
 0.99992216 0.99979967 0.9998735  0.9999571 ]
[0.9999125  0.999967   0.9999137  0.99958414 0.99988914 0.999897
 0.99985695 0.99963284 0.9999006  0.99995065]
[0.99985087 0.9999677  0.99993217 0.999603   0.9998338  0.9999107
 0.999889   0.99964833 0.9998876  0.9999062 ]
[0.99984694 0.9999639  0.9999393  0.99965155 0.9999087  0.9999275
 0.9999224  0.9997296  0.9997961  0.99993455]
[0.99992144 0.99993515 0.9999217  0.9996358  0.9998957  0.9999397
 0.9998764  0.99983394 0.9999007  0.9999181 ]
[0.9998615  0.9999474  0.99996114 0.99947363 0.99987125 0.9999187
 0.9999007  0.9998313  0.99984956 0.9999292 ]
[0.99993205 0.99995756 0.9999254  0.9995553  0.99985445 0.9998933
 0.9999069  0.99976844 0.99980897 0.99991536]
[0.99991035 0.9999584  0.9999223  0.99947673 0.999819   0.99988365
 0.99992967 0.99972004 0.99988663 0.99991965]
[0.99989414 0.99993694 0.9999386  0.9995359  0.9998741  0.99992394
 0.99991333 0.9996382  0.9998704  0.999933  ]
[0.99993205 0.9999678  0.999915   0.9994735  0.9998056  0.99993753
 0.9999049  0.9997292  0.9998981  0.9999529 ]
[0.99987113 0.99992645 0.9999455  0.99933225 0.99988425 0.99994814
 0.99990165 0.999718   0.9998404  0.9999497 ]
[0.99991465 0.9999355  0.99992216 0.9994149  0.99983084 0.9999496
 0.9998491  0.99975795 0.99987876 0.99993634]
[0.99992895 0.9999443  0.9999498  0.99966574 0.99988866 0.99994206
 0.9998591  0.9997539  0.99980646 0.99994326]
[0.99993575 0.99992657 0.99992037 0.99951303 0.9999118  0.9999068
 0.99987435 0.999828   0.99981064 0.9999548 ]
[0.99985754 0.9999423  0.9999219  0.99948525 0.9998771  0.99993944
 0.9999211  0.9997831  0.9999101  0.9999523 ]
[0.9998919  0.9999685  0.9999273  0.99934965 0.9998801  0.99993646
 0.99993455 0.9997266  0.9999126  0.9999515 ]
[0.99991024 0.9999609  0.9999199  0.99966466 0.99984896 0.9999026
 0.99991703 0.99970657 0.9998909  0.99993193]
[0.9998858  0.99996626 0.9999161  0.99951625 0.9998679  0.99994266
 0.99992037 0.9996283  0.9999057  0.9999572 ]
[0.99992824 0.9999565  0.99994314 0.99941254 0.9998919  0.9999019
 0.99987996 0.9997069  0.99987113 0.9999248 ]
[0.99993706 0.99992585 0.99995625 0.999519   0.9998789  0.99994755
 0.9998745  0.999801   0.99990654 0.9999521 ]
[0.9999012  0.9999548  0.9999368  0.9993611  0.999871   0.9999435
 0.99986935 0.9996798  0.99989057 0.9999502 ]
[0.99992466 0.9999275  0.9999242  0.9994221  0.9998435  0.9999447
 0.99990356 0.99975747 0.9998287  0.9999509 ]
[0.99985945 0.9999459  0.9999474  0.99953103 0.99987817 0.9999274
 0.99989915 0.9997193  0.9999037  0.999938  ]
[0.9998766  0.9999573  0.99996233 0.9995003  0.9998072  0.9999099
 0.9999356  0.99975044 0.9998505  0.999951  ]
[0.9998661  0.9999342  0.99991345 0.9994135  0.99989855 0.9999014
 0.99993074 0.99971336 0.9999031  0.99994385]
[0.99986553 0.99993217 0.9999107  0.99952877 0.99987674 0.99993885
 0.99984956 0.99979585 0.9998851  0.99995303]
[0.99990416 0.9999516  0.9999573  0.99932265 0.9998412  0.99992335
 0.99990547 0.9997718  0.9998586  0.9999232 ]
[0.9998704  0.99996376 0.999956   0.9996253  0.9998939  0.99992
 0.999928   0.99964225 0.9998728  0.99995315]
[0.9999263  0.9999684  0.99996245 0.9992849  0.99988925 0.9999205
 0.99991786 0.99981576 0.9998945  0.9999578 ]
[0.9999262  0.99996316 0.99995613 0.9993741  0.9998252  0.9999393
 0.9999182  0.9997948  0.99989164 0.9999472 ]
[0.9998932  0.99996114 0.99993217 0.99949574 0.9998845  0.9999317
 0.9998964  0.99975127 0.9998282  0.9999311 ]
[0.9999286  0.9999509  0.9999534  0.9996482  0.99987125 0.9999176
 0.9998441  0.99966955 0.9998778  0.99993396]
[0.9998568  0.9999317  0.99991846 0.99938214 0.9998833  0.99994373
 0.9999367  0.9997583  0.99984217 0.9999317 ]
[0.9998573  0.99993205 0.99993396 0.9996126  0.99990714 0.9999081
 0.9999275  0.9997197  0.9998313  0.9999578 ]
[0.99993265 0.9999578  0.9999522  0.9993862  0.9999008  0.9999229
 0.9999132  0.9998056  0.999866   0.9999124 ]
[0.99988544 0.99995005 0.9999552  0.999655   0.99988425 0.99992263
 0.99992967 0.99959785 0.9998989  0.9999293 ]
[0.99992657 0.99993014 0.9999095  0.9996437  0.99980766 0.99987626
 0.9999043  0.99963653 0.9998197  0.9999262 ]
[0.99993384 0.9999583  0.9999461  0.99960214 0.9998963  0.99987674
 0.9999006  0.99971324 0.9998467  0.9999198 ]
[0.9999136  0.99995625 0.9999417  0.99966836 0.99980694 0.9998903
 0.99989426 0.99969256 0.99982685 0.9999596 ]
[0.99990165 0.99996424 0.999959   0.9993181  0.99990237 0.9999306
 0.9998827  0.9998122  0.99986494 0.99995565]
[0.9999355  0.9999335  0.9999105  0.99938583 0.99987316 0.99993956
 0.9998715  0.99981886 0.99985456 0.99994767]
[0.99989116 0.9999311  0.99992526 0.99963963 0.99988544 0.99992
 0.99990904 0.99969053 0.9998765  0.99995553]
[0.9999354  0.99993837 0.99991095 0.9995733  0.9998802  0.9998845
 0.9998807  0.9997948  0.99990916 0.9999399 ]
