Mprobs for dataset sim1_corr (0.6) (Mean-field): 

[0.9810463  0.9999025  0.99995613 0.9999616  0.9993424  0.9998679
 0.99991536 0.99993443 0.99976903 0.99991107 0.9999076 ]
[0.97431266 0.99989176 0.99993443 0.99993    0.99958974 0.99987614
 0.999913   0.99992645 0.9998344  0.9998516  0.9999213 ]
[0.9833835  0.99994767 0.9999548  0.9999443  0.9995945  0.99991524
 0.9998988  0.99992156 0.9996406  0.9998117  0.9999211 ]
[0.97713315 0.99992204 0.9999285  0.99994016 0.99963593 0.99987745
 0.9999101  0.9999062  0.9997707  0.9998068  0.99995804]
[0.9790855  0.99990845 0.99996066 0.9999224  0.99942565 0.9999136
 0.9998944  0.9998486  0.99974877 0.9998958  0.9999558 ]
[0.9760237  0.9999063  0.99995065 0.9999136  0.99954176 0.9998487
 0.99987805 0.9999069  0.99975735 0.9997886  0.9999596 ]
[0.9737679  0.9999106  0.9999676  0.9999254  0.9995254  0.99992025
 0.99989164 0.999889   0.99980205 0.9998324  0.999951  ]
[0.98580706 0.99993646 0.9999323  0.9999256  0.99953735 0.9999021
 0.99992466 0.99986756 0.99963737 0.99979645 0.9999527 ]
[0.97108036 0.99994195 0.9999548  0.9999449  0.9997019  0.9998435
 0.99992824 0.99985003 0.9997904  0.9998392  0.999926  ]
[0.9859707  0.999938   0.999926   0.9999349  0.9993861  0.99988997
 0.99989927 0.99985754 0.9998079  0.9998776  0.9999033 ]
[0.97466135 0.999951   0.9999597  0.999949   0.99959105 0.99987733
 0.9998841  0.99989986 0.99973875 0.9998443  0.9999285 ]
[0.9745677  0.99992824 0.99993634 0.99993026 0.99940395 0.99984527
 0.9998995  0.9998963  0.9998042  0.9998994  0.9999602 ]
[0.9835089  0.99989533 0.9999614  0.9999229  0.9995221  0.9998171
 0.9999387  0.999912   0.99962914 0.9998839  0.9999367 ]
[0.9797649  0.99994636 0.9999422  0.9999261  0.99971634 0.999833
 0.9998802  0.9999242  0.9997836  0.9999051  0.99994266]
[0.97338563 0.999931   0.99995625 0.9999361  0.9994273  0.999853
 0.9999455  0.99985695 0.9997781  0.9999056  0.99994326]
[0.97673315 0.9999107  0.9999454  0.9999397  0.9995072  0.9999076
 0.9998987  0.9999261  0.9997322  0.999859   0.9999511 ]
[0.98440385 0.99988735 0.9999604  0.99994206 0.9994072  0.9998735
 0.99988616 0.99992657 0.9998104  0.9998634  0.9999535 ]
[0.97932565 0.99994814 0.99996376 0.9999534  0.99944407 0.99988735
 0.9998895  0.99990964 0.9998116  0.9998098  0.9999441 ]
[0.98145056 0.99990594 0.99996567 0.99991095 0.99956554 0.99983084
 0.9999019  0.9999107  0.99983025 0.999856   0.9999242 ]
[0.9784631  0.99988544 0.9999238  0.9999511  0.99943846 0.9998375
 0.9998721  0.99991786 0.9997762  0.9997923  0.9999443 ]
[0.98816514 0.9999089  0.9999368  0.9999262  0.9994186  0.9998363
 0.9999155  0.99985003 0.99967813 0.99982435 0.9999573 ]
[0.9823589  0.9999496  0.9999683  0.9999591  0.9996307  0.9998816
 0.99988437 0.9999181  0.9996648  0.9998807  0.99991703]
[0.97429806 0.99994063 0.9999269  0.9999521  0.9996823  0.9998716
 0.99994135 0.99985075 0.9996805  0.99984837 0.999949  ]
[0.976343   0.9999311  0.99994564 0.99995077 0.9996427  0.99985147
 0.99991965 0.99992347 0.99972934 0.99983776 0.99993587]
[0.98596984 0.999948   0.9999591  0.9999554  0.9996793  0.99983907
 0.999915   0.9998933  0.99981457 0.9998648  0.9999342 ]
[0.98435426 0.9999484  0.9999398  0.9999473  0.99965096 0.99988544
 0.99992585 0.9999254  0.99978    0.999803   0.99991536]
[0.9850721  0.999902   0.99993265 0.99992955 0.9996076  0.9998983
 0.9999285  0.9998543  0.99971527 0.99989843 0.99993014]
[0.9846926  0.99989235 0.99996746 0.99991214 0.99963677 0.9998324
 0.9999361  0.9998524  0.99976116 0.9999089  0.9999372 ]
[0.98664457 0.99990463 0.99992526 0.9999262  0.9996081  0.9999167
 0.9999113  0.9999182  0.99981266 0.9998202  0.99994314]
[0.969249   0.9999418  0.999941   0.9999119  0.99932647 0.99991715
 0.9999424  0.9998661  0.99983084 0.9998499  0.99993026]
[0.9773612  0.9998921  0.9999286  0.9999478  0.99956864 0.9998896
 0.9999263  0.99991    0.9997483  0.99989474 0.9999522 ]
[0.9701148  0.99989474 0.99996483 0.9999194  0.999564   0.9998766
 0.9999019  0.9998714  0.99981445 0.9998498  0.9999604 ]
[0.9686873  0.9999517  0.99994874 0.9999299  0.99941087 0.99990094
 0.99991834 0.99988747 0.9998227  0.9998958  0.9999316 ]
[0.98629564 0.9998977  0.9999435  0.99992454 0.99941635 0.9998839
 0.99994767 0.99991417 0.9998024  0.9998017  0.9999386 ]
[0.98019856 0.99991083 0.99993753 0.99994564 0.99954754 0.9998252
 0.999946   0.9999304  0.99966335 0.9998085  0.99992096]
[0.984752   0.99991107 0.9999659  0.9999591  0.99965787 0.9998926
 0.9999113  0.9998851  0.99974257 0.9998629  0.9999169 ]
[0.9776168  0.99992144 0.9999254  0.99993277 0.99964154 0.9998727
 0.9999118  0.99985933 0.99967194 0.99985373 0.9999546 ]
[0.9825257  0.9999335  0.9999238  0.9999243  0.9996953  0.99988186
 0.99993014 0.99987006 0.9998109  0.9998783  0.99992085]
[0.9815948  0.99988914 0.9999616  0.9999373  0.9996543  0.99991596
 0.99987745 0.99992883 0.9998018  0.9998963  0.99994934]
[0.98048234 0.9999341  0.99996233 0.99991643 0.99957937 0.9998493
 0.999897   0.999933   0.99978906 0.9998791  0.9999521 ]
[0.9752068  0.9999429  0.9999286  0.99996114 0.9996057  0.99991035
 0.99991536 0.999931   0.9998385  0.9998857  0.99993205]
[0.9871221  0.99994063 0.9999633  0.99994826 0.99940133 0.99991477
 0.9999424  0.99990547 0.9996871  0.99989486 0.99995553]
[0.9863295  0.9999453  0.999943   0.99993694 0.99964225 0.99985874
 0.9998964  0.99990284 0.99979264 0.9998505  0.9999548 ]
[0.9808427  0.9999429  0.9999367  0.9999374  0.99948716 0.9998677
 0.9998857  0.99992585 0.99976546 0.99980444 0.9999373 ]
[0.9760671  0.999931   0.99996305 0.99992704 0.99946684 0.99986696
 0.9999207  0.9998517  0.99972004 0.99984753 0.99992645]
[0.98384315 0.9998878  0.9999341  0.9999498  0.9994842  0.9998872
 0.9998772  0.99992263 0.99976534 0.9998282  0.9999515 ]
[0.97930956 0.9999244  0.999967   0.9999522  0.9994036  0.9998227
 0.9999428  0.9999063  0.9997882  0.9998778  0.99993265]
[0.9750244  0.999918   0.9999262  0.9999192  0.999603   0.99991477
 0.99992204 0.99991286 0.9997266  0.99987435 0.9999474 ]
[0.9751897  0.99993813 0.9999466  0.99992347 0.9995433  0.9998678
 0.99990976 0.9998785  0.9997919  0.9998951  0.99994373]
[0.9782588  0.9998872  0.9999397  0.9999455  0.9993319  0.99981874
 0.99993527 0.999859   0.9996427  0.9998745  0.9999293 ]
[0.98235875 0.99991035 0.9999436  0.9999205  0.99958926 0.9998528
 0.9998975  0.9999349  0.9996408  0.9998248  0.9999521 ]
[0.9736397  0.99992454 0.9999318  0.99992204 0.9995616  0.9999193
 0.9999242  0.9999187  0.9997578  0.99988914 0.9999449 ]
[0.98357534 0.9998884  0.9999573  0.99995935 0.9996669  0.99983096
 0.9998876  0.9999001  0.99978584 0.99986947 0.99991095]
[0.9705373  0.9999459  0.9999362  0.9999447  0.99957865 0.99988115
 0.9999062  0.9999281  0.9997099  0.9998173  0.9999255 ]
[0.9698761  0.9998956  0.999951   0.9999324  0.99961627 0.9998901
 0.9998795  0.99991035 0.99966514 0.9998386  0.9999274 ]
[0.97012603 0.9999312  0.99994826 0.9999329  0.999634   0.99987304
 0.9999113  0.9998895  0.99981004 0.99990904 0.9999262 ]
[0.9744014  0.99992347 0.9999671  0.99995494 0.99961436 0.9998047
 0.999946   0.9998759  0.9997962  0.99986017 0.9999242 ]
[0.97270703 0.99989283 0.9999354  0.9999447  0.99949694 0.99987483
 0.9999343  0.9998745  0.9997899  0.9998273  0.9999548 ]
[0.971236   0.9999212  0.9999591  0.9999405  0.9996507  0.99985933
 0.9999094  0.999936   0.9998281  0.99990416 0.9999385 ]
[0.9698178  0.9999161  0.99996316 0.9999287  0.9996654  0.9998586
 0.9999088  0.9999144  0.999739   0.9998877  0.99993217]
[0.98681366 0.9998889  0.9999541  0.9999522  0.9994294  0.9998518
 0.9999416  0.99988437 0.99975127 0.99978346 0.99995315]
[0.9826021  0.9999174  0.99996483 0.9999391  0.9994336  0.9998661
 0.9999486  0.99988246 0.99981755 0.9998865  0.9999591 ]
[0.9745548  0.9999366  0.99995685 0.99995065 0.9994881  0.9998975
 0.9999194  0.9998627  0.9996768  0.99979526 0.99995923]
[0.9679711  0.99993634 0.9999298  0.9999609  0.9995865  0.99989164
 0.9998859  0.99993086 0.9997789  0.9998791  0.9999126 ]
[0.96708506 0.99994886 0.9999676  0.9999385  0.9993826  0.9998871
 0.99992096 0.99987113 0.999798   0.9999094  0.999928  ]
[0.9829776  0.9998965  0.9999355  0.99991775 0.999464   0.9998166
 0.99988365 0.99993145 0.9996418  0.9998622  0.9999403 ]
[0.9833989  0.99989235 0.99994516 0.9999584  0.9993135  0.99990416
 0.99993086 0.99991715 0.99969864 0.9998455  0.9999547 ]
[0.9746207  0.99994814 0.9999417  0.9999418  0.9996165  0.99984944
 0.9998847  0.9998802  0.99979955 0.99990773 0.99991274]
[0.9718959  0.9999081  0.99993014 0.99995685 0.99968266 0.9998211
 0.9999391  0.9998807  0.99982005 0.9999089  0.9999604 ]
[0.98273325 0.9999436  0.9999492  0.9999306  0.9993674  0.9998381
 0.9999429  0.9999143  0.99964297 0.99985635 0.9999591 ]
[0.98783    0.9999131  0.99993277 0.9999528  0.9993019  0.9999187
 0.99988186 0.99992514 0.99975127 0.999811   0.9999609 ]
[0.98757976 0.9999223  0.9999299  0.99993575 0.99956185 0.9998385
 0.9998816  0.9999044  0.9997937  0.9997874  0.99996054]
[0.9799209  0.9999434  0.99995816 0.99995685 0.99965596 0.9998293
 0.9999248  0.99988353 0.99982125 0.9998197  0.999908  ]
[0.97428143 0.99993694 0.99993813 0.99992406 0.9994825  0.99985874
 0.9999082  0.9999299  0.99979097 0.99984574 0.9999242 ]
[0.9750906  0.99992514 0.9999287  0.99993896 0.99967694 0.9998043
 0.9999106  0.99987245 0.9996778  0.99981314 0.9999608 ]
[0.97768563 0.9999232  0.9999509  0.99994075 0.9994374  0.9999186
 0.99993026 0.99987185 0.99974495 0.999897   0.99995756]
[0.98026043 0.99988866 0.999948   0.9999528  0.99958473 0.99989414
 0.9998927  0.9999275  0.99964345 0.99987555 0.9999579 ]
[0.98510367 0.99989843 0.999961   0.99994814 0.99961805 0.9998111
 0.999944   0.99988437 0.99971205 0.9998981  0.9999174 ]
[0.98122954 0.9999058  0.9999366  0.9999273  0.99942076 0.99983585
 0.99993837 0.99987876 0.99982625 0.99980444 0.99995697]
[0.9801159  0.9999051  0.999948   0.9999306  0.99965084 0.9998394
 0.99989176 0.9999213  0.9997948  0.9999126  0.99990916]
[0.986725   0.99989235 0.99994993 0.9999521  0.99964    0.9999064
 0.9998896  0.9998927  0.9997309  0.9998727  0.99992   ]
[0.9738349  0.9999176  0.9999443  0.9999304  0.9996159  0.9998971
 0.9999385  0.99992085 0.9996363  0.9998449  0.99990654]
[0.9876236  0.9999124  0.9999422  0.9999378  0.99949324 0.99981827
 0.99993765 0.999879   0.99964046 0.999858   0.9999573 ]
[0.9826581  0.9999474  0.99993324 0.99991095 0.9995963  0.9998584
 0.9998996  0.99985456 0.99974364 0.99988306 0.999949  ]
[0.97136444 0.9999119  0.9999527  0.99994004 0.99930847 0.9998771
 0.9999441  0.9998735  0.99970394 0.9999001  0.9999201 ]
[0.9867415  0.9999453  0.9999356  0.9999112  0.99935216 0.99980503
 0.99994373 0.99989724 0.9998288  0.9998721  0.99992144]
[0.9716331  0.99992764 0.99996245 0.9999441  0.9994368  0.99986637
 0.99991107 0.99990237 0.9998074  0.99990535 0.9999386 ]
[0.97845334 0.9998932  0.99994385 0.99994254 0.999373   0.99987745
 0.9999447  0.99990654 0.99971837 0.9998301  0.99991286]
[0.97535455 0.99990153 0.9999682  0.9999529  0.9996922  0.9998221
 0.99988675 0.99989545 0.9997899  0.99979657 0.9999132 ]
[0.9848363  0.9998926  0.99995494 0.9999541  0.9994023  0.9998715
 0.9999443  0.999931   0.99976534 0.9998989  0.99991786]
[0.97054607 0.999892   0.99996793 0.99995935 0.99937433 0.9998586
 0.9999378  0.9999062  0.99975747 0.9998853  0.9999596 ]
[0.9716481  0.9999062  0.9999678  0.99995303 0.9993205  0.9999149
 0.99989414 0.9998777  0.9998016  0.9999027  0.9999187 ]
[0.9874576  0.9999124  0.999964   0.9999485  0.99948126 0.99990773
 0.9999372  0.9999069  0.9997069  0.99990034 0.9999528 ]
[0.97015035 0.99989116 0.9999615  0.999933   0.9997017  0.99990535
 0.9999354  0.99989164 0.999665   0.9998863  0.9999088 ]
[0.9879411  0.9998933  0.9999354  0.9999515  0.9994697  0.9998654
 0.9999044  0.9998708  0.99968684 0.99988866 0.9999598 ]
[0.9788714  0.9999224  0.999954   0.99995804 0.9995685  0.9998826
 0.9999404  0.9999167  0.99980646 0.99982625 0.9999478 ]
[0.97110814 0.99994016 0.99996233 0.9999198  0.99956876 0.99982834
 0.9998778  0.9998921  0.99979573 0.99989665 0.99990773]
[0.98432714 0.9999076  0.9999683  0.99995995 0.9995474  0.9998305
 0.9999207  0.99989915 0.99975985 0.99988246 0.99990976]
[0.97955555 0.99993324 0.9999478  0.99995315 0.99940383 0.99982697
 0.9998785  0.99991465 0.99972385 0.9998172  0.99995637]
[0.982126   0.99993515 0.99994814 0.99992454 0.9993567  0.99987996
 0.9999466  0.9998714  0.9998091  0.9998661  0.9999362 ]
