All mprobs for dataset sim1_corr (0.6) (IAF layers = 2):

[0.01017799 0.00997787 0.9536559  0.0088078  0.00842982 0.99958485
 0.9996227  0.9995943  0.99938226 0.9994091  0.02232367 0.01001927
 0.02752404 0.04417647 0.04002286 0.999542   0.9997013  0.9994382
 0.9996277  0.9996569 ]
[0.00994533 0.01034462 0.8919924  0.01041061 0.01080232 0.99980885
 0.999673   0.99959105 0.99949765 0.9994985  0.01695802 0.01197833
 0.02567346 0.04796188 0.11595062 0.99973387 0.99962723 0.9991246
 0.9996076  0.999501  ]
[0.01194756 0.01065029 0.9419722  0.01021248 0.01134658 0.99979585
 0.9997545  0.9994987  0.99893147 0.9997031  0.01633817 0.01968111
 0.03548184 0.0406905  0.05080007 0.99956745 0.99946016 0.99943393
 0.9994622  0.9993438 ]
[0.00882863 0.00762641 0.9673926  0.01516346 0.01338744 0.99973756
 0.9996798  0.9997769  0.9991708  0.9996903  0.01683831 0.01969701
 0.01994267 0.02980283 0.05601266 0.999503   0.99963415 0.99947554
 0.99965644 0.99953115]
[0.00180586 0.00216351 0.00304184 0.00186554 0.00153848 0.9999994
 0.9999995  0.99999917 0.9999987  0.9999995  0.00141114 0.00216094
 0.00158277 0.00145354 0.00101527 0.9999993  0.9999989  0.9999982
 0.9999993  0.99999917]
[0.01226201 0.00620112 0.8676699  0.00990196 0.00645423 0.9998592
 0.99983    0.9998907  0.9997311  0.99989223 0.00842998 0.01841201
 0.01161967 0.00784628 0.00472918 0.9998721  0.9998425  0.9995995
 0.9998056  0.9998281 ]
[0.0039254  0.00275124 0.03862573 0.00458593 0.00443313 0.99997187
 0.9999784  0.99997175 0.99996996 0.99997926 0.00345413 0.00876538
 0.00346878 0.00364816 0.00223719 0.99996126 0.9999684  0.9999436
 0.99996054 0.99995947]
[0.00287675 0.00233674 0.01151601 0.00342603 0.00198544 0.99998474
 0.99998486 0.999982   0.99997926 0.9999914  0.00410731 0.00463381
 0.00334848 0.00360345 0.00191992 0.9999862  0.9999795  0.9999721
 0.9999778  0.9999864 ]
[0.00525138 0.00247124 0.01306463 0.00395811 0.00224169 0.999985
 0.99999225 0.9999883  0.9999815  0.99998987 0.00340098 0.00681853
 0.0023321  0.00263866 0.00192224 0.99999046 0.9999887  0.9999788
 0.99998546 0.99998844]
[0.00403568 0.00289029 0.01248567 0.00394865 0.00302769 0.99999094
 0.9999912  0.99999094 0.9999738  0.9999826  0.0044424  0.00673085
 0.00251063 0.00264965 0.00204757 0.9999864  0.9999844  0.99995816
 0.9999896  0.99998665]
[0.00379997 0.00196337 0.0106353  0.00264059 0.00211846 0.99999225
 0.9999913  0.99998116 0.9999665  0.99998534 0.00305    0.00579613
 0.00309323 0.00259287 0.00202267 0.9999815  0.9999809  0.9999747
 0.9999814  0.99998343]
[0.00293589 0.00216868 0.01046244 0.00252647 0.00232639 0.9999845
 0.9999912  0.99998784 0.99998355 0.9999887  0.00421828 0.00911906
 0.00276816 0.00287425 0.00199744 0.9999888  0.9999758  0.99996865
 0.9999832  0.99998426]
[0.0042586  0.00201906 0.0172961  0.00289036 0.00327143 0.99998784
 0.99998367 0.9999912  0.99998164 0.99998343 0.00277298 0.00777489
 0.00369339 0.00337316 0.00194448 0.9999794  0.99997866 0.999959
 0.9999807  0.99998844]
[0.00425233 0.00196765 0.01509832 0.00318459 0.00216952 0.9999912
 0.9999893  0.9999893  0.99998164 0.9999795  0.00282964 0.00411036
 0.00291345 0.00377746 0.00200931 0.99999034 0.9999895  0.9999709
 0.9999889  0.9999808 ]
[0.00284881 0.00215037 0.01735088 0.00255838 0.00234636 0.99999166
 0.9999927  0.9999864  0.999985   0.9999862  0.00354582 0.00676441
 0.00281556 0.00225199 0.00183796 0.9999906  0.9999763  0.9999765
 0.9999838  0.99998903]
[0.00363064 0.00214861 0.01899437 0.00245437 0.0024816  0.9999882
 0.9999862  0.9999852  0.99997175 0.9999851  0.00252277 0.00645889
 0.00263745 0.00266094 0.00213774 0.99998283 0.99998784 0.99997187
 0.99998784 0.999985  ]
[0.00312976 0.00223285 0.00949935 0.00347427 0.00199926 0.9999908
 0.9999862  0.9999852  0.9999814  0.99998844 0.00278583 0.00737237
 0.00234487 0.00275654 0.00207007 0.99998367 0.9999825  0.99997103
 0.9999763  0.9999833 ]
