All mprobs for dataset sim1_corr (0.5) (IAF layers = 10):

[0.00853088 0.00588185 0.35088113 0.00962472 0.00897613 0.99986887
 0.99991167 0.9998542  0.9998461  0.9998574  0.01479393 0.01971981
 0.01489349 0.01031807 0.00595286 0.99986064 0.99982494 0.99977857
 0.99977475 0.99985635]
[0.01557008 0.00849656 0.21046378 0.01330549 0.00811602 0.99987113
 0.99986815 0.9999031  0.9998204  0.99983835 0.02187566 0.02142226
 0.01469376 0.00780024 0.01279416 0.99989116 0.99988675 0.9997069
 0.9997607  0.9998259 ]
