All mprobs for dataset sim1_corr (0.6) (IAF layers = 10):

[0.01295658 0.00906829 0.94968504 0.00934937 0.01135801 0.9996081
 0.9996012  0.99958616 0.99925727 0.99956506 0.0169664  0.01376439
 0.02893838 0.04712587 0.02055577 0.9995467  0.99950945 0.99935955
 0.99927455 0.9996673 ]
[0.0120722  0.00897673 0.95412815 0.0094558  0.01198997 0.9997547
 0.999731   0.9996524  0.9993819  0.99967015 0.01075006 0.01845665
 0.02102561 0.03435679 0.05988796 0.99946946 0.9994411  0.99926895
 0.9996481  0.9996673 ]
[0.01005173 0.00863271 0.5621896  0.00946979 0.00504568 0.9999169
 0.9999056  0.99984646 0.9996407  0.9998821  0.02342616 0.01305726
 0.01154179 0.01154853 0.00579238 0.9998919  0.9998914  0.99967706
 0.9998553  0.9997987 ]
