"","y","x1","x2","x3","x5","x6","x7","x8","x10","x4a","x4b","x9a","x9b","y_50","y_25","y_10","y_5","y_1","y_0.1","y_0.01","y_0.001","y_1e-04","y_1e-05","y_1e-06","y_1e-07","y_1e-08","y_1e-09","y_1e-10"
"1",12.8132429122925,60,1,24,1.82964742183685,247,302,0,33.1300010681152,0,0,0,0,169.034771363229,138.459760061456,120.114753280392,113.999751020038,109.107749211754,108.00704880489,107.896978764204,107.885971760135,107.884871059728,107.884760989688,107.884749982684,107.884748881983,107.884748771913,107.884748760906,107.884748759806
"2",11.5424861907959,35,1,20,10.3354625701904,64,97,0,12.75,1,0,0,0,77.2684843937336,68.5918376058034,63.3858495330453,61.6505201754592,60.2622566893904,59.9498974050249,59.9186614765883,59.9155378837447,59.9152255244603,59.9151942885319,59.915191164939,59.9151908525797,59.9151908213438,59.9151908182202,59.9151908179079
"3",10.1512470245361,70,0,21,7.15587663650513,0,76,1,16.9200000762939,1,0,0,0,97.9572220386777,92.4266148235105,89.1082504944101,88.0021290513767,87.11723189695,86.9181300372039,86.8982198512293,86.8962288326319,86.8960297307721,86.8960098205862,86.8960078295676,86.8960076304657,86.8960076105555,86.8960076085645,86.8960076083654
"4",11.4452953338623,64,0,17,7.74534177780151,21,2,1,15.1199998855591,1,0,0,0,42.498309704623,67.9108167434439,83.1583209667365,88.2408223745006,92.306823500712,93.2216737541095,93.3131587794493,93.3223072819833,93.3232221322367,93.323313617262,93.3233227657645,93.3233236806148,93.3233237720998,93.3233237812483,93.3233237821632
"5",13.0115203857422,71,0,20,1.85130143165588,226,92,0,31.75,1,0,1,0,154.66083617856,136.895576003984,126.236419899239,122.683367864324,119.840926236392,119.201376870107,119.137421933478,119.131026439816,119.130386890449,119.130322935513,119.130316540019,119.13031590047,119.130315836515,119.130315830119,119.13031582948
"6",12.5052814483643,50,1,17,2.47198414802551,35,108,1,9.07999992370605,1,0,0,0,22.3511220756533,47.7458806155245,62.9827357394473,68.0616874474215,72.1248488138009,73.0390601212362,73.1304812519798,73.1396233650541,73.1405375763616,73.1406289974923,73.1406381396054,73.1406390538167,73.1406391452378,73.1406391543799,73.1406391552942
"7",11.4833726882935,49,1,13,7.27789258956909,15,66,1,23.75,1,1,0,0,183.389836813711,134.537014753315,105.225321517077,95.4547571049981,87.6383055753348,85.8796039811606,85.7037338217431,85.6861468058014,85.6843881042072,85.6842122340478,85.6841946470319,85.6841928883303,85.6841927124601,85.6841926948731,85.6841926931144
"8",11.9081974029541,44,1,20,6.30651426315308,89,115,0,34.9900016784668,1,0,0,0,5.587331020776,48.9256291254363,74.9286079882325,83.5962676091646,90.5303953059102,92.090574037678,92.2465919108547,92.2621936981724,92.2637538769042,92.2639098947774,92.2639254965647,92.2639270567434,92.2639272127613,92.2639272283631,92.2639272299233
"9",12.5580854415894,55,1,26,6.54437255859375,171,133,1,22.6399993896484,1,0,1,0,82.2349910250655,87.7603686725425,91.0755952610287,92.1806707905241,93.0647312141204,93.2636448094296,93.2835361689605,93.2855253049136,93.2857242185089,93.2857441098684,93.2857460990044,93.285746297918,93.2857463178093,93.2857463197984,93.2857463199974
"10",12.5396919250488,56,1,14,2.05752015113831,16,201,0,30.6299991607666,1,0,0,0,131.10740508655,115.275953735162,105.77708292433,102.610792654052,100.07776043783,99.5078281891804,99.4508349643154,99.4451356418289,99.4445657095802,99.4445087163554,99.4445030170329,99.4445024471006,99.4445023901074,99.4445023844081,99.4445023838382
"11",12.6776914596558,55,1,22,5.48989105224609,384,178,1,12.9499998092651,1,0,1,0,170.359528709103,127.415367992066,101.648871561845,93.0600394184373,86.1889737037115,84.6429839178981,84.4883849393168,84.4729250414587,84.4713790516729,84.4712244526943,84.4712089927964,84.4712074468067,84.4712072922077,84.4712072767478,84.4712072752018
"12",14.16321849823,54,1,29,1.50268340110779,211,47,1,12.0699996948242,1,1,0,0,125.644822488403,103.995804209123,91.0063932415549,86.6765895856989,83.2127466610141,82.43338200296,82.3554455371546,82.347651890574,82.346872525916,82.3467945894502,82.3467867958036,82.3467860164389,82.3467859385025,82.3467859307088,82.3467859299295
"13",11.9734182357788,50,1,16,10.1782531738281,47,27,1,14.8000001907349,1,1,0,0,139.694068294962,109.278340225342,91.0289033835695,84.9457577696455,80.0792412785062,78.9842750679999,78.8747784469493,78.8638287848442,78.8627338186337,78.8626243220126,78.8626133723505,78.8626122773843,78.8626121678877,78.862612156938,78.8626121558431
"14",15.0721635818481,53,0,29,0.910443544387817,971,199,1,30.2700004577637,1,1,1,0,67.0901124187188,84.2639450051957,94.5682445570818,98.0030110743772,100.750824288214,101.369082261327,101.430908058638,101.437090638369,101.437708896342,101.43777072214,101.437776904719,101.437777522977,101.437777584803,101.437777590986,101.437777591604
"15",12.8227710723877,55,1,15,2.3679027557373,183,104,0,11.8400001525879,0,0,0,0,129.782850226152,105.364131451072,90.7129001860242,85.8291564310082,81.9221614269954,81.0430875510925,80.9551801635022,80.9463894247432,80.9455103508673,80.9454224434797,80.945413652741,80.9454127736671,80.9454126857597,80.945412676969,80.9454126760899
"16",9.22076225280762,75,0,17,60.4163932800293,79,4,0,8.72999954223633,1,0,1,0,122.24090805436,110.523426325332,103.492937287915,101.149440942109,99.2746438654648,98.8528145232198,98.8106315889953,98.8064132955728,98.8059914662306,98.8059492832964,98.8059450650029,98.8059446431736,98.8059446009907,98.8059445967724,98.8059445963505
"17",13.2410001754761,67,0,15,3.84418129920959,130,128,0,5.25,1,0,1,0,72.913863461544,80.2671492027958,84.6791206475469,86.1497777957973,87.3263035143976,87.5910218010826,87.6174936297512,87.620140812618,87.6204055309047,87.6204320027334,87.6204346499162,87.6204349146345,87.6204349411063,87.6204349437535,87.6204349440182
"18",12.0288028717041,68,0,16,2.33389616012573,68,36,0,11.1999998092651,1,0,0,0,182.539246828104,138.338289815282,111.81771560759,102.977524205025,95.9053710829741,94.3141366305125,94.1550131852663,94.1391008407417,94.1375096062893,94.137350482844,94.1373345704995,94.137332979265,94.1373328201416,94.1373328042292,94.137332802638
"19",13.1580934524536,46,1,14,1.65015041828156,33,43,0,24.9400005340576,1,0,0,0,12.4146013218148,48.1560104770978,69.6008559702676,76.7491378013242,82.4677632661695,83.7544539957597,83.8831230687187,83.8959899760146,83.8972766667442,83.8974053358171,83.8974182027244,83.8974194894152,83.8974196180842,83.8974196309511,83.8974196322378
"20",11.3999423980713,58,0,34,4.02181386947632,30,0,1,30.7700004577637,1,0,0,0,184.591877982941,143.751878844933,119.247879362129,111.079879534528,104.545479672447,103.075239703478,102.928215706581,102.913513306892,102.912043066923,102.911896042926,102.911881340526,102.911879870286,102.911879723262,102.91187970856,102.91187970709
"21",11.4882802963257,53,1,13,1.11071228981018,0,36,1,10.8000001907349,1,0,0,0,39.6876003936705,51.6219198190715,58.7825114743121,61.1693753593923,63.0788664674564,63.5085019667708,63.5514655167023,63.5557618716954,63.5561915071947,63.5562344707447,63.5562387670997,63.5562391967352,63.5562392396987,63.5562392439951,63.5562392444247
"22",11.6475219726562,51,1,25,2.86664462089539,81,36,0,14.4200000762939,1,0,0,0,46.3335748824475,62.7910335584496,72.6655087640509,75.9570004992513,78.5901938874116,79.1826623997477,79.2419092509813,79.2478339361047,79.248426404617,79.2484856514682,79.2484915761534,79.2484921686219,79.2484922278687,79.2484922337934,79.2484922343859
"23",11.8085918426514,55,1,81,0.705931067466736,15,12,0,32.6800003051758,1,1,0,0,71.1143300651796,86.0172562276113,94.9590119250703,97.9395971575566,100.324065343546,100.860570685393,100.914221219578,100.919586272996,100.920122778338,100.920176428872,100.920181793926,100.920182330431,100.920182384082,100.920182389447,100.920182389983
"24",12.8925876617432,69,1,19,3.9296932220459,436,246,1,42.2900009155273,1,0,0,1,77.8431378089696,103.388396922142,118.715552390045,123.824604212679,127.911845670787,128.831474998861,128.923437931668,128.932634224949,128.933553854277,128.93364581721,128.933655013503,128.933655933133,128.933656025096,128.933656034292,128.933656035211
"25",11.3892383575439,61,1,30,7.07302761077881,9,4,0,4.88000011444092,1,1,0,0,146.556537432667,112.244470239233,91.657229923173,84.7948164844862,79.3048857335368,78.0696513145732,77.9461278726769,77.9337755284872,77.9325402940682,77.9324167706263,77.9324044182822,77.9324031830477,77.9324030595243,77.932403047172,77.9324030459367
"26",12.9405088424683,48,1,19,7.53317165374756,478,179,1,12.4200000762939,1,1,0,0,59.8068040243098,68.2311405436514,73.2857424552563,74.9706097591247,76.3185036022193,76.6217797169156,76.6521073283852,76.6551400895322,76.6554433656469,76.6554736932584,76.6554767260195,76.6554770292956,76.6554770596232,76.655477062656,76.6554770629593
"27",11.3538904190063,59,1,19,2.52727580070496,35,16,1,20.0100002288818,1,1,1,0,122.076383696799,107.861738161911,99.3329508409774,96.4900217339997,94.2156784484175,93.7039512091615,93.6527784852359,93.6476612128433,93.6471494856041,93.6470983128801,93.6470931956078,93.6470926838805,93.6470926327078,93.6470926275905,93.6470926270788
"28",11.9037389755249,54,1,23,3.78046727180481,68,76,0,19.0300006866455,1,0,0,0,93.0776653587675,89.9512353644512,88.0753773678615,87.4500913689982,86.9498625699076,86.8373110901123,86.8260559421327,86.8249304273347,86.824817875855,86.824806620707,86.8248054951922,86.8248053826407,86.8248053713856,86.82480537026,86.8248053701475
"29",13.2399606704712,66,0,20,1.66129755973816,9,0,0,29.9699993133545,1,1,0,0,84.2406500480006,96.5636611793589,103.957467858174,106.422070084445,108.393751865463,108.837380266192,108.881743106265,108.886179390272,108.886623018673,108.886667381513,108.886671817797,108.886672261425,108.886672305788,108.886672310224,108.886672310668
"30",12.4466114044189,40,1,25,2.1053261756897,66,6,0,11.6499996185303,1,0,0,0,51.4070600384028,57.9950146317654,61.947787387783,63.2653783064555,64.3194510413935,64.5566174067545,64.5803340432906,64.5827057069443,64.5829428733096,64.5829665899461,64.5829689616098,64.5829691987762,64.5829692224928,64.5829692248645,64.5829692251016
"31",12.9597034454346,60,1,27,0.881364107131958,8,37,0,21.7199993133545,1,0,0,0,128.058161008652,111.332448273835,101.297020632945,97.9518780859812,95.2757640484105,94.6736383899571,94.6134258241118,94.6074045675273,94.6068024418688,94.606742229303,94.6067362080464,94.6067356059207,94.6067355457081,94.6067355396869,94.6067355390848
"32",13.8797340393066,52,1,23,2.38779425621033,369,1727,0,18.5400009155273,1,0,0,0,60.6637925699769,73.3533991274701,80.9671630619659,83.5050843734646,85.5354214226635,85.9922472587332,86.0379298423402,86.0424981007009,86.042954926537,86.0430006091206,86.0430051773789,86.0430056342048,86.0430056798874,86.0430056844556,86.0430056849124
"33",12.7455320358276,59,1,9,4.90688228607178,56,147,1,21.8899993896484,1,0,1,0,33.9318702695144,64.9489521041173,83.559201204879,89.7626175717996,94.7253506653361,95.8419656113818,95.9536271059863,95.9647932554468,95.9659098703928,95.9660215318874,95.9660326980369,95.9660338146519,95.9660339263134,95.9660339374795,95.9660339385961
"34",12.9712896347046,64,1,15,0.457557708024979,9,192,0,11.7600002288818,1,0,0,0,83.8360674192634,87.0180885847003,88.9273012839624,89.5637055170497,90.0728289035196,90.1873816654754,90.1988369416709,90.1999824692905,90.2000970220525,90.2001084773287,90.2001096228563,90.200109737409,90.2001097488643,90.2001097500098,90.2001097501244
"35",12.3262481689453,47,1,19,1.36459839344025,56,68,0,14.2600002288818,1,1,0,0,6.04615520744523,40.4624449253698,61.1122187561246,67.9954766997095,73.5020830545775,74.7410694844228,74.8649681274073,74.8773579917058,74.8785969781356,74.8787208767786,74.8787332666429,74.8787345056293,74.878734629528,74.8787346419178,74.8787346431568
"36",12.1614923477173,33,1,11,14.8855743408203,135,264,1,14.3599996566772,1,0,0,0,89.0840852491759,75.1428030727323,66.7780337668661,63.9897773315774,61.7591721833464,61.2572860249945,61.2070974091593,61.2020785475758,61.2015766614174,61.2015264728016,61.20152145394,61.2015209520538,61.2015209018652,61.2015208968463,61.2015208963445
"37",15.1521692276001,60,0,13,0.498830705881119,55,25,0,20.1200008392334,1,0,1,0,128.462021275982,112.214354830232,102.465754962782,99.2162216736317,96.6165950423116,96.0316790502646,95.9731874510599,95.9673382911394,95.9667533751474,95.9666948835482,95.9666890343883,95.9666884494723,95.9666883909807,95.9666883851315,95.9666883845466
"38",11.1535425186157,64,0,13,15.1459074020386,201,25,0,11.6700000762939,1,0,1,0,67.0052836891011,79.0666763140672,86.3035118890469,88.7157904140402,90.6456132340348,91.0798233685336,91.1232443819834,91.1275864833284,91.1280206934629,91.1280641144764,91.1280684565777,91.1280688907878,91.1280689342089,91.128068938551,91.1280689389852
"39",10.9828968048096,49,1,54,0.867859899997711,41,104,0,7.63000011444092,1,0,0,0,20.0653277110084,45.1700309928369,60.2328529619339,65.2537936182996,69.2705461433922,70.174315461538,70.2646923933526,70.273730086534,70.2746338558522,70.274724232784,70.2747332704772,70.2747341742465,70.2747342646234,70.2747342736611,70.2747342745649
"40",13.1431274414062,42,1,18,1.15575480461121,37,402,0,7.19000005722046,1,0,0,0,54.035385362111,58.0996211523182,60.5381626264426,61.351009784484,62.0012875109172,62.1475999993646,62.1622312482094,62.1636943730939,62.1638406855823,62.1638553168311,62.163856779956,62.1638569262685,62.1638569408998,62.1638569423629,62.1638569425092
"41",11.5487833023071,52,1,12,3.41839861869812,121,94,0,9.06999969482422,1,1,0,1,25.757269060499,50.6163510634784,65.531800265266,70.5036166658619,74.4810697863386,75.3759967384459,75.4654894336566,75.4744387031777,75.4753336301298,75.475423122825,75.4754320720945,75.4754329670215,75.4754330565142,75.4754330654634,75.4754330663584
"42",12.0510063171387,36,1,12,2.92707419395447,183,35,1,11.4099998474121,1,0,1,0,46.3311498659774,54.1991396910042,58.9199335860204,60.4935315510258,61.7524099230301,62.035657556731,62.0639823201011,62.0668147964381,62.0670980440718,62.0671263688352,62.0671292013115,62.0671294845592,62.0671295128839,62.0671295157164,62.0671295159997
"43",12.1156587600708,47,1,12,0.854287981987,0,0,0,25.3700008392334,1,0,0,0,-7.42965038765713,31.7798188932181,55.3055004617432,63.1473943179182,69.4209094028582,70.8324502969697,70.9736043863809,70.987719795322,70.9891313362161,70.9892724903055,70.9892866057145,70.9892880172554,70.9892881584095,70.9892881725249,70.9892881739364
"44",11.9405059814453,47,1,14,42.3680114746094,128,27,1,3.72000002861023,1,1,1,0,62.0235818338681,63.7737245330869,64.8238101526181,65.1738386924618,65.4538615243368,65.5168666615087,65.5231671752259,65.5237972265976,65.5238602317348,65.5238665322485,65.5238671622999,65.523867225305,65.5238672316055,65.5238672322356,65.5238672322986
"45",11.7388515472412,64,0,29,8.82729244232178,152,51,1,22.75,1,0,0,0,192.262448007311,147.530300255395,120.691011604245,111.744582053861,104.587438413555,102.977081094486,102.816045362579,102.799941789388,102.798331432069,102.798170396337,102.798154292764,102.798152682407,102.798152521371,102.798152505267,102.798152503657
"46",13.0747175216675,45,1,35,2.88811612129211,143,85,0,19.1100006103516,1,0,0,0,-6.88145639963665,35.5579165766221,61.0215403623773,69.5094149576291,76.2997146338305,77.8275320609758,77.9803138036903,77.9955919779618,77.9971197953889,77.9972725771316,77.9972878553059,77.9972893831233,77.9972895359051,77.9972895511833,77.9972895527111
"47",12.0192985534668,40,1,26,11.8373699188232,210,0,1,10.6400003433228,1,0,0,0,76.4537738284824,70.8924986828253,67.5557335954311,66.4434785662997,65.5536745429946,65.3534686377509,65.3334480472266,65.3314459881741,65.3312457822689,65.3312257616784,65.3312237596193,65.3312235594134,65.3312235393928,65.3312235373908,65.3312235371906
"48",12.9121122360229,56,1,34,6.0666069984436,650,50,0,28.2600002288818,0,0,1,0,54.2155628356919,76.7384758805065,90.2522237073953,94.7568063163582,98.3604724035285,99.1712972731419,99.2523797601032,99.2604880087993,99.2612988336689,99.2613799161559,99.2613880244046,99.2613888352295,99.2613889163119,99.2613889244202,99.261388925231
"49",13.5496044158936,57,1,18,2.16240096092224,386,28,1,13.9799995422363,0,0,0,0,134.575662877465,110.770375496235,96.4872030674971,91.7261455912512,87.9172996102544,87.0603092645302,86.9746102299577,86.9660403265005,86.9651833361548,86.9650976371202,86.9650890672168,86.9650882102264,86.9650881245274,86.9650881159575,86.9650881151005
"50",10.5022840499878,69,1,20,3.97695755958557,46,88,0,12.7700004577637,1,0,0,0,20.0378410203024,58.0940141040368,80.9277179542775,88.5389525710244,94.6279402644219,95.9979624954363,96.1349647185378,96.1486649408479,96.1500349630789,96.150171965302,96.1501856655243,96.1501870355466,96.1501871725488,96.150187186249,96.150187187619
"51",13.0219984054565,60,1,13,1.81611979007721,219,55,1,17.0900001525879,0,0,1,0,120.137848002936,106.501123797952,98.319089274961,95.5917444339641,93.4098685611667,92.9189464897872,92.8698542826493,92.8649450619355,92.8644541398641,92.864405047657,92.8644001384363,92.8643996475142,92.864399598422,92.8643995935128,92.8643995930218
"52",13.6178731918335,47,1,28,1.07161593437195,30,183,1,4.17000007629395,1,0,0,0,152.923079784838,109.100901982211,82.8075953006343,74.0431597401088,67.0316112916884,65.4540128907938,65.2962530507043,65.2804770666954,65.2788994682945,65.2787417084544,65.2787259324704,65.278724354872,65.2787241971121,65.2787241813361,65.2787241797586
"53",12.0555753707886,55,1,37,0.743768572807312,33,547,0,17.7299995422363,1,0,0,0,175.612707829633,131.228965369375,104.59871989322,95.7219714011681,88.6205726075268,87.0227578789575,86.8629764061006,86.8469982588149,86.8454004440863,86.8452406626135,86.8452246844662,86.8452230866515,86.84522292687,86.8452229108918,86.845222909294
"54",10.3646898269653,64,0,21,4.56960821151733,29,11,0,25.9699993133545,1,0,0,0,69.2852670385611,86.4119934308728,96.6880292662598,100.113374544722,102.853650767492,103.470212917615,103.531869132628,103.538034754129,103.538651316279,103.538712972494,103.538719138115,103.538719754678,103.538719816334,103.538719822499,103.538719823116
"55",13.1296882629395,65,0,10,2.14017176628113,251,427,0,22.4799995422363,1,0,1,0,80.268463342637,91.9738965824845,98.997156526393,101.338243174362,103.211112492738,103.632508089373,103.674647649036,103.678861605002,103.679283000599,103.679325140159,103.679329354115,103.67932977551,103.67932981765,103.679329821864,103.679329822285
"56",11.0771980285645,49,1,11,25.9986133575439,665,146,0,12.789999961853,1,0,0,0,71.0158603847165,74.2343077362124,76.16537614711,76.8090656174092,77.3240171936486,77.4398812983024,77.4514677087678,77.4526263498143,77.452742213919,77.4527538003295,77.4527549589705,77.4527550748346,77.452755086421,77.4527550875797,77.4527550876955
"57",13.5362033843994,70,0,16,1.2506548166275,79,200,0,16.2900009155273,1,0,0,0,139.63653075333,120.752651148235,109.422323385178,105.64554746416,102.624126727344,101.944307061561,101.876325094983,101.869526898325,101.868847078659,101.868779096692,101.868772298496,101.868771618676,101.868771550694,101.868771543896,101.868771543216
"58",11.6517400741577,53,1,11,2.58833026885986,36,73,0,26.3199996948242,1,0,0,0,78.2242377533725,85.4593594940334,89.8004325384299,91.2474568865621,92.4050763650678,92.6655407477316,92.691587185998,92.6941918298246,92.6944522942073,92.6944783406455,92.6944809452894,92.6944812057537,92.6944812318002,92.6944812344048,92.6944812346653
"59",12.8416872024536,38,1,25,0.916246891021729,10,161,0,5.92999982833862,1,1,0,0,121.152119760569,88.2921462740432,68.5761621821277,62.0041674848225,56.7465717269784,55.5636126814635,55.445316776912,55.4334871864568,55.4323042274113,55.4321859315068,55.4321741019163,55.4321729189573,55.4321728006614,55.4321727888318,55.4321727876488
"60",12.4258794784546,51,1,18,5.99374532699585,416,68,0,14.210000038147,0,0,0,0,71.259389255369,75.4126566551881,77.9046170950795,78.7352705750433,79.3997933590143,79.5493109854078,79.5642627480472,79.5657579243111,79.5659074419375,79.5659223937001,79.5659238888764,79.565924038394,79.5659240533458,79.565924054841,79.5659240549905
"61",13.9633636474609,40,1,13,1.71506416797638,49,33,1,8.22999954223633,0,0,0,0,42.8432847869269,51.9807324963927,57.4632011220722,59.2906906639654,60.7526822974799,61.0816304150207,61.1145252267747,61.1178147079502,61.1181436560677,61.1181765508794,61.1181798403606,61.1181801693087,61.1181802022035,61.118180205493,61.118180205822
"62",11.6429958343506,58,1,36,2.73778963088989,301,42,0,17.6000003814697,0,0,0,0,83.2773234780417,86.7146922539542,88.7771135195017,89.4645872746842,90.0145662788302,90.138311554763,90.1506860823563,90.1519235351157,90.1520472803916,90.1520596549192,90.1520608923719,90.1520610161172,90.1520610284917,90.1520610297292,90.1520610298529
"63",12.7814254760742,49,1,22,2.06194686889648,62,30,0,21.9699993133545,1,0,0,0,56.2492882212599,70.401806036147,78.8933167250792,81.7238202880567,83.9882231384386,84.4977137797745,84.5486628439081,84.5537577503215,84.5542672409628,84.5543181900269,84.5543232849334,84.554323794424,84.5543238453731,84.554323850468,84.5543238509775
"64",11.4655923843384,35,1,33,2.78888463973999,432,180,0,18.1000003814697,0,0,0,0,36.6083299959275,51.467071522577,60.3823164385667,63.3540647438966,65.7314633881605,66.2663780831199,66.3198695526158,66.3252186995654,66.3257536142604,66.3258071057299,66.3258124548768,66.3258129897915,66.325813043283,66.3258130486321,66.3258130491671
"65",10.6093063354492,61,0,9,8.32114791870117,517,51,0,13.2399997711182,1,0,1,0,149.721944010065,120.153076938851,102.411756696122,96.4979832818789,91.7669645504846,90.7024853359209,90.5960374144645,90.5853926223189,90.5843281431043,90.5842216951828,90.5842110503907,90.5842099859115,90.5842098794636,90.5842098688188,90.5842098677543
"66",11.9256029129028,70,0,27,2.73368692398071,6,0,0,18.8799991607666,1,0,0,0,117.377788647299,109.354344457111,104.540277942998,102.93558910496,101.65183803453,101.362994043683,101.334109644599,101.33122120469,101.330932360699,101.3309034763,101.33090058786,101.330900299016,101.330900270132,101.330900267244,101.330900266955
"67",11.6318092346191,49,1,13,1.4883394241333,1,23,0,10.3299999237061,1,1,0,0,55.9131657786858,62.5019002685019,66.4551409623916,67.7728878603549,68.8270853787254,69.0642798203588,69.0879992645222,69.0903712089385,69.0906084033801,69.0906321228243,69.0906344947687,69.0906347319631,69.0906347556826,69.0906347580545,69.0906347582917
"68",11.8096084594727,46,1,12,1.5240353345871,0,63,0,5.36999988555908,1,1,0,0,4.83069973587531,27.1161295274283,40.48738740236,44.9444733606706,48.5101421273191,49.312417599815,49.3926451470646,49.4006679017895,49.401470177262,49.4015504048093,49.401558427564,49.4015592298395,49.401559310067,49.4015593180898,49.401559318892
"69",13.1337785720825,50,1,20,4.36403322219849,224,257,0,8.88000011444092,1,0,1,0,39.1195501856233,56.352441501923,66.6921762917027,70.1387545549626,72.8960171655706,73.5164012529574,73.5784396616961,73.5846435025699,73.5852638866573,73.585325925066,73.5853321289069,73.585332749291,73.5853328113294,73.5853328175333,73.5853328181536
"70",12.0412006378174,53,1,12,1.88370251655579,2,15,1,15.7700004577637,1,0,1,0,123.885311001223,102.132723250923,89.0811706007429,84.7306530506828,81.2502390106348,80.467145851624,80.3888365357229,80.3810056041328,80.3802225109738,80.3801442016579,80.3801363707263,80.3801355876331,80.3801355093238,80.3801355014929,80.3801355007098
"71",11.1570634841919,58,1,21,0.787128806114197,0,6,0,24.3199996948242,1,1,1,0,163.521567179701,122.598713090099,98.0450006363375,89.8604298184172,83.3127731640809,81.8395504168552,81.6922281421326,81.6774959146604,81.6760226919131,81.6758753696384,81.6758606374109,81.6758591641882,81.6758590168659,81.6758590021337,81.6758590006605
"72",12.6681137084961,47,1,16,0.592940270900726,103,457,0,4.15999984741211,1,0,0,0,90.7608157540672,78.5704145640669,71.2561738500667,68.8180936120666,66.8676294216666,66.4287749788266,66.3848895345426,66.3805009901142,66.3800621356713,66.3800182502271,66.3800138616826,66.3800134228282,66.3800133789427,66.3800133745542,66.3800133741153
"73",11.174485206604,48,1,13,5.20032930374146,62,0,0,12.289999961853,1,0,0,0,105.371864222165,89.4991183571741,79.9754708381797,76.8009216651815,74.261282326783,73.6898634756433,73.6327215905293,73.627007402018,73.6264359831668,73.6263788412817,73.6263731270932,73.6263725556743,73.6263724985324,73.6263724928183,73.6263724922468
"74",11.3560771942139,76,0,9,7.91547966003418,18,17,1,41.8400001525879,1,1,1,0,16.9578265335186,74.8490366682276,109.583762749053,121.162004775995,130.424598397548,132.508681962398,132.717090318883,132.737931154531,132.740015238096,132.740223646452,132.740244487288,132.740246571372,132.74024677978,132.740246800621,132.740246802705
"75",13.0494184494019,65,1,12,1.16274011135101,72,76,0,13.3299999237061,1,1,0,1,79.5483638585015,86.5916620724244,90.8176410007781,92.2263006435626,93.3532283577903,93.6067870934915,93.6321429670616,93.6346785544187,93.6349321131543,93.6349574690279,93.6349600046153,93.634960258174,93.6349602835299,93.6349602860655,93.634960286319
"76",10.9753818511963,44,1,18,8.56694984436035,14,9,1,0.610000014305115,1,1,0,0,79.6462408569358,68.3311230328562,61.5420523384085,59.2790287735926,57.4686099217399,57.061265680073,57.0205312559063,57.0164578134896,57.016050469248,57.0160097348238,57.0160056613814,57.0160052540372,57.0160052133027,57.0160052092293,57.0160052088219
"77",13.5108795166016,65,1,12,0.598321139812469,33,82,1,23.5699996948242,1,0,0,1,165.94416826312,135.425127613906,117.113703224379,111.009895094536,106.126848590662,105.02816312729,104.918294580953,104.907307726319,104.906209040856,104.90609917231,104.906088185455,104.906087086769,104.906086976901,104.906086965914,104.906086964815
"78",10.9620513916016,39,1,33,18.5697689056396,594,407,0,3.1800000667572,0,0,0,0,130.083139108616,92.9158048391881,70.6154042775315,63.181937423646,57.2351639405376,55.8971399068382,55.7633375034682,55.7499572631313,55.7486192390976,55.7484854366942,55.7484720564538,55.7484707184298,55.7484705846274,55.7484705712472,55.7484705699091
"79",10.1051788330078,66,0,24,6.31310081481934,50,18,1,11.3500003814697,1,0,0,0,138.341730197314,115.419517446425,101.666189795892,97.081747245714,93.4141932055717,92.5889935465398,92.5064735806366,92.4982215840462,92.4973963843872,92.4973138644213,92.4973056124247,92.497304787225,92.4973047047051,92.4973046964531,92.4973046956279
"80",12.8617296218872,41,1,11,2.38690185546875,462,197,0,13.1300001144409,1,0,1,0,133.480958314622,101.346551757166,82.0659078226915,75.6390265112002,70.4975214620071,69.3406828259387,69.2249989623318,69.2134305759711,69.2122737373351,69.2121580534715,69.2121464850851,69.2121453282465,69.2121452125626,69.2121452009942,69.2121451998374
"81",11.8431606292725,45,1,21,8.18554019927979,174,279,0,28.4799995422363,1,0,0,0,42.9221546075763,65.1870838646245,78.5460414188534,82.9990272702631,86.5614159513908,87.3629534046445,87.4431071499699,87.4511225245025,87.4519240619557,87.452004215701,87.4520122310756,87.452013032613,87.4520131127668,87.4520131207821,87.4520131215837
"82",12.3379926681519,67,0,28,1.15405035018921,158,32,1,12.6999998092651,1,0,0,1,59.083204093052,77.9081839056264,89.203171793171,92.9681677556859,95.9801645256978,96.6578637989505,96.7256337262758,96.7324107190083,96.7330884182816,96.7331561882089,96.7331629652016,96.7331636429009,96.7331637106708,96.7331637174478,96.7331637181255
"83",10.4800987243652,59,1,17,13.1342992782593,0,63,1,14.2299995422363,1,0,0,0,41.0646363051624,56.7843419595038,66.2161653521087,69.360106482977,71.8752593876716,72.4411687912279,72.4977597315835,72.5034188256191,72.5039847350226,72.504041325963,72.504046985057,72.5040475509664,72.5040476075574,72.5040476132165,72.5040476137824
"84",11.3265838623047,44,1,34,2.00562620162964,36,0,0,17.9799995422363,1,0,0,0,46.1234951108139,60.3475617375769,68.8820017136348,71.7268150389874,74.0026656992695,74.5147320978329,74.5659387376893,74.5710594016749,74.5715714680735,74.5716226747134,74.5716277953773,74.5716283074437,74.5716283586504,74.571628363771,74.5716283642831
"85",12.2717170715332,56,1,11,14.1475372314453,67,75,1,9.97000026702881,1,0,0,0,138.649431105462,109.75131349706,92.4124429320189,86.6328194103385,82.0091205929942,80.9687883590917,80.8647551357015,80.8543518133624,80.8533114811285,80.8532074479051,80.8531970445828,80.8531960042506,80.8531959002174,80.853195889814,80.8531958887737
"86",12.1003847122192,66,0,35,2.11126232147217,390,236,0,15.2600002288818,1,0,0,0,60.9280133241604,79.3109208384087,90.3406653469578,94.0172468498075,96.9585120520872,97.6202967226001,97.6864751896514,97.6930930363566,97.6937548210271,97.6938209994941,97.6938276173408,97.6938282791255,97.693828345304,97.6938283519218,97.6938283525836
"87",11.9056634902954,43,1,14,11.9007873535156,308,310,0,20.9300003051758,1,0,0,0,91.8136780682534,85.0939121418562,81.062052586018,79.7180994007385,78.642936852515,78.4010252791647,78.3768341218296,78.3744150060961,78.3741730945228,78.3741489033655,78.3741464842497,78.3741462423382,78.374146218147,78.3741462157279,78.374146215486
"88",13.73193359375,38,1,22,0.959897220134735,117,120,0,11.5500001907349,1,0,0,0,-77.3208711499953,-6.91515084777305,35.3282813335603,49.4094253940047,60.6743406423603,63.2089465732403,63.4624071663283,63.4877532256371,63.4902878315679,63.490541292161,63.4905666382203,63.4905691728263,63.4905694262869,63.4905694516329,63.4905694541675
"89",12.3939838409424,63,0,15,1.723996758461,168,56,0,9.53999996185303,1,0,1,0,97.4314000907495,92.8350385412605,90.0772216115672,89.1579493016694,88.4225314537511,88.2570624379695,88.2405155363914,88.2388608462335,88.2386953772178,88.2386788303162,88.238677175626,88.238677010157,88.2386769936101,88.2386769919554,88.23867699179
"90",12.5325784683228,53,1,13,2.51343154907227,37,0,0,20.7800006866455,1,1,1,0,153.458079403164,120.307854294727,100.417719229664,93.7876742079766,88.4836381906266,87.2902300867229,87.1708892763325,87.1589551952935,87.1577617871896,87.1576424463792,87.1576305122981,87.15762931889,87.1576291995492,87.1576291876151,87.1576291864217
"91",12.3630247116089,65,0,26,3.23890686035156,107,31,1,25.8099994659424,1,0,0,0,78.316581190248,92.5527472465278,101.094446880296,103.941680091552,106.219466660556,106.731968638582,106.783218836385,106.788343856165,106.788856358143,106.788907608341,106.788912733361,106.788913245863,106.788913297113,106.788913302238,106.788913302751
"92",11.5448532104492,45,1,12,8.14405536651611,7,63,1,9.52000045776367,1,0,0,0,96.0400563995668,81.2214838143641,72.3303402632425,69.366625746202,66.9956541325696,66.4621855195023,66.4088386581956,66.4035039720649,66.4029705034518,66.4029171565905,66.4029118219044,66.4029112884358,66.4029112350889,66.4029112297542,66.4029112292207
"93",11.9085216522217,60,0,8,1.44834673404694,27,31,0,7,1,1,0,1,116.836330146571,98.8786595584227,88.1040572055334,84.5125230879036,81.6392957937998,80.9928196526265,80.9281720385091,80.9217072770974,80.9210608009562,80.9209961533421,80.9209896885807,80.9209890421046,80.9209889774569,80.9209889709922,80.9209889703457
"94",13.1131839752197,51,1,7,4.55980110168457,130,64,1,9.76000022888184,1,1,0,1,16.3750566775037,46.2883885072655,64.2363876051226,70.2190539710749,75.0051870638368,76.0820670097083,76.1897550042954,76.2005238037541,76.2016006837,76.2017083716946,76.201719140494,76.201720217374,76.201720325062,76.2017203358308,76.2017203369076
"95",11.8716220855713,57,0,13,4.76426219940186,79,246,1,13.3699998855591,1,0,0,0,85.0591010611051,85.3235092791285,85.4821542099426,85.5350358535473,85.5773411684311,85.5868598642799,85.5878117338648,85.5879069208233,85.5879164395192,85.5879173913887,85.5879174865757,85.5879174960944,85.5879174970463,85.5879174971415,85.587917497151
"96",10.9043531417847,45,1,11,4.57361841201782,131,15,0,0.839999973773956,1,0,0,1,53.3409235342657,56.5537370755536,58.4814252003264,59.123987908584,59.63803807519,59.7536993626764,59.765265491425,59.7664221042999,59.7665377655874,59.7665493317161,59.766550488329,59.7665506039903,59.7665506155564,59.766550616713,59.7665506168287
"97",11.2748136520386,59,1,12,13.1503801345825,356,170,0,11.9700002670288,1,0,1,0,42.5357801006998,64.6219533071873,77.8736572310798,82.2908918723773,85.8246795854153,86.6197818208488,86.6992920443922,86.7072430667465,86.708038168982,86.7081176792055,86.7081256302279,86.7081264253301,86.7081265048403,86.7081265127913,86.7081265135864
"98",11.4083585739136,39,1,18,3.45635175704956,166,99,0,21.9400005340576,1,0,0,0,98.4718379376289,86.5375579898831,79.3769900212355,76.9901340316864,75.080649240047,74.6510151619282,74.6080517541163,74.6037554133351,74.603325779257,74.6032828158492,74.6032785195084,74.6032780898743,74.6032780469109,74.6032780426145,74.6032780421849
"99",12.9143924713135,54,1,20,0.574576497077942,4,27,0,16.25,1,0,0,0,111.376373249127,97.0474974055467,88.4501718993983,85.5843967306822,83.2917765957093,82.7759370653404,82.7243531123035,82.7191947169998,82.7186788774694,82.7186272935164,82.7186221351211,82.7186216192815,82.7186215676976,82.7186215625392,82.7186215620234
"100",10.8197584152222,61,0,22,5.61151695251465,0,0,0,14.9300003051758,1,1,0,0,79.2251620322447,76.8014524419468,75.3472266877681,74.8624847697085,74.4746912352608,74.3874376900101,74.378712335485,74.3778398000325,74.3777525464872,74.3777438211327,74.3777429485973,74.3777428613437,74.3777428526184,74.3777428517458,74.3777428516586
"101",12.4651689529419,49,1,28,4.18829870223999,90,92,1,7.73000001907349,1,1,0,0,25.0244769819887,48.2058784877801,62.1147193912549,66.7509996924132,70.4600239333398,71.2945543875483,71.3780074329692,71.3863527375113,71.3871872679655,71.3872707210109,71.3872790663154,71.3872799008459,71.3872799842989,71.3872799926442,71.3872799934788
"102",13.5585203170776,48,1,30,0.78911280632019,312,83,1,10.5,0,0,1,0,39.7135332926117,57.0277576505463,67.416292265307,70.8791371368939,73.6494130341634,74.2727251110491,74.3350563187377,74.3412894395065,74.3419127515834,74.3419750827911,74.3419813159119,74.3419819392239,74.3419820015551,74.3419820077883,74.3419820084116
"103",11.1078729629517,65,1,18,2.98725914955139,99,434,0,16.8500003814697,1,0,0,0,125.811597749805,111.335349822427,102.649601066,99.7543514805245,97.438151812144,96.9170068867584,96.8648923942198,96.859680944966,96.8591598000406,96.8591076855481,96.8591024740988,96.8591019529539,96.8591019008394,96.8591018956279,96.8591018951068
"104",10.7556123733521,67,0,18,6.65396738052368,347,13,0,21.9200000762939,1,0,1,0,60.9379761168248,83.0299548656805,96.2851421149939,100.703537864765,104.238254464582,105.033565699541,105.113096823037,105.121049935386,105.121845246621,105.121924777745,105.121932730857,105.121933526168,105.121933605699,105.121933613652,105.121933614448
"105",13.5796852111816,47,0,18,3.8918993473053,893,90,1,7.09999990463257,1,0,1,0,28.502066790749,49.7631106012823,62.5197368876023,66.771945649709,70.1737126593943,70.9391102365735,71.0156499942915,71.0233039700632,71.0240693676404,71.0241459073981,71.0241535613739,71.0241543267715,71.0241544033112,71.0241544109652,71.0241544117306
"106",11.0144329071045,66,0,23,7.14231967926025,306,29,0,33.560001373291,0,0,0,0,41.5875200288756,78.0487329762064,99.9254607446048,107.217703334071,113.051497405644,114.364101071748,114.495361438358,114.508487475019,114.509800078685,114.509931339052,114.509944465089,114.509945777692,114.509945908953,114.509945922079,114.509945923391
"107",12.4007873535156,49,1,26,2.30356884002686,10,0,1,15.8100004196167,1,0,0,0,117.316979488513,97.3993775983866,85.448816464311,81.4652960862858,78.2784797838656,77.5614461158211,77.4897427490167,77.4825724123362,77.4818553786682,77.4817836753014,77.4817765049647,77.481775787931,77.4817757162277,77.4817757090573,77.4817757083403
"108",13.8748092651367,46,1,31,0.999631941318512,25,82,0,43.4599990844727,1,0,0,0,117.151793045259,109.754862401202,105.316704014767,103.837317885956,102.653808982907,102.387519479721,102.360890529402,102.35822763437,102.357961344867,102.357934715917,102.357932053022,102.357931786732,102.357931760103,102.35793175744,102.357931757174
"109",11.3709373474121,46,1,26,1.18837857246399,64,7,0,12.1400003433228,1,0,0,0,101.398346088238,86.6280586766618,77.7658862297161,74.8118287474008,72.4485827615486,71.9168524147319,71.8636793800502,71.8583620765821,71.8578303462352,71.8577771732006,71.8577718558971,71.8577713241667,71.8577712709937,71.8577712656764,71.8577712651447
"110",10.9958229064941,47,1,25,4.42907762527466,0,24,0,13.5299997329712,1,0,0,0,53.0197153184435,55.5310000634731,57.0377709104909,57.5400278594968,57.9418334187015,58.0322396695226,58.0412802946047,58.0421843571129,58.0422747633637,58.0422838039888,58.0422847080513,58.0422847984576,58.0422848074982,58.0422848084023,58.0422848084927
"111",12.1367464065552,45,1,44,0.849548041820526,3,0,0,22.9200000762939,1,0,0,0,36.1388698501017,57.4320082582249,70.2078913030989,74.4665189847235,77.8734211300232,78.6399741127157,78.7166294109849,78.7242949408118,78.7250614937945,78.7251381490928,78.7251458146226,78.7251465811756,78.7251466578309,78.7251466654964,78.725146666263
"112",11.7055387496948,62,0,12,12.7141618728638,30,0,1,9.52999973297119,1,0,0,0,81.0017206986692,83.4957923814262,84.9922353910803,85.4910497276317,85.8901011968728,85.979887777452,85.98886643551,85.9897643013158,85.9898540878963,85.9898630665544,85.9898639644202,85.9898640542068,85.9898640631855,85.9898640640833,85.9898640641731
"113",12.3437185287476,56,0,18,2.95882439613342,34,84,1,4.36999988555908,1,0,0,0,155.877260524834,115.305938444962,90.9631451970389,82.8488807810645,76.357469248285,74.8969016534096,74.750844893922,74.7362392179733,74.7347786503784,74.7346325936189,74.734617987943,74.7346165273754,74.7346163813186,74.7346163667129,74.7346163652524
"114",12.607346534729,54,1,31,1.48400247097015,41,154,0,18.2399997711182,1,0,0,0,46.790803562063,66.3315309388788,78.0559673649682,81.9641128403314,85.0906292206219,85.7940954061873,85.8644420247438,85.8714766865995,85.872180152785,85.8722504994036,85.8722575340654,85.8722582375316,85.8722583078782,85.8722583149129,85.8722583156164
"115",12.9613876342773,48,1,37,4.0534200668335,277,7,1,9.02999973297119,0,0,0,0,114.231827967707,92.9593920054895,80.1959304281592,75.9414432357158,72.5378534817611,71.7720457871212,71.6954650176573,71.6878069407109,71.6870411330162,71.6869645522468,71.6869568941698,71.6869561283621,71.6869560517814,71.6869560441233,71.6869560433575
"116",12.4621114730835,60,1,43,1.36991441249847,172,0,0,20.1100006103516,1,1,0,0,86.5080532385309,91.0337795827708,93.7492153893147,94.6543606581626,95.378476873241,95.5414030216337,95.5576956364729,95.5593248979569,95.5594878241052,95.5595041167201,95.5595057459816,95.5595059089077,95.5595059252003,95.5595059268296,95.5595059269925
"117",11.8479423522949,67,1,14,30.7127952575684,372,422,1,17.2700004577637,0,0,1,0,45.6761666090559,73.0777764322458,89.5187423261597,94.9990642907977,99.3833218625081,100.369779816143,100.468425611506,100.478290191043,100.479276648996,100.479375294792,100.479385159371,100.479386145829,100.479386244475,100.47938625434,100.479386255326
"118",12.7021913528442,46,1,31,3.12466311454773,132,32,1,23.5799999237061,1,0,0,0,14.7991731311444,49.6303533953183,70.5290615538227,77.4952976066575,83.0682864489253,84.3222089384356,84.4476011873866,84.4601404122817,84.4613943347712,84.4615197270202,84.4615322662451,84.4615335201676,84.4615336455598,84.4615336580991,84.461533659353
"119",11.7999515533447,58,1,19,2.13742661476135,139,56,1,26.4599990844727,1,0,1,0,102.787244837048,101.635129032805,100.943859550259,100.71343638941,100.529097860731,100.487621691778,100.483474074883,100.483059313193,100.483017837024,100.483013689407,100.483013274646,100.48301323317,100.483013229022,100.483013228607,100.483013228566
"120",13.2942571640015,55,1,13,2.91863203048706,340,55,1,17.7800006866455,0,0,0,1,54.9918104244045,71.7241599502358,81.7635696657345,85.1100395709008,87.7872154950338,88.3895800779637,88.4498165362567,88.455840182086,88.4564425466689,88.4565027831272,88.4565088067731,88.4565094091376,88.4565094693741,88.4565094753978,88.4565094760001
"121",12.3431968688965,41,1,48,0.730868577957153,34,96,1,8.06999969482422,1,0,0,0,-19.1695722111894,22.0006134517796,46.702724849561,54.9367619821548,61.5239916882298,63.0061183720967,63.1543310404834,63.169152307322,63.1706344340059,63.1707826466743,63.1707974679411,63.1707989500678,63.1707990982805,63.1707991131018,63.1707991145839
"122",10.8582458496094,81,0,23,2.738844871521,65,75,0,18.5900001525879,1,0,0,0,144.008416383074,129.550115334043,120.875134704625,117.983474494819,115.670146326974,115.149647489209,115.097597605433,115.092392617055,115.091872118217,115.091820068333,115.091814863345,115.091814342846,115.091814290796,115.091814285591,115.091814285071
"123",13.890251159668,44,1,31,0.508214831352234,25,35,0,9.44999980926514,1,0,0,0,45.9129528973414,56.5395399528456,62.9154921861481,65.0408095972489,66.7410635261296,67.1236206601277,67.1618763735275,67.1657019448675,67.1660845020015,67.1661227577149,67.1661265832863,67.1661269658434,67.1661270040991,67.1661270079247,67.1661270083072
"124",11.570948600769,37,1,28,9.03677749633789,27,230,1,26.8799991607666,1,1,0,0,130.197619328403,103.2427937449,87.0698983947978,81.6789332780972,77.3661611847366,76.3957874637305,76.2987500916299,76.2890463544198,76.2880759806988,76.2879789433267,76.2879692395895,76.2879682692158,76.2879681721784,76.2879681624747,76.2879681615043
"125",11.9894828796387,48,1,13,20.1922378540039,293,22,0,9.03999996185303,1,0,0,0,11.5003744710538,41.6435069357108,59.7293864145049,65.7580129074363,70.5809141017814,71.6660668705091,71.7745821473818,71.7854336750691,71.7865188278379,71.7866273431147,71.7866381946424,71.7866392797952,71.7866393883105,71.786639399162,71.7866394002471
"126",11.400297164917,50,1,10,57.8459739685059,1200,85,0,16.8099994659424,0,0,1,0,76.3731151056254,79.2529580597706,80.9808638322577,81.5568324230867,82.0176072957499,82.1212816420991,82.131649076734,82.1326858201976,82.1327894945439,82.1327998619785,82.132800898722,82.1328010023963,82.1328010127638,82.1328010138005,82.1328010139042
"127",11.7648315429688,65,0,20,1.91022229194641,8,40,0,22.1499996185303,1,1,0,0,92.6998693531512,96.2542697305079,98.386909956922,99.0977900323933,99.6664940927704,99.7944525063552,99.8072483477137,99.8085279318496,99.8086558902631,99.8086686861045,99.8086699656886,99.808670093647,99.8086701064429,99.8086701077225,99.8086701078504
"128",12.837739944458,45,1,27,0.812880575656891,0,57,0,5.82000017166138,1,0,0,0,9.47721829336518,29.3247048301129,41.2331967521615,45.2026940595111,48.3782919053907,49.0928014207136,49.1642523722459,49.1713974673991,49.1721119769145,49.172183427866,49.1721905729612,49.1721912874707,49.1721913589216,49.1721913660667,49.1721913667812
"129",13.7049007415771,62,1,16,10.967137336731,423,333,1,41.5299987792969,1,0,1,0,177.674623242389,149.130165594653,132.003491006011,126.294599476464,121.727486252826,120.699885777508,120.597125729976,120.586849725223,120.585822124747,120.5857193647,120.585709088695,120.585708061095,120.585707958335,120.585707948059,120.585707947031
"130",12.6536922454834,68,0,13,3.79814147949219,67,85,0,33.9099998474121,1,1,1,0,135.820803420695,126.266866376186,120.534504149481,118.623716740579,117.095086813457,116.751145079855,116.716750906495,116.713311489159,116.712967547425,116.712933153252,116.712929713835,116.712929369893,116.712929335499,116.712929332059,116.712929331715
"131",12.0039710998535,54,0,26,0.901556730270386,0,14,1,28.7900009155273,1,0,0,0,43.5041855606915,63.0869962542135,74.8366826703267,78.753244809031,81.8864945199945,82.5914757049613,82.661973823458,82.6690236353077,82.6697286164926,82.6697991146112,82.669806164423,82.6698068694042,82.6698069399023,82.6698069469521,82.6698069476571
"132",11.7380933761597,42,1,23,53.3524627685547,328,680,1,35.5900001525879,1,0,0,0,90.865260858222,91.8550347248916,92.4488990448933,92.6468538182272,92.8052176368944,92.8408494960945,92.8444126820145,92.8447690006065,92.8448046324657,92.8448081956516,92.8448085519702,92.8448085876021,92.8448085911652,92.8448085915216,92.8448085915572
"133",12.3146381378174,62,1,12,4.90840005874634,53,30,0,22.8700008392334,1,0,1,0,85.4344763676373,92.2292577476645,96.3061265756808,97.6650828516862,98.7522478724906,98.9968600021716,99.0213212151397,99.0237673364365,99.0240119485661,99.0240364097791,99.0240388559004,99.0240391005125,99.0240391249738,99.0240391274199,99.0240391276645
"134",12.3705759048462,58,0,8,10.4834890365601,113,97,0,23.7700004577637,1,0,0,0,151.440364540713,123.918830713584,107.405910417307,101.901603651881,97.4981582395406,96.507383021764,96.4083054999863,96.3983977478085,96.3974069725908,96.397307895069,96.3972979873168,96.3972969965416,96.3972968974641,96.3972968875563,96.3972968865655
"135",11.9471960067749,52,1,12,12.8862285614014,186,37,0,21.7999992370605,1,0,1,0,133.201473854378,110.810965472465,97.3766604433177,92.8985587669352,89.3160774258292,88.5100191240803,88.4294132939055,88.421352710888,88.4205466525862,88.420466046756,88.420457986173,88.4204571801147,88.4204570995089,88.4204570914483,88.4204570906422
"136",14.0243577957153,47,1,27,1.14880669116974,77,34,1,20.6100006103516,0,0,0,0,9.50701175727274,45.5568341240329,67.1867275440889,74.396692017441,80.1646635961226,81.4624572013259,81.5922365618463,81.6052144978983,81.6065122915035,81.606642070864,81.6066550488001,81.6066563465937,81.606656476373,81.606656489351,81.6066564906488
"137",11.0807790756226,55,1,23,19.9939842224121,129,7,1,9.39999961853027,1,0,0,0,39.0093123951514,59.3488243661414,71.5525315487354,75.6204339429334,78.8747558582918,79.6069782892475,79.6802005323431,79.6875227566526,79.6882549790836,79.6883282013267,79.688335523551,79.6883362557734,79.6883363289956,79.6883363363179,79.6883363370501
"138",11.2728061676025,61,1,30,7.08407783508301,460,220,0,19.8500003814697,1,0,0,0,141.679163286606,119.257673442675,105.804779536315,101.320481567529,97.7330431925,96.9258695581185,96.8451521946804,96.8370804583365,96.8362732847022,96.8361925673387,96.8361844956024,96.8361836884287,96.8361836077114,96.8361835996396,96.8361835988325
"139",13.070987701416,49,1,19,3.5097336769104,96,79,1,24.0599994659424,1,1,1,0,130.110332624833,109.012259219057,96.3534151755917,92.1338004944365,88.7581087495124,87.9985781069045,87.9226250426437,87.9150297362176,87.914270205575,87.9141942525108,87.9141866572043,87.9141858976737,87.9141858217206,87.9141858141253,87.9141858133658
"140",11.7481498718262,59,1,28,1.64654421806335,464,200,0,17.5599994659424,1,0,1,0,147.217919335656,120.062494157932,103.769239051297,98.3381540157523,93.9932859873164,93.0156906809183,92.9179311502785,92.9081551972145,92.9071776019081,92.9070798423775,92.9070700664244,92.9070690888291,92.9070689910696,92.9070689812936,92.907068980316
"141",12.3508491516113,48,1,20,7.20882797241211,71,35,0,31.8899993896484,1,1,0,0,108.517479863611,100.865277311112,96.2739557796123,94.7435152691125,93.5191628607127,93.2436835688227,93.2161356396337,93.2133808467148,93.213105367423,93.2130778194938,93.2130750647008,93.2130747892216,93.2130747616736,93.2130747589188,93.2130747586434
"142",11.7901010513306,48,1,10,8.44379425048828,186,283,0,8.30000019073486,0,0,0,0,129.013533885089,99.3651418432231,81.5761066181038,75.6464282097307,70.9026854830322,69.835343369525,69.7286091581743,69.7179357370393,69.7168683949257,69.7167616607144,69.7167509872933,69.7167499199511,69.7167498132169,69.7167498025435,69.7167498014762
"143",13.6444892883301,57,1,23,2.69769978523254,102,54,1,20.7800006866455,1,0,0,0,50.0598919963717,71.6738477719135,84.6422212372386,88.9650123923469,92.4232453164336,93.2013477243531,93.2791579651451,93.2869389892243,93.2877170916322,93.287794901873,93.2878026828971,93.2878034609995,93.2878035388097,93.2878035465907,93.2878035473688
"144",13.2143726348877,51,1,28,0.930860042572021,101,244,0,23.1100006103516,1,0,0,0,84.5893455844452,86.7244346847571,88.0054881449442,88.4325059650065,88.7741202210564,88.8509834286677,88.8586697494288,88.8594383815049,88.8595152447125,88.8595229310333,88.8595236996653,88.8595237765285,88.8595237842149,88.8595237849835,88.8595237850604
"145",12.2124471664429,53,1,21,0.840657949447632,42,0,0,12.1999998092651,1,1,1,0,73.6304647175079,76.5101811543163,78.2380110164013,78.813954303763,79.2747089336523,79.3783787253774,79.3887457045499,79.3897824024672,79.3898860722589,79.3898964392381,79.389897475936,79.3898975796058,79.3898975899728,79.3898975910095,79.3898975911131
"146",12.3623123168945,57,1,13,2.79484272003174,46,0,1,26.9099998474121,1,0,0,1,177.142527379807,137.938771716432,114.416518318406,106.575767185731,100.303166279591,98.8918310757097,98.7506975553215,98.7365842032827,98.7351728680788,98.7350317345584,98.7350176212064,98.7350162098712,98.7350160687377,98.7350160546243,98.735016053213
"147",12.8487138748169,45,1,14,18.6932582855225,42,337,1,24.3099994659424,1,0,0,0,68.0279960786762,75.4549720484945,79.9111576303854,81.3965528243491,82.58486897952,82.8522401144335,82.8789772279248,82.8816509392739,82.8819183104088,82.8819450475223,82.8819477212337,82.8819479886048,82.8819480153419,82.8819480180156,82.881948018283
"148",11.9729843139648,65,0,15,11.1904773712158,90,268,0,15.8500003814697,1,0,0,0,143.752455448132,119.655649945202,105.197566643445,100.378205542859,96.5227166623901,95.6552316642846,95.5684831644741,95.559808314493,95.5589408294949,95.5588540809951,95.5588454061451,95.5588445386601,95.5588444519116,95.5588444432368,95.5588444423693
"149",12.813648223877,40,1,22,1.71314358711243,48,94,0,11.0600004196167,1,0,0,0,77.8126038438507,70.8121467498125,66.6118724933897,65.2117810745821,64.091707939536,63.8396914841506,63.8144898386121,63.8119696740582,63.8117176576028,63.8116924559573,63.8116899357927,63.8116896837763,63.8116896585746,63.8116896560545,63.8116896558024
"150",11.9237251281738,49,1,13,24.4024391174316,286,8,0,27.5900001525879,1,0,1,0,56.0315137100255,73.70361240155,84.3068716164646,87.8412913547695,90.6688271454134,91.3050226983083,91.3686422535978,91.3750042091267,91.3756404046796,91.3757040242349,91.3757103861904,91.375711022386,91.3757110860056,91.3757110923675,91.3757110930037
"151",12.5272731781006,59,1,13,234.339965820312,299,479,1,18.9400005340576,1,0,1,0,82.9000922679743,88.6573444995794,92.1116958385424,93.2631462848634,94.1843066419202,94.391567722258,94.4122938302918,94.4143664410952,94.4145737021755,94.4145944282836,94.4145965008944,94.4145967081554,94.4145967288815,94.4145967309542,94.4145967311614
"152",11.199179649353,73,0,20,5.59521913528442,22,116,0,12.6400003433228,1,0,0,0,112.544381862275,105.995812960635,102.066671619652,100.756957839324,99.7091868150612,99.4734383346022,99.4498634865563,99.4475060017517,99.4472702532712,99.4472466784232,99.4472443209384,99.4472440851899,99.4472440616151,99.4472440592576,99.4472440590218
"153",11.9165325164795,43,1,24,7.30870389938354,78,13,0,10.0699996948242,1,0,0,0,75.0656514199288,70.5697319542631,67.8721802748637,66.9729963817305,66.253649267224,66.09179616646,66.0756108563836,66.073992325376,66.0738304722752,66.0738142869652,66.0738126684342,66.0738125065811,66.0738124903958,66.0738124887772,66.0738124886154
"154",12.1066246032715,51,1,16,6.13220882415771,35,97,0,20.4500007629395,1,1,0,0,182.62089251331,133.486945452525,104.006577216055,94.1797878038981,86.3183562741727,84.5495341799845,84.3726519705656,84.3549637496237,84.3531949275296,84.3530180453201,84.3530003570992,84.3529985882771,84.3529984113949,84.3529983937067,84.3529983919379
"155",12.1240501403809,60,1,25,5.36308574676514,62,0,0,8.6899995803833,1,0,0,0,52.7621650036155,67.727750508118,76.7071018108195,79.70021891172,82.0947125924404,82.6334736706025,82.6873497784187,82.6927373892003,82.6932761502785,82.6933300263863,82.6933354139971,82.6933359527582,82.6933360066343,82.6933360120219,82.6933360125607
"156",12.0332593917847,44,1,17,4.27142953872681,44,139,0,14.3900003433228,1,1,0,0,-9.99833626582584,30.5364540239859,54.857328197873,62.9642862558353,69.4498527022052,70.9091051526384,71.0550303976817,71.0696229221861,71.0710821746365,71.0712280998815,71.071242692406,71.0712441516585,71.0712442975837,71.0712443121763,71.0712443136355
"157",10.4867086410522,58,1,21,16.2607955932617,4,36,0,10.460000038147,1,0,0,0,95.4058330684204,87.4559941726835,82.6860908352413,81.0961230560939,79.8241488327759,79.5379546325294,79.5093352125048,79.5064732705023,79.5061870763021,79.506158456882,79.50615559494,79.5061553087458,79.5061552801264,79.5061552772645,79.5061552769783
"158",11.718132019043,37,1,18,3.0114049911499,85,10,1,11.1700000762939,1,0,0,0,98.3779577534006,80.2112058290815,69.31115467449,65.6778042896261,62.7711239817351,62.1171209124596,62.051720605532,62.0451805748393,62.04452657177,62.0444611714631,62.0444546314324,62.0444539774293,62.044453912029,62.044453905489,62.044453904835
"159",11.793285369873,47,1,15,4.11288404464722,38,120,0,17.6900005340576,1,0,0,0,7.04143937660675,42.2626168794872,63.3953233812155,70.4395588817916,76.0749472822525,77.3429096723562,77.4697059113665,77.4823855352676,77.4836534976577,77.4837802938967,77.4837929735206,77.483794241483,77.4837943682792,77.4837943809589,77.4837943822268
"160",12.3420362472534,55,1,18,3.60812211036682,143,2,1,25.4400005340576,1,0,1,0,78.5855263962742,87.3493458997586,92.6076376018492,94.3604015025461,95.7626126231036,96.0781101252291,96.1096598754416,96.1128148504629,96.113130347965,96.1131618977152,96.1131650526902,96.1131653681877,96.1131653997375,96.1131654028925,96.113165403208
"161",11.2127723693848,41,1,16,2.82232713699341,181,249,0,29.7900009155273,1,0,0,0,45.278259109022,65.0336727265562,76.8869208970767,80.8380036205835,83.998869799389,84.7100646896202,84.7811841786434,84.7882961275457,84.7890073224359,84.7890784419249,84.7890855538738,84.7890862650687,84.7890863361882,84.7890863433001,84.7890863440113
"162",11.801643371582,68,0,32,2.25341176986694,78,35,0,15.8800001144409,1,0,0,0,90.523615401708,94.6698719305539,97.1576258478614,97.9868771536305,98.6502781982459,98.7995434332843,98.8144699567882,98.8159626091386,98.8161118743736,98.8161268008971,98.8161282935494,98.8161284428147,98.8161284577412,98.8161284592339,98.8161284593831
"163",13.4104671478271,54,1,30,2.44107794761658,274,36,1,35.7900009155273,1,0,0,0,138.168391106992,122.1165942195,112.485516087004,109.275156709506,106.706869207507,106.129004519557,106.071218050762,106.065439403883,106.064861539195,106.064803752726,106.064797974079,106.064797396214,106.064797338428,106.064797332649,106.064797332071
"164",10.8696060180664,73,0,15,4.51461505889893,18,0,1,16.2000007629395,1,0,0,1,76.1483258877018,90.0308099646953,98.3603004108914,101.13679722629,103.357994678609,103.857764105381,103.907741048058,103.912738742326,103.913238511752,103.913288488695,103.913293486389,103.913293986159,103.913294036136,103.913294041133,103.913294041633
"165",11.6631479263306,68,1,14,3.23736810684204,224,173,0,20.5400009155273,1,0,1,0,135.767130378863,120.173230006051,110.816889782364,107.698109707801,105.203085648151,104.64170523473,104.585567193388,104.579953389254,104.57939200884,104.579335870799,104.579330256995,104.579329695614,104.579329639476,104.579329633862,104.579329633301
"166",10.7752838134766,71,0,20,2.54981589317322,0,0,0,11.7600002288818,1,1,1,0,89.5775893782621,85.8182354677363,83.5626231214208,82.8107523393156,82.2092557136315,82.0739189728525,82.0603852987746,82.0590319313669,82.0588965946261,82.058883060952,82.0588817075846,82.0588815722479,82.0588815587142,82.0588815573608,82.0588815572255
"167",11.4505767822266,57,0,24,7.32089138031006,102,39,0,16.0499992370605,1,0,0,0,10.6307009285022,48.9724724751304,71.9775354031074,79.645889712433,85.7805731598935,87.1608769355722,87.29890731314,87.3127103508968,87.3140906546725,87.3142286850501,87.3142424880878,87.3142438683916,87.314244006422,87.314244020225,87.3142440216053
"168",13.0038404464722,61,1,23,13.5689611434937,141,119,0,21.8099994659424,0,0,0,0,65.8758037442401,81.2404105496275,90.4591746328599,93.5320959939374,95.9904330827994,96.5435589277933,96.5988715122927,96.6044027707427,96.6049558965877,96.6050112091722,96.6050167404306,96.6050172935565,96.6050173488691,96.6050173544003,96.6050173549534
"169",12.1213293075562,53,1,5,8.54847526550293,115,39,0,20.0100002288818,1,0,0,1,76.5828514954831,82.0009250714826,85.2517692170823,86.3353839322822,87.2022757044421,87.3973263531781,87.4168314180517,87.418781924539,87.4189769751878,87.4189964802526,87.4189984307591,87.4189986258098,87.4189986453148,87.4189986472653,87.4189986474604
"170",11.3573913574219,54,1,20,1.63162779808044,10,0,1,4.36999988555908,1,1,1,0,94.4773813801442,83.0523955867817,76.1974041107642,73.9124069520917,72.0844092251537,71.6731097365927,71.6319797877366,71.627866792851,71.6274554933624,71.6274143634135,71.6274102504187,71.6274098391192,71.6274097979892,71.6274097938762,71.6274097934649
"171",13.7609004974365,62,0,18,3.84609007835388,92,218,0,14.1599998474121,1,0,0,0,31.7223170358393,61.2775435030548,79.0106793833841,84.9217246768272,89.6505609115817,90.7145490644014,90.8209478796834,90.8315877612116,90.8326517493644,90.8327581481797,90.8327687880612,90.8327698520494,90.8327699584482,90.8327699690881,90.8327699701521
"172",11.4330921173096,52,1,29,4.90464210510254,34,126,0,8.47999954223633,1,1,0,0,207.7526319409,140.542485002951,100.216396840182,86.774367452592,76.0207439425202,73.601178652754,73.3592221237774,73.3350264708797,73.33260690559,73.332364949061,73.3323407534081,73.3323383338428,73.3323380918863,73.3323380676906,73.332338065271
"173",12.3407125473022,57,1,13,4.3488302230835,89,73,0,11.0699996948242,1,0,1,0,94.4595038151856,88.4433301707341,84.8336259840633,83.630391255173,82.6678034720607,82.4512212208605,82.4295629957405,82.4273971732285,82.4271805909772,82.4271589327521,82.4271567669296,82.4271565503474,82.4271565286891,82.4271565265233,82.4271565263067
"174",12.1750507354736,59,0,15,4.16033887863159,286,43,0,10.8299999237061,1,0,1,0,55.5779197530189,70.5214183382874,79.4875174894485,82.4762172065022,84.8671769801452,85.4051429292148,85.4589395241218,85.4643191836125,85.4648571495616,85.4649109461565,85.464916325816,85.4649168637819,85.4649169175785,85.4649169229582,85.4649169234961
"175",8.27739810943604,63,1,17,62.2054710388184,427,131,0,19.5900001525879,1,1,1,0,119.335376471629,108.982590820678,102.770919430108,100.700362299917,99.0439165957652,98.671216312331,98.6339462839876,98.6302192811532,98.6298465808698,98.6298093108415,98.6298055838386,98.6298052111383,98.6298051738683,98.6298051701413,98.6298051697686
"176",11.0515613555908,54,1,17,6.91284036636353,54,22,0,15.9200000762939,1,1,0,0,123.175065470311,103.303434239819,91.3804555015236,87.4061292554251,84.2266682585463,83.5112895342486,83.4397516618188,83.4325978745758,83.4318824958515,83.4318109579791,83.4318038041919,83.4318030888131,83.4318030172753,83.4318030101215,83.4318030094061
"177",12.2131242752075,50,1,21,6.55001401901245,421,257,0,16.9200000762939,1,0,0,0,2.49662428039582,42.3327919880596,66.2344926126578,74.2017261541905,80.5755129874167,82.0096150248926,82.1530252286402,82.167366249015,82.1688003510525,82.1689437612562,82.1689581022766,82.1689595363786,82.1689596797888,82.1689596941298,82.1689596955639
"178",9.65942859649658,53,1,23,5.83282661437988,100,39,0,22.4200000762939,1,1,0,0,37.3228456441313,63.380939904547,79.0157964607963,84.2274153128795,88.396710394546,89.3348017879209,89.4286109272584,89.4379918411922,89.4389299325856,89.4390237417249,89.4390331226388,89.4390340607302,89.4390341545394,89.4390341639203,89.4390341648584
"179",11.2659673690796,54,1,20,1.3754175901413,0,23,1,4.73000001907349,1,1,0,0,-7.66324604057992,25.3114089216395,45.0962018989711,51.691132891415,56.9670776853701,58.15416526401,58.272874021874,58.2847448976604,58.285931985239,58.2860506939969,58.2860625648727,58.2860637519602,58.286063870669,58.2860638825399,58.286063883727
"180",11.4274921417236,58,0,52,2.2924222946167,107,24,0,17.4400005340576,0,0,0,0,140.196808128278,114.574121589115,99.2005096656178,94.0759723577853,89.9763425115193,89.0539257961094,88.9616841245684,88.9524599574143,88.9515375406989,88.9514452990274,88.9514360748602,88.9514351524435,88.9514350602018,88.9514350509777,88.9514350500553
"181",10.2569961547852,67,0,9,11.8575601577759,1,47,0,6.40999984741211,1,0,0,0,62.8723265211648,73.3588826827626,79.6508163797213,81.7481276120408,83.4259765978965,83.803492619714,83.8412442218957,83.8450193821139,83.8453968981357,83.8454346497379,83.8454384248981,83.8454388024142,83.8454388401658,83.8454388439409,83.8454388443184
"182",10.5760402679443,75,0,9,16.3227882385254,51,0,0,22.5100002288818,1,1,1,0,73.5685131272377,92.9487995548113,104.576971411355,108.45302869687,111.553874525282,112.251564836675,112.321333867814,112.328310770928,112.329008461239,112.32907823027,112.329085207173,112.329085904864,112.329085974633,112.32908598161,112.329085982307
"183",12.3629093170166,69,0,14,3.23541593551636,111,19,1,21.9899997711182,1,0,0,1,115.913363347247,111.650587507783,109.092922004104,108.240366836211,107.558322701896,107.404862771676,107.389516778654,107.387982179351,107.387828719421,107.387813373428,107.387811838829,107.387811685369,107.387811670023,107.387811668488,107.387811668335
"184",11.6790390014648,62,0,19,2.95065999031067,0,9,0,35.4000015258789,1,0,0,0,86.4518632892868,91.2783850925008,94.1742981744291,95.1396025350719,95.9118460235862,96.0856008085019,96.1029762869934,96.1047138348426,96.1048875896275,96.104904965106,96.1049067026538,96.1049068764086,96.1049068937841,96.1049068955217,96.1049068956954
"185",12.1103649139404,59,1,19,0.632505834102631,4,3,0,7.65000009536743,1,1,1,0,65.7675943339892,72.5354710121466,76.5961970190411,77.9497723546726,79.0326326231778,79.2762761835914,79.3006405396328,79.3030769752369,79.3033206187973,79.3033449831534,79.303347419589,79.3033476632325,79.3033476875969,79.3033476900333,79.303347690277
"186",10.9507389068604,59,0,15,7.40164947509766,12,90,0,17.5699996948242,1,1,0,0,45.9638943970328,67.4462335546271,80.3356370491836,84.6321048807024,88.0692791459175,88.8426433555909,88.9199797765583,88.927713418655,88.9284867828647,88.9285641192856,88.9285718529277,88.9285726262919,88.9285727036284,88.928572711362,88.9285727121354
"187",12.9451675415039,70,1,12,4.02255249023438,271,24,1,18.9200000762939,1,0,0,1,168.264736865657,137.25403006708,118.647605987933,112.445464628217,107.483751540445,106.367366095696,106.255727551221,106.244563696774,106.243447311329,106.243335672785,106.24332450893,106.243323392545,106.243323280906,106.243323269742,106.243323268626
"188",11.0085964202881,61,1,21,1.53039288520813,58,288,0,11.3400001525879,1,1,0,0,141.406105329648,114.126404369006,97.7585837926204,92.302643600492,87.9378914467893,86.9558222122062,86.8576152887479,86.8477945964021,86.8468125271675,86.846714320244,86.8467044995517,86.8467035174824,86.8467034192755,86.8467034094548,86.8467034084727
"189",13.6395874023438,43,1,14,2.38221979141235,83,6,0,17.3500003814697,1,0,0,0,110.689625398612,92.2541297028174,81.1928322853408,77.5057331461819,74.5560538348548,73.8923759898062,73.8260082053013,73.8193714268508,73.8187077490058,73.8186413812213,73.8186347444428,73.818634080765,73.8186340143972,73.8186340077604,73.8186340070967
"190",12.4849519729614,55,1,15,1.60718858242035,14,38,1,10.1400003433228,1,1,0,0,66.3294198730518,72.6021461839805,76.3657819705376,77.6203272327234,78.6239634424719,78.8497815896654,78.8723634043847,78.8746215858567,78.8748474040039,78.8748699858186,78.874872244,78.8748724698182,78.8748724924,78.8748724946582,78.874872494884
"191",13.713005065918,42,1,43,1.24228858947754,662,222,1,19.5300006866455,0,0,0,0,30.3552753401346,53.7461593440455,67.7806897463921,72.4588665471743,76.2014079878001,77.0434798119409,77.1276869943549,77.1361077125964,77.1369497844205,77.1370339916029,77.1370424123212,77.137043254393,77.1370433386002,77.1370433470209,77.1370433478629
"192",11.1345701217651,63,1,17,2.77010440826416,149,66,0,22.6900005340576,1,0,1,0,161.644605098177,131.333246576102,113.146431462856,107.084159758441,102.234342394909,101.143133488115,101.034012597435,101.023100508367,101.02200929946,101.02190017857,101.021889266481,101.021888175272,101.021888066151,101.021888055239,101.021888054148
"193",11.2607975006104,47,1,24,5.29692363739014,168,38,0,4.92000007629395,1,0,0,0,-18.1251501046241,23.9580496925503,49.2079695708549,57.6246095302898,64.3579214978377,65.872916690536,66.0244162098058,66.0395661617328,66.0410811569255,66.0412326564448,66.0412478063967,66.0412493213919,66.0412494728914,66.0412494880414,66.0412494895564
"194",12.1253480911255,68,0,25,2.13278436660767,17,0,0,11.6199998855591,1,0,0,0,77.5124057673313,85.3122374871036,89.992136518967,91.5521028629215,92.8000759380851,93.0808698799969,93.108949274188,93.1117572136072,93.1120380075491,93.1120660869433,93.1120688948827,93.1120691756766,93.112069203756,93.112069206564,93.1120692068448
"195",12.6729011535645,58,1,11,1.59307157993317,126,22,0,29.0100002288818,1,0,0,1,126.886101084665,114.550187543689,107.148639419103,104.681456710908,102.707710544352,102.263617656877,102.219208368129,102.214767439254,102.214323346367,102.214278937078,102.214274496149,102.214274052056,102.214274007647,102.214274003206,102.214274002762
"196",13.543851852417,48,1,18,1.98792099952698,85,26,0,19.1399993896484,1,0,1,0,-13.8994084436713,33.5657255668402,62.0448059731471,71.5378327752494,79.1322542169313,80.8409990413097,81.0118735237475,81.0289609719913,81.0306697168157,81.0308405912981,81.0308576787464,81.0308593874912,81.0308595583657,81.0308595754531,81.0308595771619
"197",11.8693218231201,48,1,12,7.8064546585083,164,291,0,12.4899997711182,1,0,0,0,132.99258108934,103.872377989138,86.4002561290171,80.5762155089767,75.9169830129444,74.8686557013371,74.7638229701764,74.7533396970603,74.7522913697487,74.7521865370175,74.7521760537444,74.7521750054171,74.7521749005844,74.7521748901011,74.7521748890528
"198",11.3491983413696,62,1,11,6.69976711273193,31,0,0,17.3899993896484,1,0,0,0,109.611314385637,101.291536144457,96.2996691997483,94.6357135515122,93.3045490329233,93.0050370162408,92.9750858145726,92.9720906944058,92.9717911823891,92.9717612311874,92.9717582360672,92.9717579365552,92.971757906604,92.9717579036089,92.9717579033094
"199",12.12473487854,36,1,27,5.85669803619385,33,5,0,17.7800006866455,1,1,0,0,53.9930874155522,59.6835376457627,63.097807783889,64.235897829931,65.1463698667647,65.3512260750523,65.3717116958811,65.3737602579639,65.3739651141722,65.373985599793,65.3739876483551,65.3739878532113,65.373987873697,65.3739878757455,65.3739878759504
"200",12.4110641479492,45,1,12,7.45294332504272,579,111,0,14.6199998855591,0,0,1,0,56.1667293966876,65.0482085854278,70.3770960986719,72.1533919364199,73.5744286066183,73.894161857413,73.9261351824924,73.9293325150004,73.9296522482512,73.9296842215762,73.9296874189088,73.929687738642,73.9296877706153,73.9296877738127,73.9296877741324
"201",11.8147001266479,48,1,37,2.06673836708069,111,81,0,15.0900001525879,1,0,0,0,24.1720487825094,50.6208325978673,66.4901028870821,71.7798596501537,76.011665060611,76.9638212779639,77.0590368996992,77.0685584618727,77.0695106180901,77.0696058337118,77.069615355274,77.0696163074302,77.0696164026458,77.0696164121674,77.0696164131195
"202",11.3079280853271,60,1,26,3.5024790763855,123,53,0,23.6000003814697,1,0,1,0,69.1528282451907,83.7657864961842,92.5335614467804,95.4561530969791,97.7942264171381,98.3202929141738,98.3728995638774,98.3781602288478,98.3786862953448,98.3787389019945,98.3787441626595,98.378744688726,98.3787447413326,98.3787447465933,98.3787447471194
"203",12.3766345977783,57,1,32,1.66483759880066,9,41,1,16.8899993896484,1,0,0,0,112.133169487307,99.6301616048777,92.1283568754199,89.6277552989339,87.6272740377452,87.1771657539777,87.132154925601,87.1276538427633,87.1272037344795,87.1271587236511,87.1271542225683,87.12715377246,87.1271537274492,87.1271537229481,87.127153722498
"204",12.6716899871826,44,1,20,3.4122269153595,76,22,0,18.5799999237061,1,0,0,0,122.447914018726,99.1392167110626,85.1539983264645,80.4922588649317,76.7628672957056,75.9237541926297,75.8398428823221,75.8314517512913,75.8306126381883,75.830528726878,75.8305203357469,75.8305194966338,75.8305194127225,75.8305194043314,75.8305194034923
"205",12.2634897232056,57,1,17,1.52847218513489,8,93,1,11.2200002670288,1,1,0,0,66.8673900144595,74.2003013193945,78.6000481023555,80.0666303633425,81.2398961721321,81.5038809791097,81.5302794598075,81.5329193078773,81.5331832926842,81.5332096911649,81.533212331013,81.5332125949978,81.5332126213963,81.5332126240362,81.5332126243001
"206",12.9150094985962,51,0,11,1.66483509540558,12,41,1,14.9399995803833,1,1,1,0,116.619963186321,97.9557298212572,86.7571898022188,83.024343129206,80.0380657907957,79.3661533896534,79.2989621495392,79.2922430255278,79.2915711131267,79.2915039218865,79.2914972027625,79.2914965308501,79.2914964636589,79.2914964569398,79.2914964562679
"207",13.0732545852661,52,1,18,2.11063528060913,745,407,1,26.0499992370605,0,0,0,0,108.679357070415,101.522300916024,97.2280672233895,95.7966559925114,94.6515270078089,94.3938729862508,94.368107584095,94.3655310438794,94.3652733898579,94.3652476244557,94.3652450479155,94.3652447902615,94.3652447644961,94.3652447619195,94.3652447616619
"208",14.1445636749268,50,0,32,2.31859278678894,248,0,0,22.6499996185303,0,0,0,0,96.7446432135785,91.6499361664358,88.5931119381502,87.5741705287217,86.7590174011789,86.5756079474818,86.557267002112,86.5554329075751,86.5552494981214,86.555231157176,86.5552293230815,86.555229139672,86.5552291213311,86.555229119497,86.5552291193136
"209",13.9278841018677,49,1,20,1.40294075012207,153,112,0,10.7600002288818,0,0,0,0,102.842287657043,88.1694913848434,79.3658136215239,76.431254367084,74.0836069635321,73.555386297733,73.502564231153,73.497282024495,73.4967538038293,73.4967009817627,73.496695699556,73.4966951713353,73.4966951185133,73.4966951132311,73.4966951127029
"210",11.6058959960938,45,1,54,1.00284457206726,12,0,0,22.5100002288818,1,0,0,0,6.7120958200282,43.095638230799,64.9257636772616,72.2024721594157,78.0238389451391,79.3336464719268,79.4646272246056,79.4777252998735,79.4790351074003,79.4791660881529,79.4791791862282,79.4791804960357,79.4791806270165,79.4791806401145,79.4791806414244
"211",13.2354469299316,58,1,21,3.01755213737488,189,72,0,9.13000011444092,0,0,0,0,59.622778707728,70.4621400206086,76.965756808337,79.1336290709131,80.867926880974,81.2581438882377,81.2971655889641,81.3010677590367,81.301457976044,81.3014969977447,81.3015008999148,81.3015012901318,81.3015013291535,81.3015013330557,81.3015013334459
"212",11.5262041091919,55,1,20,4.21724939346313,88,205,0,10.4499998092651,1,0,0,0,65.1474325336499,72.3607810189023,76.6887901100537,78.1314598071042,79.2855955647445,79.5452761102136,79.5712441647605,79.5738409702152,79.5741006507607,79.5741266188152,79.5741292156207,79.5741294753012,79.5741295012693,79.5741295038661,79.5741295041258
"213",13.0025796890259,51,1,21,3.79003691673279,3,0,1,14.0500001907349,1,0,0,0,183.966161283785,130.251321124439,98.0224170288324,87.2794489969634,78.6850745714682,76.7513403257317,76.5579669011581,76.5386295587007,76.536695824455,76.5365024510304,76.536483113688,76.5364811799537,76.5364809865803,76.536480967243,76.5364809653092
"214",11.7583856582642,55,0,22,3.21688151359558,327,5,1,17.1299991607666,1,0,0,0,38.0066719313049,63.3129513174999,78.4967189492169,83.5579748264558,87.606979528247,88.5180055861501,88.6091081919404,88.6182184525194,88.6191294785773,88.6192205811831,88.6192296914437,88.6192306024697,88.6192306935723,88.6192307026826,88.6192307035936
"215",11.1547193527222,55,1,17,32.531909942627,255,76,1,19.7299995422363,1,1,1,0,153.912998534859,122.330445263325,103.380913300404,97.0644026460974,92.0111941226519,90.8742222048767,90.7605250130992,90.7491552939214,90.7480183220037,90.7479046248119,90.7478932550927,90.7478921181208,90.7478920044236,90.7478919930539,90.7478919919169
"216",11.6731052398682,63,0,30,5.27470779418945,84,0,0,30.4300003051758,1,1,0,0,149.668079541681,128.779639942835,116.246576183528,112.068888263759,108.726737927943,107.974754102385,107.899555719829,107.892035881573,107.891283897748,107.891208699365,107.891201179527,107.891200427543,107.891200352345,107.891200344825,107.891200344073
"217",11.5282020568848,41,1,23,3.45363712310791,125,14,0,26.3600006103516,1,0,1,0,57.5202724641359,69.1817854730239,76.1786932783567,78.5109958801343,80.3768379615564,80.7966524298763,80.8386338767083,80.8428320213915,80.8432518358599,80.8432938173067,80.8432980154514,80.8432984352659,80.8432984772473,80.8432984814454,80.8432984818653
"218",14.0103693008423,49,1,14,1.92382252216339,933,1259,0,5.80999994277954,1,0,1,0,81.8668771201717,76.553828789955,73.365999791825,72.3033901257816,71.4533023929469,71.2620326530591,71.2429056790704,71.2409929816715,71.2408017119316,71.2407825849576,71.2407806722602,71.2407804809905,71.2407804618635,71.2407804599508,71.2407804597595
"219",13.2619857788086,50,1,19,5.17938995361328,160,211,0,10.8599996566772,0,0,0,0,42.5372098324508,58.3707203449762,67.8708266524915,71.0375287549966,73.5708904370006,74.1408968154515,74.1978974532966,74.2035975170811,74.2041675234596,74.2042245240974,74.2042302241612,74.2042307941676,74.2042308511682,74.2042308568683,74.2042308574383
"220",11.6557626724243,49,1,34,2.51703310012817,37,28,0,8.01000022888184,1,0,0,0,61.945297945571,65.9198865008822,68.3046396340689,69.0995573451311,69.7354915139809,69.8785767019721,69.8928852207712,69.8943160726511,69.8944591578391,69.8944734663579,69.8944748972098,69.894475040295,69.8944750546035,69.8944750560343,69.8944750561774
"221",13.986533164978,44,1,27,5.02927827835083,502,285,0,10.5500001907349,1,1,0,0,108.966302199955,89.2468611323129,77.4151964917276,73.4713082781991,70.3161977073764,69.6062978289413,69.5353078410977,69.5282088423134,69.527498942435,69.5274279524471,69.5274208534483,69.5274201435485,69.5274200725585,69.5274200654595,69.5274200647496
"222",12.7096843719482,51,1,18,2.68844604492188,64,0,0,15.8400001525879,1,0,0,0,103.409401960446,91.9693222387524,85.1052744057361,82.8172584613974,80.9868457059264,80.5750028359454,80.5338185489473,80.5297001202475,80.5292882773775,80.5292470930905,80.5292429746618,80.529242562819,80.5292425216347,80.5292425175163,80.5292425171044
"223",11.3744792938232,64,0,22,5.19722604751587,64,72,1,25.3999996185303,1,0,0,0,147.827885308729,126.275695918045,113.344382283635,109.033944405499,105.585594102989,104.809715284925,104.732127403118,104.724368614938,104.72359273612,104.723515148238,104.72350738945,104.723506613571,104.723506535983,104.723506528224,104.723506527448
"224",12.0286417007446,46,1,10,5.83100891113281,33,34,1,10.0200004577637,0,0,0,0,59.4812294977473,64.047967027261,66.7880095449691,67.7013570508719,68.4320350555941,68.5964376066565,68.6128778617628,68.6145218872734,68.6146862898245,68.6147027300796,68.6147043741051,68.6147045385077,68.6147045549479,68.6147045565919,68.6147045567563
"225",11.5485591888428,85,0,15,10.0899810791016,340,35,0,3.97000002861023,0,0,0,0,132.375048633539,118.775030861106,110.615020197645,107.895016643159,105.719013799569,105.229413159762,105.180453095781,105.175557089383,105.175067488743,105.175018528679,105.175013632673,105.175013143072,105.175013094112,105.175013089216,105.175013088726
"226",13.0473556518555,44,1,27,1.40647578239441,111,59,0,22.4799995422363,1,1,0,0,90.5643015747664,85.5124038761455,82.481265256973,81.4708857172488,80.6625820854695,80.4807137683191,80.4625269366041,80.4607082534326,80.4605263851155,80.4605081982837,80.4605063796006,80.4605061977323,80.4605061795454,80.4605061777267,80.4605061775449
"227",13.219916343689,57,1,31,1.15289294719696,59,2,0,21.4899997711182,1,0,0,0,112.369522947615,102.625319334729,96.7787971669983,94.8299564444212,93.2708838663596,92.9200925362957,92.8850134032893,92.8815054899887,92.8811546986586,92.8811196195256,92.8811161116123,92.881115760821,92.8811157257418,92.8811157222339,92.8811157218831
"228",11.7620315551758,42,1,20,4.95297002792358,97,145,0,15.6000003814697,1,0,0,0,72.3126894032399,71.5817568884171,71.1431973795234,70.9970108765588,70.8800616741871,70.8537481036535,70.8511167466001,70.8508536108948,70.8508272973243,70.8508246659672,70.8508244028315,70.8508243765179,70.8508243738866,70.8508243736234,70.8508243735971
"229",12.9653778076172,64,0,30,1.02409362792969,437,229,0,12.1499996185303,1,0,0,0,112.937207254361,103.023574677083,97.0753951307159,95.0926686152603,93.5064874028957,93.1495966301137,93.1139075528355,93.1103386451077,93.1099817543349,93.1099460652576,93.1099424963499,93.1099421394591,93.1099421037701,93.1099421002011,93.1099420998442
"230",11.8387012481689,51,1,32,2.78657722473145,69,30,0,7.55999994277954,1,0,0,0,64.6824195557096,68.4331275742922,70.6835523854418,71.4336939891584,72.0338072721316,72.1688327608006,72.1823353096675,72.1836855645542,72.1838205900428,72.1838340925917,72.1838354428466,72.1838355778721,72.1838355913746,72.1838355927249,72.1838355928599
"231",12.2582378387451,68,0,21,2.50708961486816,139,429,0,6.42999982833862,1,0,0,0,45.1016605235432,67.5469002700255,81.0140441179149,85.5030920672113,89.0943304266485,89.9023590575218,89.9831619206092,89.9912422069179,89.9920502355488,89.9921310384119,89.9921391186982,89.9921399267268,89.9921400075297,89.99214001561,89.992140016418
"232",11.4760055541992,77,0,17,2.3826756477356,87,10,1,13.1300001144409,1,0,0,0,36.5435522574261,71.6819053501704,92.7649172058169,99.7925878243657,105.414724319205,106.679705030544,106.806203101677,106.818852908791,106.820117889502,106.820244387573,106.82025703738,106.820258302361,106.820258428859,106.820258441509,106.820258442774
"233",11.9482021331787,54,1,13,18.6583786010742,41,0,0,18.8999996185303,0,0,0,0,182.631445636157,133.867910778747,104.6097898643,94.8570828928181,87.0549173156324,85.2994300607657,85.123881335279,85.1063264627303,85.1045709754754,85.10439542675,85.1043778718774,85.1043761163902,85.1043759408414,85.1043759232866,85.1043759215311
"234",13.6768341064453,38,1,14,5.20565128326416,566,50,1,13.75,1,0,1,0,16.2694369471729,41.8935616174948,57.2680364196879,62.3928613537522,66.4927213010037,67.4151897891353,67.5074366379485,67.5166613228298,67.5175837913179,67.5176760381667,67.5176852628516,67.5176861853201,67.517686277567,67.5176862867916,67.5176862877141
"235",11.8390350341797,59,1,23,1.0333046913147,59,53,0,13.6400003433228,1,0,0,0,77.1243481450315,82.2265509757702,85.2878726742134,86.3083132403612,87.1246656932794,87.308344995186,87.3267129253766,87.3285497183957,87.3287333976976,87.3287517656278,87.3287536024208,87.3287537861001,87.328753804468,87.3287538063048,87.3287538064885
"236",14.4184846878052,55,1,19,0.968975126743317,72,48,0,37.2700004577637,1,0,0,0,121.145074477055,114.072432092086,109.828846661105,108.414318184111,107.282695402516,107.028080276657,107.002618764072,107.000072612813,106.999817997687,106.999792536175,106.999789990023,106.999789735408,106.999789709947,106.9997897074,106.999789707146
"237",13.278528213501,57,0,21,2.99247598648071,49,85,0,21.9300003051758,1,0,0,0,155.653437313817,124.170925292984,105.281418080485,98.9849156763181,93.9477137529849,92.8143433202349,92.7010062769599,92.6896725726324,92.6885392021996,92.6884258651564,92.688414531452,92.6884133980816,92.6884132847446,92.6884132734108,92.6884132722775
"238",12.2025518417358,58,1,15,3.76847219467163,119,0,0,19.3600006103516,1,0,1,0,87.3231725516246,89.7004218113248,91.1267713671449,91.6022212190849,91.9825811006369,92.0681620739861,92.0767201713211,92.0775759810546,92.0776615620279,92.0776701201252,92.077670975935,92.0776710615159,92.077671070074,92.0776710709299,92.0776710710154
"239",13.8682479858398,49,1,12,0.529034435749054,130,34,0,14.5799999237061,1,0,0,1,100.006032710632,89.7248869929396,83.5561995623244,81.4999704187859,79.8549871039552,79.4848658581183,79.4478537335346,79.4441525210762,79.4437823998304,79.4437453877058,79.4437416864934,79.4437413163721,79.44374127936,79.4437412756588,79.4437412752887
"240",12.5172100067139,38,1,9,3.19685459136963,98,72,0,5.19000005722046,1,0,0,0,-21.0724614067674,17.6727344209331,40.9198519175534,48.6688910830935,54.8681224155255,56.2629494653228,56.4024321703025,56.4163804408005,56.4177752678503,56.4179147505552,56.4179286988257,56.4179300936528,56.4179302331355,56.4179302470838,56.4179302484786
"241",11.1751947402954,57,1,27,21.1282482147217,91,197,1,8.72000026702881,1,0,0,0,77.5631698985495,79.1589644830975,80.1164412338264,80.435600150736,80.6909272842636,80.7483758893074,80.7541207498117,80.7546952358622,80.7547526844672,80.7547584293277,80.7547590038138,80.7547590612624,80.7547590670072,80.7547590675817,80.7547590676392
"242",13.3813495635986,43,1,21,0.902142226696014,40,180,0,17.0400009155273,1,0,0,0,48.4416658401382,60.9095165868481,68.3902270348741,70.8837971842161,72.8786533036897,73.3274959305712,73.3723801932594,73.3768686195282,73.3773174621551,73.3773623464178,73.3773668348441,73.3773672836867,73.3773673285709,73.3773673330594,73.3773673335082
"243",12.5829420089722,47,1,18,10.9622106552124,184,63,0,21.9899997711182,1,1,0,0,128.155078880115,105.661930739597,92.1660418552857,87.667412227182,84.0685085246991,83.2587551916405,83.1777798583346,83.169682325004,83.1688725716709,83.1687915963376,83.1687834988043,83.168782689051,83.1687826080756,83.1687825999781,83.1687825991684
"244",11.6619529724121,57,0,20,1.5612233877182,65,70,1,14.0900001525879,1,0,0,0,98.5294001023695,92.4888073941591,88.8644517692328,87.6563332275907,86.689838394277,86.4723770567814,86.4506309230319,86.4484563096569,86.4482388483194,86.4482171021857,86.4482149275723,86.448214710111,86.4482146883648,86.4482146861902,86.4482146859728
"245",12.9291362762451,54,1,24,0.924708664417267,23,19,1,6.05999994277954,1,0,0,0,177.610846479726,126.094531272218,95.1847421477131,84.8814791062115,76.6388686730102,74.7842813255399,74.5988225907929,74.5802767173182,74.5784221299707,74.578236671236,74.5782181253625,74.5782162707751,74.5782160853164,74.5782160667705,74.5782160649159
"246",11.4458055496216,49,1,13,27.9647312164307,141,16,1,22.2600002288818,1,0,0,0,95.0462266151285,90.6897428610362,88.0758526085808,87.2045558577624,86.5075184571076,86.3506850419603,86.3350017004455,86.3334333662941,86.3332765328789,86.3332608495374,86.3332592812033,86.3332591243698,86.3332591086865,86.3332591071182,86.3332591069613
"247",12.3675155639648,49,1,44,1.50493502616882,66,194,0,36.0299987792969,1,1,0,0,239.601848281029,169.153611221972,126.884668986537,112.795021574726,101.523303645277,98.9871671111507,98.7335534577381,98.7081920923968,98.7056559558627,98.7054023422093,98.705376980844,98.7053744447074,98.7053741910938,98.7053741657324,98.7053741631963
"248",12.1053323745728,66,1,21,2.25406360626221,69,117,0,22.3600006103516,1,1,0,0,91.2712521965128,97.207813379655,100.76975008954,101.957062326169,102.906912115472,103.120628318065,103.141999938324,103.14413710035,103.144350816553,103.144372188173,103.144374325335,103.144374539051,103.144374560423,103.14437456256,103.144374562773
"249",10.9349699020386,57,1,24,7.88104343414307,52,8,0,6.30000019073486,1,1,0,0,59.086390646062,67.9835990049883,73.321924020344,75.1013656921293,76.5249190295575,76.8452185304788,76.877248480571,76.8804514755802,76.8807717750811,76.8808038050312,76.8808070080262,76.8808073283257,76.8808073603557,76.8808073635587,76.880807363879
"250",12.3085079193115,24,1,19,2.80255484580994,51,58,1,7.71999979019165,1,0,0,0,32.5844733264601,38.2485058526029,41.6469253682885,42.7797318735171,43.6859770777,43.8898822486411,43.9102727657352,43.9123118174446,43.9125157226156,43.9125361131327,43.9125381521844,43.9125383560895,43.9125383764801,43.9125383785191,43.912538378723
