Mprobs for dataset sim1_corr (0.6) (IAF layers = 2):

[0.9536559  0.99958485 0.9996227  0.9995943  0.99938226 0.9994091
 0.999542   0.9997013  0.9994382  0.9996277  0.9996569 ]
[0.8919924  0.99980885 0.999673   0.99959105 0.99949765 0.9994985
 0.99973387 0.99962723 0.9991246  0.9996076  0.999501  ]
[0.9419722  0.99979585 0.9997545  0.9994987  0.99893147 0.9997031
 0.99956745 0.99946016 0.99943393 0.9994622  0.9993438 ]
[0.9673926  0.99973756 0.9996798  0.9997769  0.9991708  0.9996903
 0.999503   0.99963415 0.99947554 0.99965644 0.99953115]
[0.9999994  0.9999995  0.99999917 0.9999987  0.9999995  0.9999993
 0.9999989  0.9999982  0.9999993  0.99999917]
[0.8676699  0.9998592  0.99983    0.9998907  0.9997311  0.99989223
 0.9998721  0.9998425  0.9995995  0.9998056  0.9998281 ]
[0.99997187 0.9999784  0.99997175 0.99996996 0.99997926 0.99996126
 0.9999684  0.9999436  0.99996054 0.99995947]
[0.99998474 0.99998486 0.999982   0.99997926 0.9999914  0.9999862
 0.9999795  0.9999721  0.9999778  0.9999864 ]
[0.999985   0.99999225 0.9999883  0.9999815  0.99998987 0.99999046
 0.9999887  0.9999788  0.99998546 0.99998844]
[0.99999094 0.9999912  0.99999094 0.9999738  0.9999826  0.9999864
 0.9999844  0.99995816 0.9999896  0.99998665]
[0.99999225 0.9999913  0.99998116 0.9999665  0.99998534 0.9999815
 0.9999809  0.9999747  0.9999814  0.99998343]
[0.9999845  0.9999912  0.99998784 0.99998355 0.9999887  0.9999888
 0.9999758  0.99996865 0.9999832  0.99998426]
[0.99998784 0.99998367 0.9999912  0.99998164 0.99998343 0.9999794
 0.99997866 0.999959   0.9999807  0.99998844]
[0.9999912  0.9999893  0.9999893  0.99998164 0.9999795  0.99999034
 0.9999895  0.9999709  0.9999889  0.9999808 ]
[0.99999166 0.9999927  0.9999864  0.999985   0.9999862  0.9999906
 0.9999763  0.9999765  0.9999838  0.99998903]
[0.9999882  0.9999862  0.9999852  0.99997175 0.9999851  0.99998283
 0.99998784 0.99997187 0.99998784 0.999985  ]
[0.9999908  0.9999862  0.9999852  0.9999814  0.99998844 0.99998367
 0.9999825  0.99997103 0.9999763  0.9999833 ]
