Mprobs for dataset sim1 (0.001)

[0.99993396 0.9999391  0.9999175  0.9995478  0.9998265  0.9999368
 0.9999137  0.99971753 0.9998877  0.99995255]
[0.99991786 0.9999672  0.9999075  0.99961096 0.9998648  0.99991477
 0.9999021  0.9997459  0.9998983  0.9999082 ]
[0.99986136 0.9999585  0.99995327 0.99943584 0.99989843 0.99993277
 0.9999012  0.99978083 0.9998814  0.999944  ]
[0.9999213  0.9999502  0.99991333 0.9995877  0.99991393 0.9999213
 0.99986553 0.9997079  0.99989545 0.9999249 ]
[0.99988353 0.9999676  0.9999434  0.9992822  0.9998927  0.999884
 0.99990046 0.9998276  0.99990654 0.9999585 ]
[0.999908   0.9999492  0.9999579  0.999388   0.99988544 0.9999263
 0.99990463 0.99982315 0.9998815  0.99995387]
[0.99988496 0.9999379  0.99995947 0.9993413  0.99991786 0.99990356
 0.99988663 0.99979395 0.99989414 0.9999095 ]
[0.99987006 0.9999547  0.99994755 0.99966335 0.99988663 0.9999434
 0.9998958  0.99969745 0.9999032  0.9999349 ]
[0.99989235 0.99995303 0.9999273  0.99962103 0.9999075  0.9999316
 0.9998996  0.9996481  0.9999045  0.9999459 ]
[0.9999285  0.99993825 0.9999585  0.9993166  0.99988437 0.99990964
 0.9999056  0.99973005 0.9999052  0.99992824]
[0.9999186  0.99996483 0.9999424  0.9994356  0.999918   0.99992204
 0.99990714 0.99966645 0.99985874 0.99991786]
[0.99986565 0.9999386  0.99994314 0.9996518  0.9998647  0.99994266
 0.9999231  0.9996984  0.99990237 0.9999232 ]
[0.99985194 0.9999467  0.99995565 0.9995945  0.9998852  0.9999312
 0.99988556 0.99979526 0.9998754  0.99992263]
[0.9998591  0.9999492  0.99992955 0.99931383 0.9998419  0.99991286
 0.9998492  0.9998369  0.9999051  0.9999305 ]
[0.99987626 0.9999449  0.99995327 0.9994893  0.99992085 0.99994516
 0.99990106 0.9998265  0.99990857 0.9999118 ]
[0.9999207  0.9999292  0.9999273  0.9996737  0.9998647  0.9999285
 0.99986863 0.99982697 0.99985456 0.9999242 ]
[0.9999132  0.9999678  0.9999614  0.99939275 0.9998443  0.9999106
 0.999879   0.9998129  0.9998696  0.9999267 ]
[0.9998946  0.999956   0.9999517  0.9996768  0.9998635  0.99994504
 0.99992657 0.9996904  0.99982077 0.99993265]
[0.999913   0.9999372  0.99991524 0.9995528  0.999876   0.99994934
 0.9998832  0.9998381  0.9998882  0.9999163 ]
[0.99987364 0.99994004 0.99995923 0.99928004 0.9998847  0.9999348
 0.9999219  0.99978036 0.99987936 0.99994636]
[0.99991703 0.99996936 0.999926   0.99965453 0.99991775 0.99989545
 0.9998735  0.99976593 0.9998815  0.9999571 ]
[0.9998827  0.9999689  0.9999409  0.999665   0.99991894 0.9999105
 0.9998658  0.9996625  0.99990416 0.9999541 ]
[0.9999038  0.9999678  0.99991083 0.99942833 0.99990034 0.9999441
 0.9998627  0.9996872  0.99979156 0.9999286 ]
[0.99987257 0.9999336  0.99995446 0.9996817  0.99984753 0.999941
 0.9999218  0.99978906 0.9998272  0.9999492 ]
[0.9999167  0.9999255  0.9999405  0.9995921  0.99990785 0.9999424
 0.9999168  0.9997265  0.9998599  0.9999368 ]
[0.99990654 0.99995863 0.99996233 0.9994204  0.99982315 0.9999106
 0.9998735  0.9997986  0.99991    0.9999529 ]
[0.99989784 0.9999689  0.99996114 0.99963117 0.99991167 0.99989784
 0.9998859  0.9996872  0.9998816  0.99995685]
[0.99989057 0.9999554  0.99992156 0.99966884 0.9998723  0.9998771
 0.9999198  0.99979764 0.99988985 0.9999467 ]
[0.9998896  0.9999248  0.99995005 0.9996201  0.99991477 0.9999242
 0.99993396 0.9998419  0.9998741  0.9999188 ]
[0.99985886 0.999961   0.9999398  0.99948704 0.99986374 0.9999069
 0.9998511  0.9996871  0.999912   0.9999578 ]
[0.9999263  0.99996245 0.99991536 0.9996345  0.9999039  0.9999057
 0.9998658  0.9998288  0.9998629  0.999951  ]
[0.9999347  0.9999521  0.9999459  0.9994067  0.99991107 0.99993026
 0.9998505  0.9998085  0.9998684  0.9999273 ]
[0.9999354  0.9999293  0.99992394 0.99955124 0.99987674 0.99991655
 0.9999081  0.999775   0.9998097  0.9999379 ]
[0.9998802  0.99996567 0.99992394 0.9995307  0.99991465 0.9999008
 0.9999056  0.9998031  0.99989986 0.9999584 ]
[0.9999354  0.99996674 0.9999547  0.999405   0.99988294 0.9999261
 0.99991703 0.9996489  0.99987996 0.99991727]
[0.9998956  0.99994206 0.9999299  0.9993919  0.99984217 0.99992347
 0.9999231  0.9996884  0.99990654 0.99996185]
[0.9998481  0.99993145 0.9999087  0.9996326  0.99989367 0.99993217
 0.99991405 0.9996444  0.99990404 0.99991965]
[0.9999014  0.99996436 0.9999112  0.9994178  0.999819   0.99994767
 0.999902   0.9998317  0.99980456 0.99994695]
[0.9999114  0.99994826 0.99996054 0.9996693  0.99990976 0.9999188
 0.9998815  0.99981445 0.999913   0.9999609 ]
[0.9999306  0.9999287  0.99991333 0.9996245  0.9998672  0.99993885
 0.9999052  0.99977595 0.9999105  0.9999269 ]
[0.99985623 0.99995196 0.9999231  0.9994349  0.9998807  0.9999485
 0.9998907  0.99976593 0.9998512  0.99992037]
[0.9998925  0.99996793 0.9999355  0.99934965 0.9999205  0.99994147
 0.999879   0.99977595 0.9998727  0.999926  ]
[0.9999137  0.999959   0.99993205 0.99937844 0.9999113  0.99989426
 0.9999205  0.9996989  0.9998087  0.9999119 ]
[0.99990916 0.99992347 0.9999511  0.999634   0.99985456 0.9999107
 0.99993    0.9996743  0.9998123  0.9999168 ]
[0.999889   0.9999267  0.99993706 0.9994086  0.99988675 0.9999484
 0.99990666 0.99970454 0.99986374 0.99993134]
[0.9999188  0.99996865 0.9999572  0.99953616 0.9998461  0.999899
 0.99992514 0.99982446 0.9998522  0.99992657]
[0.9998846  0.99992335 0.99993217 0.99927694 0.9998498  0.99989164
 0.9998852  0.99978954 0.99984944 0.99992955]
[0.99989116 0.9999292  0.999931   0.9993094  0.99981326 0.9999279
 0.99991643 0.9998379  0.9999038  0.99992585]
[0.9998529  0.9999262  0.9999348  0.9995115  0.9998671  0.99991214
 0.99988115 0.9998103  0.9999057  0.9999206 ]
[0.9998809  0.9999546  0.999954   0.9994917  0.9998267  0.9999449
 0.9998641  0.9996654  0.99988115 0.99994326]
[0.99992025 0.99993086 0.9999318  0.9995022  0.9999162  0.9998754
 0.9999045  0.99968874 0.9998566  0.9999219 ]
[0.9999176  0.999936   0.999943   0.9993387  0.99990654 0.999931
 0.99992025 0.999813   0.9998975  0.9999293 ]
[0.99990964 0.9999497  0.9999107  0.999382   0.99991894 0.999948
 0.9998535  0.99975485 0.99987566 0.999961  ]
[0.9998585  0.99996054 0.99994826 0.9992906  0.99986637 0.99993694
 0.99988484 0.9998318  0.9999056  0.9999546 ]
[0.9998921  0.9999349  0.9999255  0.9996131  0.9998795  0.9998913
 0.99989676 0.9996828  0.99991226 0.99995613]
[0.9999205  0.9999409  0.9999535  0.9995141  0.9998678  0.9999386
 0.9999106  0.99976295 0.9998857  0.9999076 ]
[0.99986196 0.99995255 0.99995494 0.9994838  0.9998611  0.99993205
 0.99988806 0.99983764 0.9998654  0.9999187 ]
[0.99987435 0.99993277 0.99994886 0.9996363  0.9998872  0.999936
 0.9998776  0.9996728  0.99982256 0.9999311 ]
[0.99993086 0.9999255  0.99994314 0.9996823  0.99984956 0.9999188
 0.9998933  0.99966776 0.99989295 0.9999478 ]
[0.9999273  0.9999665  0.9999336  0.9993862  0.99988747 0.9999217
 0.999894   0.99983585 0.99990284 0.99993455]
[0.9999342  0.9999279  0.99993753 0.99934477 0.99989223 0.9999417
 0.9999007  0.999742   0.9999093  0.9999443 ]
[0.999858   0.99996555 0.9999597  0.9995498  0.9998983  0.999933
 0.9998698  0.99980015 0.99989724 0.9999577 ]
[0.99993515 0.999967   0.99992514 0.99949634 0.9998741  0.9999398
 0.9999337  0.9997979  0.99986243 0.9999182 ]
[0.9999225  0.9999331  0.9999167  0.9994191  0.9998598  0.99993503
 0.99987245 0.9998241  0.9998411  0.9999429 ]
[0.9998815  0.9999641  0.9999546  0.99964774 0.9998425  0.9998977
 0.9998487  0.9996711  0.99991    0.99995565]
[0.9999032  0.9999585  0.99992657 0.9995981  0.99991333 0.99990404
 0.9999243  0.99972576 0.9999008  0.99992   ]
[0.9999205  0.99993813 0.9999087  0.99937063 0.9998859  0.99994457
 0.9998944  0.9998086  0.9999008  0.9999616 ]
[0.9998939  0.9999417  0.99994636 0.99963903 0.9998615  0.9998828
 0.9998872  0.99982184 0.9998578  0.9999324 ]
[0.9998487  0.99994445 0.99995387 0.9993356  0.999818   0.99994004
 0.999918   0.99979144 0.99987626 0.9999162 ]
[0.9999107  0.9999628  0.9999536  0.999627   0.9998752  0.9999032
 0.9999255  0.99972576 0.9999082  0.99991107]
[0.99990666 0.9999459  0.99995327 0.9995577  0.99984    0.9999087
 0.9998553  0.99977356 0.9998179  0.99995935]
[0.9998568  0.9999541  0.99990726 0.9996778  0.9998173  0.9999453
 0.99990916 0.9996543  0.9998796  0.99991834]
[0.9999354  0.99992514 0.99995875 0.99934953 0.9998933  0.99993074
 0.9998634  0.99971527 0.9998443  0.9999504 ]
[0.999882   0.999964   0.999941   0.99935335 0.99988604 0.99987674
 0.9998865  0.9997551  0.99986756 0.9999157 ]
[0.99992526 0.9999596  0.9999486  0.99957806 0.9998343  0.99993813
 0.99989283 0.9996587  0.9998047  0.999948  ]
[0.999931   0.9999682  0.99995136 0.9995345  0.99984765 0.9998758
 0.9999007  0.9998217  0.9998586  0.9999175 ]
[0.99985266 0.9999471  0.99995327 0.9992907  0.9998373  0.9999273
 0.9999074  0.9996624  0.9997974  0.99993134]
[0.999899   0.9999291  0.99993    0.99959606 0.99992037 0.99991643
 0.9998795  0.9997192  0.9998499  0.9999082 ]
[0.9998877  0.9999429  0.9999566  0.99963236 0.9998809  0.99989474
 0.9999168  0.99966323 0.9998186  0.99994326]
[0.99986494 0.9999423  0.99991846 0.999491   0.9998528  0.999926
 0.99984765 0.99973077 0.99985623 0.9999583 ]
[0.9999331  0.99994886 0.99993336 0.999268   0.9998809  0.9999186
 0.9998783  0.99975556 0.99979895 0.99994946]
[0.99985945 0.99996674 0.9999269  0.99955326 0.9999057  0.9999212
 0.9999299  0.99979395 0.99982446 0.99992657]
[0.9998783  0.9999654  0.9999583  0.9992925  0.9998423  0.99994147
 0.999863   0.999701   0.99984586 0.9999199 ]
[0.99987924 0.99996567 0.99994946 0.9994437  0.9998721  0.9999187
 0.9998505  0.99976987 0.9998159  0.9999497 ]
[0.9999366  0.9999472  0.9999491  0.99945253 0.999902   0.9999013
 0.9999125  0.9997404  0.99990857 0.99991226]
[0.9999349  0.9999429  0.9999113  0.9994941  0.9998186  0.99988544
 0.99993324 0.99974626 0.9998399  0.9999615 ]
[0.99986804 0.9999505  0.9999087  0.99961346 0.9998385  0.99993634
 0.9999031  0.99968743 0.99990475 0.9999299 ]
[0.99987054 0.9999331  0.99993277 0.9993617  0.9998739  0.9999416
 0.9999311  0.9997571  0.9998159  0.99993694]
[0.99988365 0.99994874 0.99994874 0.9996947  0.9998623  0.99994195
 0.9998692  0.99978215 0.9998696  0.99993587]
[0.9998777  0.9999558  0.99993086 0.99939096 0.9998222  0.9999167
 0.9999243  0.99981016 0.99983144 0.99991846]
[0.9998888  0.9999418  0.9999273  0.99964976 0.9998758  0.99991167
 0.99991417 0.9997398  0.9998287  0.99992824]
[0.99993336 0.99994206 0.99995184 0.9994067  0.9998764  0.9999449
 0.99989796 0.9996954  0.999828   0.9999198 ]
[0.9998746  0.99993515 0.99992347 0.9996433  0.99991274 0.99994683
 0.99986386 0.9996531  0.99982566 0.9999161 ]
[0.9998921  0.99992394 0.99991834 0.99928325 0.9998925  0.99990666
 0.99992263 0.9997025  0.9998271  0.99991727]
[0.99990463 0.9999682  0.99992585 0.99949217 0.99988604 0.9999472
 0.99989593 0.99983764 0.9998543  0.99991536]
[0.9999032  0.99995136 0.99992883 0.9996147  0.99991345 0.9998915
 0.99987507 0.99972993 0.9998294  0.9999269 ]
[0.9998822  0.99993145 0.99993443 0.99953413 0.99989533 0.9998976
 0.99992967 0.9997844  0.99984026 0.9999311 ]
[0.9999342  0.99996936 0.99992716 0.9994147  0.99986196 0.99994576
 0.9999058  0.9997974  0.99990606 0.99992585]
[0.99991906 0.9999621  0.99991846 0.9995159  0.99987674 0.9999119
 0.99992716 0.99981314 0.9998901  0.99995625]
[0.9998857  0.9999491  0.99995804 0.99956864 0.99985206 0.9998776
 0.9998734  0.99972135 0.9999125  0.99992085]
