Mprobs for dataset sim1 (2)

[0.45798185 0.99991083 0.99994874 0.9999019  0.9994     0.9999099
 0.7278668  0.9998927  0.99991095 0.99957925 0.99980325 0.99994695]
[0.4485598  0.99990225 0.9999454  0.9999571  0.9995127  0.9998337
 0.68159324 0.9998739  0.99986386 0.9996822  0.99982494 0.9999262 ]
[0.4142988  0.99993634 0.9999447  0.99995935 0.99967134 0.99987245
 0.75981086 0.999925   0.9999157  0.9997353  0.9998599  0.99990654]
[0.43592185 0.99986494 0.9999316  0.9999224  0.99938667 0.99986935
 0.71630394 0.99994755 0.99986947 0.9997099  0.99988055 0.9999386 ]
[0.42018405 0.9998572  0.9999379  0.9999449  0.9996946  0.9999155
 0.76256275 0.9998869  0.9998567  0.99962366 0.999806   0.9999565 ]
[0.46270436 0.99989295 0.9999604  0.999956   0.99932456 0.9998354
 0.7103051  0.9998994  0.9999126  0.9997776  0.9998723  0.99994624]
[0.40408015 0.9999198  0.99994206 0.999926   0.99964666 0.9998292
 0.76543564 0.9999343  0.99988616 0.9997284  0.99978393 0.99994946]
[0.4467818  0.9998728  0.99996483 0.9999157  0.9995622  0.9998841
 0.7192016  0.9999182  0.9999187  0.9996865  0.9998534  0.9999174 ]
[0.47511712 0.9999181  0.9999653  0.9999479  0.99962914 0.9999031
 0.70523095 0.9999019  0.9998771  0.9995876  0.9999045  0.99992955]
[0.40842265 0.99990344 0.9999292  0.9999579  0.99931276 0.9998939
 0.7540248  0.9999461  0.99992573 0.9995615  0.9998448  0.9999125 ]
[0.45533037 0.999925   0.9999604  0.9999448  0.9993961  0.9998455
 0.7543976  0.9998815  0.99990046 0.9996605  0.9998641  0.9999336 ]
[0.4207496  0.9998592  0.9999671  0.99993503 0.99954164 0.99988914
 0.7532446  0.99993074 0.99989724 0.9997166  0.9998487  0.99993396]
[0.40361887 0.99990404 0.99994135 0.99996066 0.999305   0.99989855
 0.72372806 0.9998964  0.99990094 0.99956673 0.99987197 0.9999043 ]
[0.45487493 0.9998914  0.9999411  0.9999194  0.9996001  0.9998109
 0.75641054 0.99993706 0.99990594 0.9997278  0.99983466 0.99993813]
[0.3976913  0.99988604 0.99996114 0.99990666 0.9994667  0.9999113
 0.7739662  0.99989593 0.9999192  0.9996835  0.9998024  0.99994075]
[0.4171802  0.9999002  0.99995625 0.999931   0.9996493  0.9998254
 0.7483218  0.99991834 0.9998447  0.999694   0.9998995  0.99996054]
[0.44897377 0.999876   0.9999279  0.99994624 0.99942434 0.99988735
 0.7458688  0.9998747  0.9999218  0.99956733 0.9998307  0.9999138 ]
[0.45098695 0.99992514 0.9999417  0.9999548  0.9994159  0.999892
 0.736054   0.9999305  0.99992657 0.99971455 0.9998883  0.99993527]
[0.42783493 0.9999056  0.9999461  0.99993694 0.99959725 0.99991596
 0.69791865 0.99992883 0.9999131  0.99966455 0.99981743 0.99995935]
[0.44228092 0.9999268  0.9999509  0.99995506 0.99963725 0.99988604
 0.72570014 0.99993896 0.9998925  0.99960274 0.99978167 0.9999598 ]
[0.4576064  0.9999105  0.99996245 0.9999423  0.99936754 0.9999095
 0.74062604 0.99989593 0.99990976 0.9997328  0.9998348  0.99990976]
[0.450679   0.99986553 0.99994767 0.9999411  0.99959844 0.9998579
 0.75086576 0.99988425 0.99988985 0.99979824 0.99984443 0.9999231 ]
[0.45524883 0.99989736 0.99991965 0.9999566  0.9996389  0.999803
 0.73676217 0.99988353 0.9999101  0.9997466  0.9998901  0.9999069 ]
[0.41280952 0.99992573 0.99996555 0.99992526 0.99946886 0.99991155
 0.71107954 0.99991894 0.999895   0.99975365 0.99987745 0.99995637]
[0.43396354 0.99991393 0.9999522  0.9999504  0.9996259  0.9998215
 0.729073   0.9999404  0.9999269  0.9995654  0.99982125 0.99990463]
[0.40215957 0.99993265 0.9999254  0.99994826 0.9996437  0.9998404
 0.72491646 0.9998994  0.99992037 0.99977165 0.9998623  0.9999362 ]
[0.4134826  0.9998504  0.9999659  0.9999373  0.999577   0.999871
 0.7178472  0.99991167 0.99990857 0.9996898  0.9998437  0.99992716]
[0.44808897 0.9999     0.9999392  0.99994814 0.9995048  0.99986863
 0.70402294 0.99988747 0.99993336 0.99956685 0.9998636  0.9999479 ]
[0.40812993 0.9998592  0.9999424  0.99995625 0.99969125 0.99989426
 0.751726   0.9999398  0.99991226 0.99976784 0.99982005 0.9999336 ]
[0.42173356 0.999928   0.9999429  0.9999355  0.99934715 0.999889
 0.73929757 0.9999418  0.99988556 0.9996824  0.9998344  0.999946  ]
[0.4489748  0.9998884  0.99995756 0.9999316  0.999589   0.99982446
 0.7520352  0.9998945  0.9999101  0.99976164 0.99989307 0.9999106 ]
[0.44440055 0.99989915 0.999959   0.9999211  0.9992555  0.9999144
 0.69876206 0.9999188  0.99991786 0.99958783 0.9998337  0.99995434]
[0.46502745 0.9998796  0.9999435  0.9999267  0.99938416 0.99982053
 0.73136175 0.9998969  0.99985456 0.9996499  0.99979097 0.9999497 ]
[0.44652748 0.99985576 0.9999585  0.9999144  0.9993844  0.9998153
 0.7628277  0.99988925 0.99992037 0.99972695 0.9998946  0.9999132 ]
[0.4294637  0.99988794 0.9999429  0.9999244  0.99937385 0.99984014
 0.72708464 0.99994075 0.99987006 0.9996791  0.9998474  0.9999417 ]
[0.45916674 0.99987936 0.99995387 0.9999604  0.99940634 0.99986863
 0.7673508  0.99988234 0.999845   0.99973553 0.99982566 0.9999151 ]
[0.4096805  0.99985445 0.99996376 0.9999378  0.99958974 0.9998393
 0.71456265 0.9999447  0.99993217 0.99971956 0.99987876 0.99993396]
[0.44154966 0.9999021  0.9999577  0.9999262  0.99929523 0.99986744
 0.69938743 0.999923   0.9998951  0.9997656  0.99982375 0.999907  ]
[0.44214106 0.9998785  0.9999689  0.99992776 0.9993006  0.99981254
 0.7563132  0.99992216 0.99988294 0.9997943  0.99988604 0.99991333]
[0.4376556  0.9998754  0.9999672  0.9999602  0.99948055 0.99982613
 0.7556014  0.9999436  0.9998549  0.9996668  0.99990344 0.99991953]
[0.46541807 0.99989307 0.9999659  0.99991524 0.9993975  0.99988925
 0.74406177 0.9999157  0.99985266 0.9996369  0.9998578  0.9999335 ]
[0.42189953 0.9999163  0.9999387  0.999931   0.9995555  0.999894
 0.76257926 0.9998834  0.9998628  0.99961025 0.99986374 0.9999119 ]
[0.4099086  0.99989915 0.9999645  0.9999491  0.9995185  0.999879
 0.74091566 0.9998996  0.9998522  0.99980026 0.9998876  0.999956  ]
[0.43263903 0.99987936 0.9999275  0.9999261  0.99945563 0.9998579
 0.7668921  0.9999137  0.99990964 0.9997377  0.9998518  0.9999336 ]
[0.41930914 0.99992645 0.999961   0.999923   0.99961436 0.9999026
 0.71877074 0.9999273  0.99992514 0.99981076 0.99984443 0.9999119 ]
[0.40892488 0.9999056  0.99994993 0.99994385 0.9996556  0.99981016
 0.78951746 0.99991095 0.99993443 0.99976414 0.99989045 0.99994886]
[0.40572688 0.9999347  0.9999442  0.99992085 0.99946505 0.9998839
 0.7233858  0.99993813 0.99989724 0.9998122  0.99978286 0.9999528 ]
[0.40310466 0.9999064  0.99994385 0.99995697 0.9996811  0.9999008
 0.75915873 0.9999231  0.99985063 0.99957603 0.99988365 0.99993956]
[0.4621502  0.99990046 0.99994004 0.9999589  0.99952114 0.9998677
 0.7676986  0.999884   0.9998615  0.9998043  0.999818   0.99994266]
[0.4384294  0.9999218  0.9999416  0.9999182  0.9995395  0.99987495
 0.7222681  0.9999361  0.999874   0.9995579  0.9999076  0.99994874]
[0.40994525 0.9998716  0.99995065 0.9999323  0.99963486 0.99982625
 0.7566972  0.9999474  0.9998914  0.9996952  0.9998518  0.9999447 ]
[0.40948415 0.9999075  0.9999598  0.99990904 0.9996145  0.99990773
 0.7416998  0.9999268  0.9998337  0.9997037  0.9998369  0.99994326]
[0.45751154 0.99986994 0.9999443  0.999905   0.99934965 0.99982065
 0.719848   0.99989974 0.99991906 0.99969614 0.9998764  0.99994063]
[0.44038233 0.99992716 0.9999583  0.9999362  0.9996456  0.9998511
 0.76073956 0.99987996 0.99984753 0.99973434 0.99987936 0.9999287 ]
[0.4712053  0.9999033  0.9999361  0.9999119  0.9995303  0.99984944
 0.7229344  0.99994504 0.9999056  0.99973494 0.99986315 0.9999528 ]
[0.45020565 0.9998914  0.9999702  0.999954   0.9994085  0.99982965
 0.7006429  0.9999069  0.9998503  0.9996865  0.9998031  0.9999609 ]
[0.41738853 0.9999043  0.9999522  0.9999131  0.9994054  0.99990475
 0.7064485  0.99992454 0.9998772  0.9997645  0.99990416 0.99993587]
[0.4092742  0.99991965 0.9999571  0.9999088  0.99947816 0.9998611
 0.72695994 0.99992263 0.999884   0.9996563  0.9998215  0.99995685]
[0.43733627 0.9998981  0.9999417  0.9999441  0.9994997  0.9998826
 0.7765569  0.99991906 0.99984515 0.9997805  0.99985397 0.99995637]
[0.44027957 0.99992394 0.9999573  0.99993145 0.9995447  0.9998547
 0.7542144  0.99992764 0.99991786 0.99977344 0.9999037  0.99995697]
[0.40039054 0.9998921  0.9999682  0.999956   0.99939525 0.99990964
 0.74712247 0.99989486 0.9998946  0.99975973 0.9999007  0.9999286 ]
[0.43095517 0.9998541  0.9999677  0.9999076  0.99943703 0.999848
 0.7470869  0.9999156  0.9998822  0.9996983  0.99988914 0.9999436 ]
[0.41396058 0.99990654 0.9999317  0.9999188  0.99951744 0.9999075
 0.7546129  0.9999447  0.9998554  0.99977535 0.99979955 0.9999466 ]
[0.39805856 0.9999244  0.9999392  0.99995553 0.99946755 0.9998876
 0.7229403  0.9999113  0.99990094 0.99971586 0.99980754 0.999946  ]
[0.46536252 0.99988234 0.9999547  0.99991786 0.9994474  0.9999095
 0.76098675 0.9999163  0.9998932  0.99972993 0.9998746  0.9999598 ]
[0.41622216 0.999859   0.99996364 0.99991095 0.9995159  0.99990976
 0.702995   0.9999393  0.9999292  0.9997421  0.99985766 0.9999523 ]
[0.46212885 0.999876   0.99992704 0.9999325  0.9996319  0.999851
 0.72153944 0.99993086 0.9999193  0.9997509  0.9998852  0.99993265]
[0.47253677 0.99992037 0.99993134 0.9999465  0.99967754 0.9998913
 0.7162963  0.9999435  0.99991035 0.9995586  0.9998497  0.9999286 ]
[0.40608463 0.9999043  0.9999417  0.9999095  0.9993358  0.999874
 0.7457679  0.99994195 0.9998802  0.9995639  0.9998086  0.99993956]
[0.42992488 0.9999138  0.99996066 0.9999299  0.9995547  0.99990964
 0.76166975 0.9999138  0.9999068  0.9995859  0.9998598  0.9999243 ]
[0.44963595 0.99993193 0.9999635  0.9999081  0.99960464 0.9998555
 0.73731834 0.9999262  0.9999318  0.9997279  0.9998241  0.99992144]
[0.47058186 0.9998919  0.9999509  0.9999188  0.999529   0.99987197
 0.71928006 0.9999379  0.9998987  0.9995633  0.99987376 0.99994147]
[0.4275137  0.9999069  0.9999554  0.9999325  0.99952257 0.9998355
 0.7544925  0.99992645 0.9998809  0.999592   0.99991    0.9999207 ]
[0.4508152  0.9998996  0.9999316  0.99994195 0.99939597 0.9998343
 0.7622098  0.9999341  0.9998826  0.99979514 0.9998628  0.99992025]
[0.44675454 0.9998665  0.999948   0.9999391  0.9995771  0.999833
 0.75937814 0.9999368  0.999856   0.99978954 0.9998048  0.9999238 ]
[0.4089243  0.99991894 0.9999529  0.999959   0.9993456  0.99986935
 0.74448127 0.9998895  0.9998884  0.99961483 0.9998945  0.99995935]
[0.4346857 0.9999232 0.9999379 0.9999542 0.9993629 0.9998553 0.7025093
 0.9999324 0.9998808 0.9997694 0.9998282 0.999961 ]
[0.44783798 0.9999199  0.999964   0.99995875 0.99968946 0.9998759
 0.7144819  0.9999453  0.9998857  0.99973565 0.9997979  0.99994755]
[0.40758762 0.9999312  0.9999242  0.99992263 0.9996592  0.9998903
 0.7486775  0.9999461  0.999856   0.99959725 0.99988675 0.999907  ]
[0.45095813 0.99987674 0.99996483 0.99995923 0.9995202  0.99990904
 0.7234729  0.9999248  0.99990237 0.99972945 0.9998596  0.9999577 ]
[0.43224    0.99986243 0.99996006 0.99995005 0.9995567  0.9998615
 0.752174   0.9999291  0.9999263  0.9995666  0.9998882  0.99992144]
[0.37762946 0.9998989  0.9999536  0.99993646 0.9995859  0.9998915
 0.7473323  0.9999442  0.999933   0.99972445 0.99990904 0.99995685]
[0.439025   0.99993217 0.99996686 0.99995255 0.9996363  0.9999069
 0.73460674 0.9999279  0.9998573  0.9997882  0.99979836 0.9999472 ]
[0.43176174 0.9998988  0.99996424 0.999949   0.9995622  0.9999051
 0.7512615  0.9999354  0.99988616 0.99965835 0.99987304 0.9999368 ]
[0.41788748 0.9999367  0.9999671  0.9999622  0.9996438  0.99987245
 0.6938675  0.9999372  0.999897   0.9997023  0.99991    0.9999081 ]
[0.44652253 0.9998652  0.9999695  0.999912   0.9995621  0.9998123
 0.7240043  0.99987996 0.99985445 0.9997708  0.9998561  0.99993074]
[0.46593457 0.9998629  0.99994814 0.9999299  0.99945265 0.99989855
 0.72954816 0.99988806 0.9998995  0.9996778  0.9997794  0.99994814]
[0.452625   0.99986243 0.9999665  0.9999068  0.9994311  0.9998386
 0.7141516  0.9999335  0.9998964  0.99954957 0.9998016  0.9999064 ]
[0.40470582 0.99989176 0.9999511  0.99994016 0.9994005  0.99989796
 0.7325357  0.9999205  0.9998504  0.9997886  0.9998266  0.9999355 ]
[0.44675526 0.99989307 0.99996257 0.9999479  0.99963045 0.9999057
 0.7658013  0.999918   0.9999348  0.9995677  0.9998832  0.99994195]
[0.43147823 0.9998691  0.9999348  0.9999064  0.99958855 0.9998889
 0.70809484 0.9999404  0.99993527 0.99960154 0.99984336 0.9999459 ]
[0.43689024 0.99988234 0.9999609  0.99993825 0.9994777  0.9998716
 0.729032   0.99994636 0.9999161  0.99955696 0.9998821  0.99994874]
[0.39439827 0.9999355  0.99995875 0.99990225 0.99950886 0.9998292
 0.7228628  0.9999404  0.9998981  0.99957496 0.9998747  0.9999348 ]
[0.40784281 0.99985325 0.99992895 0.99992275 0.9995485  0.999908
 0.7121987  0.9998728  0.9998832  0.9996543  0.99979347 0.99995005]
[0.40645868 0.99987876 0.9999602  0.9999287  0.9995413  0.99984086
 0.7402149  0.99994326 0.99987864 0.9995591  0.99981934 0.999956  ]
[0.4637915  0.99988365 0.999956   0.99992275 0.99962294 0.99990237
 0.7273908  0.9999424  0.99989784 0.9997243  0.9998745  0.99995863]
[0.4762315  0.9999349  0.99992895 0.99995756 0.9993332  0.9998667
 0.7532833  0.9999175  0.99993384 0.99960357 0.9998196  0.99992824]
[0.44887844 0.99985886 0.9999298  0.99992824 0.999678   0.99990225
 0.7610163  0.99988866 0.99986947 0.9995677  0.99985516 0.9999143 ]
[0.45169634 0.99986374 0.9999678  0.99993265 0.9994832  0.99989665
 0.7143721  0.9999267  0.9999248  0.99976176 0.9998585  0.99994826]
[0.44653484 0.99990165 0.9999616  0.9999604  0.9995159  0.99987423
 0.7512743  0.999915   0.9998658  0.99956113 0.99983907 0.99991536]
