Mprobs for dataset sim1 (10)

[0.5231873  0.9953426  0.49444187 0.97840655 0.9997688  0.9999198
 0.99992967 0.9991968  0.9997081  0.994565   0.9978467  0.8695651
 0.99989426 0.9998281  0.99835086 0.99980503 0.9999422 ]
[0.4472227  0.99279153 0.45355302 0.98184216 0.9998505  0.99992156
 0.9999435  0.9991891  0.9997228  0.9952146  0.99710137 0.83252877
 0.99993074 0.9998555  0.9990088  0.99978703 0.99989474]
[0.5091158  0.996053   0.5793107  0.98569506 0.9998658  0.99991834
 0.9999188  0.9988373  0.9997701  0.99454725 0.9958974  0.84014183
 0.99987006 0.99982685 0.99849856 0.9997638  0.9998951 ]
[0.48420626 0.99457246 0.5367376  0.9750886  0.99983835 0.999926
 0.99989796 0.9990133  0.9997998  0.99442613 0.9968348  0.809727
 0.99990034 0.99986434 0.99917334 0.99973315 0.9999167 ]
[0.42558002 0.9920033  0.56779337 0.9699089  0.99980885 0.9999473
 0.9999262  0.9988771  0.99973184 0.99478394 0.9975176  0.84165525
 0.9998815  0.9998442  0.9985089  0.999811   0.99993694]
[0.40276957 0.99520653 0.41160172 0.97406185 0.9998648  0.9999516
 0.9999268  0.99858534 0.99971753 0.9962702  0.99740607 0.863627
 0.99987805 0.99980515 0.99663323 0.99971956 0.9999045 ]
[0.42563617 0.99453294 0.50601023 0.97495306 0.9998253  0.99993885
 0.9998914  0.998681   0.99974126 0.9928324  0.99706984 0.80351007
 0.99987257 0.9998932  0.99833786 0.99974614 0.9999399 ]
[0.4523958  0.99380267 0.6527998  0.96486336 0.99984384 0.9999434
 0.9998933  0.9980039  0.9995357  0.9905489  0.9960217  0.85579485
 0.99988174 0.99977463 0.9982316  0.9997707  0.99992526]
[0.41769403 0.992021   0.5923721  0.9850493  0.9998466  0.9999355
 0.9999455  0.9990132  0.999645   0.99069    0.9977285  0.79605526
 0.9998671  0.9998671  0.99818724 0.9997472  0.99992824]
[0.434953   0.99508566 0.47155654 0.963535   0.99977845 0.99991405
 0.9999132  0.99914706 0.99977666 0.99510527 0.9961462  0.8494611
 0.9999063  0.9998029  0.9974607  0.9997446  0.99990463]
[0.47698882 0.9924265  0.5978485  0.9760198  0.9999144  0.99995327
 0.99995255 0.99832696 0.9997992  0.99610424 0.99756193 0.8766722
 0.99988186 0.99980646 0.9985904  0.9997943  0.99990344]
[0.5636061  0.9944535  0.519167   0.9761406  0.99989223 0.9999285
 0.99993324 0.99915195 0.999846   0.99329257 0.9977539  0.82880604
 0.99986815 0.9998963  0.9979724  0.9997876  0.9999089 ]
[0.50238127 0.99670815 0.58855057 0.9806654  0.99989116 0.99995244
 0.99990356 0.9992848  0.9998258  0.99513924 0.99505603 0.8469254
 0.9998907  0.99980205 0.9981312  0.99972695 0.9999032 ]
[0.50077    0.99387    0.5633448  0.9792757  0.99981505 0.9999443
 0.9999256  0.99894613 0.9997515  0.9958973  0.99736327 0.811104
 0.9998448  0.9997696  0.99865985 0.999681   0.999926  ]
[0.42244527 0.9926225  0.6104522  0.97539675 0.99988973 0.9999627
 0.99989295 0.9991872  0.9998554  0.99249566 0.9964036  0.86736715
 0.99986804 0.9998265  0.9990288  0.9998411  0.99993277]
[0.39396837 0.99358094 0.6210649  0.97695756 0.99986744 0.99993825
 0.99993384 0.9988763  0.99972886 0.99459994 0.99647045 0.88587385
 0.9998827  0.99983704 0.9985843  0.99974805 0.9999145 ]
[0.51781607 0.99518377 0.5934327  0.9810579  0.9998118  0.99991536
 0.9999305  0.9987515  0.9997304  0.9947344  0.9975846  0.8027718
 0.9998957  0.9998896  0.9986021  0.9996088  0.99993443]
[0.4632244  0.9941789  0.60301846 0.98240906 0.9999049  0.9999318
 0.9998834  0.9986947  0.9998405  0.99150753 0.99738127 0.8237852
 0.99990714 0.9998424  0.9981597  0.99971324 0.99993527]
[0.44812232 0.99388844 0.5815427  0.9807326  0.99988234 0.999944
 0.99991333 0.99907076 0.99983335 0.9942977  0.9972537  0.8953367
 0.9998734  0.99989915 0.9986486  0.99966455 0.9999217 ]
[0.38159597 0.99397403 0.6838832  0.97526294 0.9998634  0.9999528
 0.99992645 0.9987147  0.9997956  0.9913049  0.99568826 0.8212974
 0.99991703 0.99974495 0.998645   0.99982435 0.9999398 ]
[0.37327766 0.9903172  0.6043383  0.97407746 0.9998952  0.9999492
 0.9999434  0.9992473  0.9997764  0.9959714  0.9963542  0.83008647
 0.99988127 0.9997812  0.99875104 0.9998394  0.9999348 ]
[0.40395373 0.9922422  0.5498907  0.9773662  0.9998553  0.99995136
 0.9999397  0.998374   0.99980086 0.9925625  0.9958689  0.8608078
 0.9999181  0.99986386 0.9991616  0.99974924 0.9999372 ]
[0.4695994  0.9947625  0.5801475  0.97919077 0.9998803  0.9999579
 0.999912   0.99860054 0.9996561  0.9938838  0.9973289  0.8162047
 0.9998504  0.9998357  0.99839336 0.9996184  0.9999044 ]
[0.42353213 0.9948754  0.5142709  0.9867002  0.9998969  0.9999647
 0.99991345 0.99916685 0.99975866 0.99489486 0.9969476  0.78883874
 0.9998288  0.999785   0.9985417  0.99969256 0.9999399 ]
[0.46555492 0.9926823  0.5918565  0.9833431  0.99984026 0.9999428
 0.99992335 0.99918133 0.99976474 0.9933976  0.9963707  0.75595766
 0.9998579  0.9998149  0.99772006 0.9997218  0.9998753 ]
[0.4938105  0.993522   0.58089334 0.98413336 0.9998771  0.9999211
 0.9999231  0.99930394 0.99973446 0.99525225 0.9946137  0.7787817
 0.9998733  0.9998983  0.99846065 0.9997688  0.99990785]
[0.4831296  0.99291223 0.5644177  0.98748416 0.99990463 0.9999194
 0.99991    0.99940085 0.99981433 0.9937807  0.9972391  0.8535341
 0.9998591  0.99989784 0.99871397 0.9997806  0.99990296]
[0.42425078 0.9900804  0.5595195  0.9672888  0.9998741  0.9999453
 0.99988306 0.99901736 0.9997391  0.99177074 0.99727243 0.87769365
 0.9998766  0.99988246 0.9985923  0.99978    0.9998926 ]
[0.46286157 0.99378633 0.5174458  0.9894623  0.9998312  0.99994445
 0.99993074 0.9987453  0.99971503 0.9942966  0.99556255 0.89281696
 0.99993014 0.99978966 0.9988175  0.99983215 0.9999002 ]
[0.5243622  0.9892819  0.6498516  0.9785069  0.99985707 0.999908
 0.99990296 0.99889356 0.9997342  0.9947843  0.99626887 0.8810742
 0.9998801  0.9998072  0.99900573 0.9996698  0.99993503]
[0.48166132 0.9912361  0.72471684 0.98645973 0.99985695 0.99996555
 0.99993515 0.99850357 0.9998004  0.99593157 0.9962411  0.7991722
 0.9999083  0.9998821  0.9989151  0.9996468  0.9999342 ]
[0.3911979  0.995971   0.55719864 0.9873372  0.9998895  0.99996185
 0.99994016 0.99921584 0.9997875  0.99270916 0.99694926 0.84849
 0.99991703 0.9998461  0.99865353 0.9996828  0.9999249 ]
[0.48279715 0.9941187  0.6341143  0.9756152  0.99989295 0.9999114
 0.99991965 0.9993291  0.9997987  0.9924408  0.9976809  0.85960275
 0.99985564 0.9998884  0.99775296 0.9997093  0.9999373 ]
[0.41653615 0.9945333  0.44962603 0.9658929  0.9999014  0.9999312
 0.9999417  0.9991928  0.999759   0.99325895 0.9962858  0.84822094
 0.9999124  0.9998462  0.99830174 0.9997279  0.9999149 ]
[0.49468237 0.99489635 0.57212883 0.97754854 0.99988234 0.9999454
 0.9998983  0.9986671  0.99980515 0.99272823 0.9973894  0.86031306
 0.9998313  0.99986875 0.998922   0.99976474 0.9999447 ]
[0.38032845 0.9956571  0.6074964  0.98002577 0.9998971  0.9999541
 0.99994075 0.99873585 0.99985504 0.9922869  0.99639255 0.8718232
 0.99984956 0.9998745  0.99808705 0.99973553 0.9999304 ]
[0.50392425 0.99123186 0.5737425  0.97760594 0.9998584  0.9999131
 0.9998722  0.9990876  0.9997911  0.99492306 0.9948047  0.86145496
 0.9998474  0.9997863  0.998295   0.99976975 0.99991465]
[0.4678797  0.9924817  0.48440465 0.9824907  0.9998572  0.9999521
 0.9998814  0.99891245 0.99972385 0.99254143 0.9937809  0.8763682
 0.99990296 0.9998293  0.99841964 0.9997731  0.9999138 ]
[0.45147434 0.9926379  0.5308994  0.96956336 0.9998636  0.9999254
 0.9999082  0.99936897 0.99986625 0.9961033  0.9975383  0.8936215
 0.99992716 0.9998104  0.9985374  0.9997708  0.99990153]
[0.46362677 0.9933315  0.5093665  0.9794607  0.99982005 0.99990344
 0.99993825 0.9987815  0.9997465  0.99335456 0.9964868  0.80333394
 0.99990964 0.9999008  0.99839765 0.99976724 0.99993336]
[0.43544838 0.99417555 0.5222827  0.9629241  0.9998677  0.9999343
 0.9999167  0.9984658  0.99981326 0.9916877  0.99589986 0.850434
 0.9998796  0.9999033  0.9986473  0.99976116 0.99993074]
[0.43775684 0.99456006 0.57266885 0.98092055 0.9998952  0.9999291
 0.9999074  0.9984073  0.99972826 0.99592835 0.997031   0.8517424
 0.9998932  0.9998524  0.9980223  0.99959975 0.99995196]
[0.38948277 0.99048495 0.62250584 0.98117286 0.9998209  0.99993217
 0.999928   0.99874014 0.99978083 0.9936748  0.99659085 0.86923265
 0.99993074 0.9998908  0.99825495 0.9998024  0.99994195]
[0.49556774 0.9916598  0.5366127  0.97994566 0.9998566  0.99995124
 0.9998995  0.99945635 0.99970585 0.99490225 0.9971488  0.8134872
 0.99992776 0.999848   0.99853194 0.9996979  0.99991834]
[0.39048856 0.9896191  0.5961285  0.9787649  0.99982494 0.999928
 0.9999281  0.99924254 0.99981314 0.99478525 0.9976895  0.8728967
 0.99983406 0.9997868  0.998594   0.9997147  0.99989164]
[0.4319529  0.9945485  0.59201866 0.98123187 0.9998516  0.9999316
 0.99994993 0.9990471  0.9997551  0.9920893  0.9974377  0.86938983
 0.99985874 0.99987197 0.99827325 0.99957424 0.9999263 ]
[0.5187163  0.9928417  0.6690429  0.9721105  0.99990773 0.9999585
 0.9999237  0.999206   0.9998122  0.9951375  0.99752384 0.86269873
 0.9998386  0.9998779  0.99891686 0.99970657 0.999943  ]
[0.4596893  0.9924218  0.67121136 0.97128826 0.9998067  0.9999585
 0.9998965  0.9985077  0.9997961  0.99389994 0.9968516  0.8240495
 0.99988794 0.99980754 0.99884063 0.99971825 0.9999248 ]
[0.4872145  0.99046504 0.45375714 0.975576   0.9998945  0.99993443
 0.9999447  0.99881965 0.99980503 0.9946609  0.99728847 0.87346685
 0.999877   0.9999026  0.9984133  0.9997626  0.9999138 ]
[0.42785233 0.99321085 0.5010423  0.9753142  0.99987733 0.9999281
 0.9999218  0.9992931  0.9997011  0.99547607 0.9974304  0.88787305
 0.9998777  0.9998722  0.9981502  0.99967945 0.9999343 ]
[0.41100734 0.993254   0.5938747  0.9835471  0.9998481  0.9999473
 0.9999372  0.9991823  0.99981576 0.99486226 0.99695146 0.8486658
 0.99992275 0.9998729  0.9976851  0.99976474 0.999943  ]
[0.49192113 0.99280775 0.535301   0.9802632  0.99987745 0.9999399
 0.999907   0.99942434 0.99977344 0.9956808  0.99670476 0.8998645
 0.99992204 0.9998336  0.99925905 0.9998472  0.99994004]
[0.39927065 0.9932788  0.5118791  0.97124463 0.9998599  0.9999273
 0.99991333 0.99885976 0.99985373 0.9929374  0.9957035  0.8973331
 0.9999124  0.9998894  0.9984322  0.999813   0.99993944]
[0.444715   0.99626786 0.5127866  0.972111   0.9998642  0.9999405
 0.9999422  0.9994722  0.9997304  0.9954064  0.9967713  0.8874737
 0.9998697  0.9998198  0.9984635  0.9997212  0.99992585]
[0.39630988 0.99474394 0.539951   0.9853485  0.9998406  0.9999162
 0.9999286  0.9988626  0.99986196 0.9915064  0.9979012  0.84275824
 0.9999112  0.99983084 0.9980959  0.99979216 0.9999287 ]
[0.4603291  0.9953147  0.59593505 0.9626142  0.99989414 0.9999521
 0.999949   0.99842095 0.9998658  0.9945687  0.99477553 0.8700031
 0.99992657 0.99979657 0.9986511  0.99964464 0.9999131 ]
[0.41798726 0.99583435 0.56339055 0.9819146  0.9998716  0.999938
 0.99992466 0.99936384 0.99982786 0.99370605 0.9959792  0.80095035
 0.9999299  0.9998864  0.9977149  0.999833   0.9998895 ]
[0.56406146 0.9926634  0.52438426 0.98626584 0.9998703  0.9999583
 0.99995136 0.9993349  0.9996673  0.99674594 0.9975242  0.87276965
 0.9998826  0.9998178  0.998069   0.9997918  0.9999002 ]
[0.49056187 0.9933395  0.597121   0.9707874  0.9998313  0.9999424
 0.99992526 0.9983718  0.99974173 0.99494725 0.99527884 0.81625354
 0.99990773 0.9998691  0.9987179  0.9997645  0.9999454 ]
[0.42760047 0.9941929  0.55053097 0.9791886  0.9998554  0.99995327
 0.9998878  0.9979905  0.9997974  0.9938314  0.9967355  0.80495703
 0.9998847  0.9998311  0.99863476 0.9996785  0.9999335 ]
[0.4931921  0.9928437  0.54941887 0.9716152  0.9998723  0.99995005
 0.9999279  0.99913776 0.9998254  0.99400336 0.9954739  0.887755
 0.99991095 0.9997924  0.9984181  0.9998116  0.9999362 ]
[0.5346194  0.9927862  0.4780117  0.98080325 0.9998578  0.99995637
 0.9998896  0.9987936  0.99976236 0.9920947  0.998166   0.84248483
 0.999879   0.99989915 0.9986206  0.9998435  0.99991536]
[0.43399772 0.9948153  0.5306142  0.9757864  0.9998976  0.99995315
 0.9998815  0.9990808  0.99977785 0.9914204  0.9973937  0.87114596
 0.99983716 0.9998535  0.9985921  0.99981827 0.99990535]
[0.413807   0.99608    0.6047245  0.9805505  0.99981326 0.9999397
 0.9998919  0.99929893 0.9997831  0.99495983 0.995443   0.86933255
 0.999912   0.9998784  0.9987797  0.9997502  0.99991524]
[0.36292166 0.99520373 0.65839636 0.9766029  0.99981755 0.9999169
 0.9999175  0.99894625 0.99974185 0.9921491  0.99589795 0.7931879
 0.99985135 0.9998677  0.9981651  0.9997241  0.99993515]
[0.5621614  0.993381   0.51510423 0.9698594  0.99986017 0.99994886
 0.9999325  0.999303   0.9997727  0.9922185  0.9969048  0.81050074
 0.9998596  0.9999039  0.9982034  0.99970955 0.9998919 ]
[0.4067219  0.99423414 0.54488844 0.9856022  0.99985814 0.99992275
 0.999879   0.9991567  0.9996866  0.99363    0.9977471  0.8629275
 0.9998752  0.99986255 0.99793845 0.99970406 0.9999455 ]
[0.4381393  0.9928155  0.5292994  0.9688121  0.99989796 0.99993265
 0.99992335 0.9988883  0.99976474 0.9957302  0.996053   0.8657886
 0.9998815  0.99974793 0.99754506 0.9996202  0.9999354 ]
[0.38065237 0.9913902  0.47684002 0.9748444  0.99989605 0.9999254
 0.9998779  0.9982377  0.9998024  0.9942017  0.99612373 0.79602337
 0.99991894 0.99982065 0.99757165 0.99980444 0.9999465 ]
[0.46353912 0.99172145 0.53084    0.97387594 0.99990284 0.9999175
 0.9998807  0.99864334 0.9998     0.9926059  0.9965481  0.8208873
 0.9998791  0.9998666  0.99844676 0.99976104 0.9999423 ]
[0.40753534 0.99322754 0.61036795 0.9573818  0.9998115  0.99993193
 0.999905   0.999097   0.99976355 0.9938392  0.99718374 0.81602025
 0.99984694 0.9999008  0.99798596 0.9997849  0.9999238 ]
[0.44492674 0.9960349  0.5379611  0.98431987 0.9998311  0.999956
 0.9999311  0.9984907  0.9997044  0.9951585  0.9976179  0.78993046
 0.9999182  0.9999008  0.9983847  0.9997002  0.99993217]
[0.39204782 0.99165404 0.5182969  0.9807345  0.99986637 0.99991
 0.9999286  0.99924386 0.9997491  0.9916313  0.9971554  0.771776
 0.99990916 0.9998282  0.99786794 0.99973315 0.9999387 ]
[0.43511292 0.99517447 0.51038194 0.9739623  0.9999124  0.9999417
 0.9999107  0.99873096 0.9996568  0.99207723 0.99638957 0.83772
 0.99985266 0.9998217  0.9986695  0.9995492  0.9999398 ]
[0.5598565  0.9955949  0.5356543  0.9788607  0.999907   0.9999269
 0.9998939  0.9988728  0.99980384 0.9958152  0.9969214  0.8038373
 0.9998574  0.9997954  0.99808514 0.9997347  0.9999275 ]
[0.51530075 0.9959175  0.5516054  0.9650679  0.99984217 0.9999565
 0.9999311  0.99933976 0.99975735 0.99696344 0.99549156 0.8546038
 0.9998803  0.9998908  0.9977297  0.9998424  0.9999429 ]
[0.4128873  0.9915143  0.5590357  0.9748453  0.99980277 0.9999517
 0.9998857  0.99845886 0.99976856 0.9932634  0.99795073 0.78732175
 0.9998436  0.99981135 0.99776256 0.9997086  0.99990404]
[0.4712288  0.9925322  0.5493066  0.9809215  0.999908   0.99992967
 0.99994314 0.9993285  0.9996753  0.99281824 0.99576306 0.82218623
 0.99990165 0.9998847  0.9982627  0.9997975  0.9999007 ]
[0.40974182 0.99066204 0.5443837  0.96986467 0.99984586 0.9999136
 0.9999405  0.99900323 0.9997222  0.99584854 0.9973896  0.79561174
 0.9998671  0.9999039  0.9980926  0.9997327  0.99989724]
[0.5157149  0.99226815 0.57435364 0.969358   0.99988735 0.9999536
 0.9999372  0.9992481  0.99975485 0.99550843 0.99502337 0.8805239
 0.9999068  0.99986184 0.9978781  0.99968016 0.99991226]
[0.4256917  0.9949057  0.6215065  0.98251384 0.99985063 0.99993896
 0.9999207  0.9992933  0.9998597  0.99190664 0.9969717  0.78984255
 0.9998791  0.9998271  0.9978544  0.9997509  0.99990153]
[0.4952989  0.99552405 0.6362296  0.97217077 0.9998932  0.99995303
 0.9999136  0.9986338  0.9996946  0.98991007 0.99461645 0.81375426
 0.99990225 0.9998673  0.9984456  0.9996903  0.99991405]
[0.46473897 0.9918275  0.53226393 0.98196614 0.99985635 0.99992037
 0.99989414 0.99887437 0.9997563  0.9951934  0.99640083 0.83816546
 0.9998839  0.9997501  0.99823916 0.9998171  0.99990606]
[0.45841482 0.9909286  0.6080131  0.9790015  0.9998642  0.99993694
 0.99991643 0.99897975 0.99976116 0.99524325 0.99757916 0.78546596
 0.9998956  0.9998554  0.998558   0.9997024  0.999926  ]
[0.48332244 0.9920101  0.6290629  0.9872469  0.99985254 0.9999428
 0.9999027  0.9989027  0.9998029  0.99591124 0.99783295 0.7955231
 0.99987257 0.9998505  0.99872655 0.99979705 0.9999033 ]
[0.36743408 0.99234504 0.5878903  0.97324795 0.99985754 0.99995875
 0.9999523  0.9982851  0.99971074 0.9956137  0.99713135 0.7707867
 0.9998729  0.99988997 0.99884737 0.9996828  0.9998604 ]
[0.43561035 0.9959329  0.59555846 0.97646105 0.99989104 0.99994695
 0.99995244 0.99904853 0.9998487  0.99637526 0.9979528  0.86460155
 0.9999107  0.999889   0.99886143 0.99979144 0.9998888 ]
[0.51686877 0.99301004 0.64176995 0.97477865 0.999887   0.9999275
 0.9999194  0.99864966 0.9997211  0.9930791  0.9976763  0.8543009
 0.99986136 0.99985635 0.9986243  0.9997012  0.99993825]
[0.44455972 0.99308336 0.5915509  0.97575617 0.9998     0.9999306
 0.9999033  0.9989164  0.9997938  0.99577373 0.99732697 0.8731739
 0.999884   0.9998185  0.99827635 0.99972016 0.9999138 ]
[0.41593364 0.99598795 0.6265014  0.97696745 0.99987733 0.9999387
 0.99992526 0.99860126 0.99976236 0.99537754 0.9977889  0.8286808
 0.9999013  0.99989486 0.9987419  0.9997205  0.9999529 ]
[0.37423474 0.99331564 0.53895134 0.97370636 0.99989915 0.99992585
 0.99994683 0.9983284  0.99982184 0.9922282  0.99683666 0.8551191
 0.99985874 0.9998229  0.9983217  0.9997142  0.99992144]
[0.47445634 0.9936991  0.5395503  0.9723015  0.99990654 0.9999337
 0.99991715 0.9988319  0.9997929  0.9942812  0.9970759  0.85080844
 0.99982077 0.9997845  0.9988545  0.99976796 0.9999379 ]
[0.3690218  0.9950825  0.46184158 0.9789201  0.9998957  0.9999391
 0.99993205 0.9992084  0.99985254 0.9944931  0.9970196  0.8432752
 0.9998884  0.99986184 0.9988876  0.99971884 0.9999188 ]
[0.4764691  0.9956682  0.45918912 0.9750954  0.99983835 0.99991226
 0.9999405  0.9991341  0.9997613  0.9961837  0.9973902  0.8777989
 0.99990404 0.99989855 0.9986193  0.9997147  0.9999466 ]
[0.40408826 0.9911481  0.5295375  0.97040975 0.9999     0.99995327
 0.99993145 0.9988458  0.9997882  0.99409926 0.99772996 0.86828905
 0.9998878  0.9998197  0.99760926 0.9997905  0.99988616]
[0.41879734 0.9940806  0.58482814 0.96516687 0.99987185 0.9999106
 0.9999137  0.9983966  0.9997236  0.9956891  0.9974502  0.8548722
 0.99988544 0.99987626 0.99878246 0.9997898  0.9999038 ]
[0.5300399  0.995135   0.5606977  0.98605436 0.9998745  0.99994993
 0.99991417 0.9984012  0.9997305  0.9928752  0.99630046 0.844209
 0.99992585 0.9997938  0.99888724 0.9997813  0.99994826]
[0.3737704  0.9904573  0.6132295  0.9739119  0.9999107  0.9999422
 0.9999217  0.99824524 0.9998466  0.99474746 0.99803585 0.8537914
 0.9999304  0.9998553  0.9981805  0.9996244  0.99994254]
[0.39102975 0.9955877  0.73188704 0.9839065  0.9999249  0.99994874
 0.99993455 0.99818736 0.9998734  0.99459547 0.99658257 0.8980735
 0.99988234 0.9998412  0.99820423 0.9996642  0.99989843]
[0.41796252 0.9939746  0.502998   0.9799218  0.9999008  0.99995315
 0.9999349  0.9992335  0.999783   0.9918099  0.9970074  0.85160005
 0.9998462  0.99986625 0.9985251  0.99965215 0.9998758 ]
