Mprobs for dataset sim1 (50)

[0.85810965 0.9775205  0.9967153  0.9711982  0.9897943  0.99956137
 0.9998287  0.9996791  0.9970734  0.99807477 0.8939131  0.99500483
 0.99725515 0.9554321  0.9987207  0.99891233 0.9733156  0.99630827
 0.9995976 ]
[0.8577892  0.9795798  0.9958396  0.9810832  0.9961022  0.9995377
 0.9998117  0.9997185  0.9940386  0.9983491  0.84100956 0.9972568
 0.99614716 0.946917   0.9993856  0.999166   0.95047444 0.998221
 0.99966013]
[0.8401824  0.98593664 0.9950063  0.9642371  0.9944727  0.99968493
 0.99970764 0.9997582  0.99283195 0.9947226  0.82719845 0.9974481
 0.99715984 0.9705034  0.9994242  0.9988549  0.94120306 0.9966397
 0.9996445 ]
[0.9001906  0.98438895 0.99612135 0.97334486 0.9882421  0.9994295
 0.9997454  0.99936026 0.9957749  0.9979063  0.8977345  0.9966239
 0.99763846 0.94843435 0.9983084  0.9992949  0.9363409  0.99693954
 0.99979764]
[0.88293123 0.9748505  0.9927492  0.9465012  0.98668426 0.99943286
 0.99976593 0.99926144 0.9957184  0.99645185 0.82686263 0.99720734
 0.9945964  0.94532764 0.9993598  0.9990797  0.9726044  0.9986022
 0.99957913]
[0.8666995  0.97237056 0.9947917  0.960563   0.9919585  0.9994443
 0.9997743  0.9993643  0.9937312  0.99649495 0.7922721  0.9950689
 0.9971105  0.94118387 0.99859554 0.9991321  0.96042836 0.9966625
 0.99947494]
[0.8390204  0.9798523  0.99687874 0.9627312  0.98591936 0.99943084
 0.9998808  0.99951494 0.99184626 0.99669206 0.7673408  0.9945986
 0.9958389  0.97923225 0.99920195 0.9992606  0.9505075  0.9982917
 0.99960726]
[0.86583626 0.97548836 0.99407095 0.97613436 0.9906707  0.999225
 0.9996885  0.9996314  0.99044156 0.99615115 0.80795395 0.9954277
 0.9972941  0.97259235 0.99894625 0.9990062  0.95299697 0.99784744
 0.9996853 ]
[0.92212653 0.98644805 0.9951616  0.9624311  0.9919817  0.9995148
 0.99981743 0.99941707 0.99264413 0.9980313  0.8753365  0.99643195
 0.9970919  0.9767619  0.999559   0.99903536 0.957593   0.9969522
 0.9995745 ]
[0.840185   0.97268426 0.99509794 0.96224916 0.9944523  0.99955934
 0.99969685 0.9995028  0.99425703 0.9972287  0.8929962  0.9939871
 0.9985983  0.9836948  0.99912983 0.99931085 0.96820205 0.99579203
 0.99971956]
[0.8427772  0.95851886 0.99696213 0.9847179  0.9923348  0.9995714
 0.9999052  0.9996439  0.9930275  0.9975304  0.84921193 0.9929087
 0.9977865  0.9615415  0.9993716  0.9993668  0.9572089  0.99789315
 0.9994542 ]
[0.89308965 0.97087324 0.99654984 0.9728766  0.99202406 0.9995161
 0.9997663  0.99949086 0.9936858  0.99677926 0.8862326  0.99699175
 0.9969476  0.9579154  0.9993229  0.99877256 0.9276348  0.99749506
 0.999506  ]
[0.89701253 0.9842866  0.99559844 0.96707    0.9924913  0.9995029
 0.9998221  0.99962306 0.9972249  0.9979728  0.7941486  0.9917442
 0.9962136  0.9484973  0.999332   0.9990313  0.9410502  0.9952685
 0.9997198 ]
[0.8533205  0.9867992  0.99592763 0.9728767  0.9911109  0.99951756
 0.99983156 0.99936324 0.98868155 0.9981186  0.88685566 0.9963452
 0.9969336  0.9787734  0.99909043 0.9992518  0.93294275 0.99815077
 0.99972254]
[0.91056544 0.97534955 0.9959682  0.9653257  0.98487085 0.9991891
 0.99976736 0.99956375 0.99379736 0.99770653 0.85724825 0.99581933
 0.99706143 0.9680029  0.9992299  0.99814796 0.9493274  0.99741733
 0.99963534]
[0.7994087  0.968268   0.99312323 0.97987443 0.98867595 0.9993106
 0.9997422  0.9994562  0.99217623 0.9957645  0.8114133  0.993519
 0.99567443 0.960738   0.9995546  0.99925977 0.93769354 0.9979494
 0.9996306 ]
[0.86052907 0.9860495  0.9971528  0.9855401  0.9958799  0.99930024
 0.99981195 0.9996019  0.99418986 0.99692744 0.86565197 0.99764377
 0.99757355 0.9800428  0.9995943  0.9992473  0.974732   0.99852437
 0.9996916 ]
[0.8406161  0.97392887 0.9974395  0.95689124 0.9873675  0.9992131
 0.99974245 0.99968135 0.99609    0.99790984 0.85710686 0.99506855
 0.99641466 0.9728352  0.9994117  0.99927825 0.9679005  0.9983557
 0.99947315]
[0.8818149  0.9619392  0.99794513 0.9791134  0.9921334  0.9994293
 0.99981064 0.9993062  0.9971878  0.9975752  0.8686184  0.99680835
 0.9976992  0.96249956 0.99830806 0.99905926 0.9621218  0.99743503
 0.9996791 ]
[0.91105086 0.95517135 0.9955401  0.9749315  0.98906714 0.9989256
 0.9997309  0.9992969  0.9958112  0.9973264  0.7777174  0.99327964
 0.9958478  0.9667864  0.99860376 0.9987853  0.9352579  0.99586284
 0.9993161 ]
[0.9203333  0.97541285 0.99551374 0.9598826  0.9933282  0.9994567
 0.9997341  0.999734   0.9907624  0.9959959  0.839168   0.9927463
 0.9961267  0.9662774  0.9989299  0.999265   0.951515   0.9978855
 0.9995396 ]
[0.83035564 0.98567826 0.9973895  0.9701274  0.9905476  0.99923253
 0.99977094 0.9994247  0.9967733  0.9980287  0.80000466 0.9974892
 0.9965926  0.9442761  0.99936575 0.99885106 0.97220653 0.99774265
 0.9995548 ]
[0.8200552  0.98574936 0.99418455 0.9693971  0.9875825  0.9995067
 0.99975544 0.9994899  0.994862   0.99660635 0.8808614  0.99324304
 0.997247   0.9634154  0.9991667  0.9978892  0.9645523  0.9979679
 0.99939   ]
[0.8546757  0.984769   0.9939359  0.9775415  0.9850884  0.99951017
 0.9997911  0.9993604  0.9942688  0.9975575  0.8504272  0.9938438
 0.9979964  0.95697236 0.9992957  0.9994948  0.9637029  0.9941413
 0.9996561 ]
[0.85282767 0.98754275 0.9952885  0.9774259  0.9959437  0.999514
 0.99974376 0.9994299  0.9953002  0.99776745 0.78101563 0.9973278
 0.99651694 0.96323085 0.9993537  0.9990595  0.94983035 0.9983026
 0.9996778 ]
[0.8480026  0.96717614 0.99630153 0.97883636 0.9928133  0.9993605
 0.9998306  0.9995415  0.99576265 0.99761474 0.82010293 0.99264634
 0.99741423 0.96995306 0.9993005  0.99887997 0.97128063 0.9961189
 0.99957687]
[0.8250756  0.98000973 0.99381727 0.97627616 0.99600863 0.9995685
 0.99975985 0.999283   0.9930855  0.9982153  0.85646516 0.9940864
 0.9970795  0.95524704 0.99926263 0.9993525  0.96596056 0.9980558
 0.99947435]
[0.902182   0.97833735 0.9919065  0.92455393 0.9858052  0.99909365
 0.99976224 0.9992524  0.9928416  0.9981456  0.7603351  0.9969597
 0.9938636  0.9485458  0.9985795  0.99845815 0.92939967 0.99570894
 0.9993855 ]
[0.89501166 0.9713785  0.9966241  0.9777645  0.9886158  0.99934775
 0.999775   0.99973553 0.9955747  0.99797505 0.7672067  0.995861
 0.9981224  0.9804418  0.9988379  0.99922276 0.9551617  0.99604934
 0.9996774 ]
[0.8477822  0.9859826  0.99690694 0.98009056 0.9891874  0.999398
 0.9998166  0.9995302  0.99052536 0.9971738  0.87442726 0.99453676
 0.99755824 0.97015005 0.9995449  0.9988142  0.94727117 0.99822754
 0.999438  ]
[0.8743499  0.98516613 0.9967705  0.97281104 0.97191006 0.9992405
 0.9995999  0.9995546  0.9938153  0.99804413 0.8578039  0.9954091
 0.9944247  0.92415553 0.99943167 0.9989831  0.96669364 0.9955864
 0.9994747 ]
[0.8895437  0.98645914 0.9969785  0.9739775  0.99048424 0.9995297
 0.9998416  0.9996698  0.99652123 0.9977946  0.7713877  0.99357456
 0.99841654 0.97637457 0.9994437  0.99937135 0.9460809  0.9975955
 0.9997595 ]
[0.8783786  0.981591   0.9941924  0.9619114  0.9936417  0.9996055
 0.9998306  0.9994624  0.99494946 0.99607337 0.82103235 0.99170214
 0.997334   0.94157684 0.99880207 0.99908364 0.96582896 0.9974547
 0.9997009 ]
[0.86420894 0.9835293  0.99635726 0.98004454 0.99234205 0.99928373
 0.999813   0.9994863  0.99390185 0.9961392  0.805988   0.996317
 0.9972754  0.9851157  0.99952817 0.9994661  0.952058   0.998061
 0.999652  ]
[0.8524515  0.9734125  0.9964456  0.9617286  0.9940831  0.99962425
 0.9998584  0.99964404 0.99597126 0.99630004 0.7554191  0.9976131
 0.9966757  0.9560313  0.9990946  0.99883026 0.9646307  0.9976533
 0.999696  ]
[0.849047   0.98303264 0.99628973 0.9480968  0.990207   0.99934286
 0.9997118  0.9993642  0.99586594 0.99810946 0.80553424 0.9926984
 0.99704057 0.9624312  0.9992778  0.99901617 0.9683418  0.99699235
 0.9995394 ]
[0.8317727  0.986086   0.9930721  0.96050864 0.9892424  0.99936813
 0.9997081  0.999522   0.98929226 0.9974426  0.8791054  0.9938769
 0.99676216 0.940126   0.99911624 0.9987627  0.9527054  0.9957982
 0.9996061 ]
[0.85351306 0.97365034 0.9912116  0.95790625 0.99264354 0.99947983
 0.999826   0.9994918  0.9958197  0.9974119  0.8370298  0.99195147
 0.9939809  0.95498073 0.99879885 0.998735   0.9434969  0.9977234
 0.9997192 ]
[0.870451   0.95737034 0.9966338  0.96548516 0.9819849  0.9989452
 0.9997056  0.99918884 0.99604565 0.997497   0.8290031  0.9967134
 0.9977665  0.96037495 0.9993911  0.99884903 0.94721305 0.9973917
 0.9997141 ]
[0.9133293  0.98941517 0.99633896 0.9813887  0.9936532  0.9994367
 0.99985266 0.9991868  0.9976229  0.9960278  0.76647973 0.9961099
 0.9975552  0.9422152  0.99914587 0.99897337 0.9521903  0.9976737
 0.99965584]
[0.8994286  0.98780024 0.99623066 0.9720063  0.99438924 0.9995384
 0.9998068  0.99927086 0.99675363 0.9970427  0.86640126 0.9969554
 0.9973369  0.9549458  0.99936026 0.9990132  0.9577159  0.9969406
 0.9996195 ]
[0.9245379  0.97408754 0.9951131  0.97044545 0.9889681  0.9994671
 0.999826   0.99945813 0.99771225 0.9982998  0.87094545 0.99781966
 0.997872   0.976538   0.99886984 0.99935156 0.9712294  0.99399936
 0.9997609 ]
[0.85602593 0.98213196 0.99747354 0.97771627 0.9914484  0.9993093
 0.9996364  0.99934345 0.99291754 0.99865985 0.8313614  0.9945064
 0.9971616  0.9635474  0.9991725  0.9993048  0.9607795  0.9975122
 0.9996215 ]
[0.88900506 0.98747754 0.99801433 0.97323567 0.9907432  0.99959797
 0.9997093  0.99969137 0.995395   0.9983467  0.8637499  0.99659425
 0.9976024  0.9778463  0.9992625  0.9991246  0.9635123  0.99834526
 0.9996561 ]
[0.83120036 0.9605741  0.99633247 0.96917826 0.9936964  0.9997043
 0.9997198  0.99949026 0.9958871  0.99757963 0.90490395 0.9936312
 0.9971022  0.97465396 0.9994624  0.99924785 0.9646307  0.996117
 0.9997662 ]
[0.89986825 0.9748811  0.99407    0.97334504 0.9887862  0.99932504
 0.99971    0.9991906  0.9923827  0.9944441  0.88448536 0.9962083
 0.9986105  0.9606028  0.9991698  0.9989386  0.9678553  0.9966737
 0.9994999 ]
[0.8100102  0.9814212  0.99412787 0.97081304 0.9818565  0.9991436
 0.9997756  0.99958926 0.9937581  0.9950529  0.8341059  0.99169534
 0.997118   0.9703227  0.99885154 0.9988984  0.95249933 0.9979546
 0.9995733 ]
[0.8817439  0.9766827  0.99659234 0.97814995 0.9868825  0.99934405
 0.9995554  0.9992194  0.9921239  0.99852127 0.84974086 0.9963558
 0.9965474  0.9494126  0.9986557  0.9988335  0.9509131  0.99852127
 0.99942917]
[0.85475355 0.97901195 0.9971675  0.97528493 0.9864639  0.99966764
 0.9997402  0.99964154 0.99463356 0.997047   0.8313288  0.9955413
 0.9976146  0.9659788  0.99905056 0.9994808  0.9486299  0.99790937
 0.9995277 ]
[0.86434835 0.9840986  0.9946814  0.9848828  0.9938006  0.99927205
 0.9997316  0.99911386 0.9953241  0.9976337  0.8776     0.3135505
 0.9925736  0.9974189  0.9692779  0.99926406 0.99910825 0.9667906
 0.9981876  0.99956733]
[0.87212294 0.97816795 0.99527574 0.98206574 0.99526346 0.99947935
 0.9997744  0.9995222  0.99555784 0.9966792  0.83318764 0.9953827
 0.9973826  0.95033115 0.999479   0.999361   0.9443111  0.9958852
 0.9996251 ]
[0.8677776  0.9696577  0.99513227 0.9766699  0.99309736 0.9992594
 0.9997818  0.999141   0.9931573  0.9979056  0.88583595 0.99657094
 0.99671113 0.96870494 0.999348   0.99896157 0.93656796 0.9980557
 0.9995652 ]
[0.8180493  0.9867682  0.9949597  0.9666327  0.99279505 0.99953353
 0.99978834 0.9997292  0.99643826 0.9986332  0.85956675 0.9965849
 0.9974171  0.9716015  0.9995796  0.998679   0.9649186  0.9968278
 0.9997055 ]
[0.8931802  0.9817085  0.9972343  0.9765598  0.99107176 0.999556
 0.9998411  0.9993498  0.9904896  0.9986449  0.8499262  0.99737716
 0.99813986 0.9484621  0.9994155  0.9993886  0.9678005  0.99752825
 0.9996344 ]
[0.8997462  0.9744614  0.9973127  0.9638964  0.99529004 0.9995011
 0.9998234  0.9995466  0.99701023 0.9983918  0.89528    0.9951101
 0.99788743 0.9665645  0.99958247 0.9993759  0.96872264 0.998307
 0.99969244]
[0.83490336 0.9753719  0.9957188  0.9702435  0.98764044 0.9993855
 0.9997658  0.9995059  0.993721   0.9974026  0.8611769  0.9962953
 0.9976834  0.98076606 0.99937063 0.9993013  0.95274293 0.9981488
 0.9997334 ]
[0.8819111  0.9784194  0.9962901  0.96657306 0.99470645 0.9993734
 0.99984634 0.99967587 0.994124   0.9980737  0.8744132  0.99657214
 0.9970893  0.9800341  0.9993832  0.9993467  0.97917855 0.9971945
 0.99970216]
[0.8939711  0.97721714 0.99503183 0.97844416 0.9942437  0.99971145
 0.9998555  0.9994941  0.9944371  0.9972543  0.87558055 0.99712163
 0.9966851  0.97502476 0.9985102  0.9989593  0.96987915 0.9978988
 0.9996238 ]
[0.7991178  0.9595183  0.9924517  0.9706133  0.9940096  0.99947613
 0.99972075 0.9994197  0.9939857  0.99838614 0.75898176 0.9972373
 0.997256   0.9798447  0.99914265 0.9989698  0.9694765  0.99692994
 0.99977475]
[0.8932932  0.9655806  0.9900889  0.9842694  0.98802245 0.9996673
 0.9997534  0.9994025  0.9935284  0.9982035  0.8640114  0.99625564
 0.99791807 0.97764415 0.9993199  0.9991602  0.94874406 0.9980439
 0.9996908 ]
[0.75834256 0.98111135 0.99323    0.93773377 0.98138154 0.9994254
 0.9997408  0.9996203  0.9882466  0.99711037 0.8405362  0.994451
 0.9935028  0.9734996  0.99861634 0.99865735 0.9268232  0.99641633
 0.99969006]
[0.9243025  0.98039013 0.9936953  0.9704339  0.9837257  0.9993345
 0.99977773 0.99937373 0.99449795 0.99718094 0.75962776 0.99373746
 0.9965628  0.9540378  0.99868315 0.99889416 0.9511122  0.9971439
 0.9996942 ]
[0.90049744 0.98664397 0.9945016  0.9556561  0.9931092  0.9995297
 0.99979883 0.99959713 0.9964449  0.99634165 0.8144595  0.99515
 0.99424535 0.9614763  0.99922895 0.9991659  0.9649711  0.9973519
 0.99949896]
[0.7948304  0.98533535 0.99628496 0.9646976  0.9921497  0.9994448
 0.999724   0.9997031  0.9964575  0.9971392  0.8070737  0.994743
 0.997131   0.9617609  0.99905235 0.99924916 0.9588201  0.99455243
 0.9996094 ]
[0.8170635  0.98040956 0.99754494 0.9845585  0.9948456  0.9991424
 0.99975544 0.9996439  0.9931259  0.9970272  0.89451855 0.99516934
 0.9982078  0.97438127 0.9992926  0.9986254  0.96148086 0.9965166
 0.99977595]
[0.8785029  0.967401   0.9953564  0.96687025 0.9890941  0.99924374
 0.9997384  0.9996158  0.9812727  0.99777275 0.8290045  0.9957808
 0.99574053 0.95283717 0.99892575 0.9986205  0.9240631  0.9960955
 0.99919826]
[0.8495516  0.98416996 0.9934714  0.97532654 0.9886657  0.9996308
 0.9997663  0.99947196 0.9963148  0.99739    0.8092351  0.99478924
 0.99809426 0.9613066  0.9992823  0.9990601  0.9457706  0.9981274
 0.99957067]
[0.8705528  0.97983164 0.99521    0.98100543 0.9958593  0.9991627
 0.9998739  0.99943787 0.997209   0.9980977  0.81089514 0.9965004
 0.996958   0.96196973 0.999292   0.9993254  0.9559696  0.9976935
 0.9997687 ]
[0.9040267  0.9843156  0.995329   0.981612   0.9853495  0.9996705
 0.9998652  0.99960965 0.9944898  0.9971771  0.796741   0.9963505
 0.99721235 0.9515258  0.9994692  0.9983169  0.9698167  0.99429506
 0.99973184]
[0.89541847 0.9746937  0.9967855  0.96910626 0.99025285 0.9992508
 0.9998597  0.9996747  0.9974371  0.9981811  0.86101806 0.9962443
 0.9982414  0.9569326  0.9993704  0.99925596 0.9671108  0.9969779
 0.99957484]
[0.86377436 0.9878968  0.9964561  0.9648815  0.9936393  0.9991398
 0.9997874  0.9995353  0.994046   0.9971757  0.7798814  0.9966624
 0.99568486 0.97444725 0.9993356  0.998965   0.96808463 0.99760544
 0.99961096]
[0.89422464 0.9820685  0.996318   0.96499914 0.99331266 0.9993381
 0.99970967 0.99956435 0.9923361  0.9969072  0.75789475 0.9943057
 0.99675167 0.9644291  0.99910766 0.99852055 0.93903065 0.9978946
 0.999605  ]
[0.87373817 0.9730963  0.99555224 0.9763498  0.99266195 0.99956006
 0.9997532  0.99955446 0.99278367 0.99696463 0.785851   0.99421567
 0.99773186 0.9751722  0.9990007  0.9991547  0.95562315 0.9965752
 0.99956733]
[0.9017942  0.9824662  0.9971982  0.9739768  0.9916048  0.99972445
 0.99962926 0.9993493  0.9965083  0.99679834 0.8750172  0.99602216
 0.9980667  0.96702576 0.9987674  0.99917656 0.96693414 0.99680316
 0.99971956]
[0.8929438  0.97414285 0.99248004 0.9657995  0.9928006  0.99912125
 0.99984837 0.99964714 0.9919886  0.99726486 0.8066997  0.9951309
 0.99646795 0.9553283  0.9983392  0.9994134  0.9325495  0.9972953
 0.9994467 ]
[0.9121542  0.96158403 0.9956999  0.98137    0.9926998  0.9991916
 0.9997863  0.99969244 0.99755245 0.99670035 0.78032094 0.9970202
 0.9982753  0.9732503  0.9995415  0.99922097 0.9612602  0.9972596
 0.99966156]
[0.9243299  0.98236346 0.99494064 0.9657407  0.98938656 0.99931955
 0.99971634 0.9996555  0.9943439  0.99705803 0.86337423 0.9946631
 0.9980725  0.97729903 0.99885607 0.99904937 0.9507984  0.99703515
 0.99941075]
[0.837465   0.9840598  0.9971072  0.97698647 0.99144346 0.99945647
 0.99976116 0.99948573 0.9896808  0.9982187  0.77030474 0.99496186
 0.99827063 0.9627578  0.9988888  0.9989047  0.97247714 0.9982551
 0.999577  ]
[0.89402366 0.98358846 0.9955556  0.97995865 0.98802626 0.99973994
 0.99961734 0.99963415 0.99475974 0.99777704 0.7688103  0.9952624
 0.9978275  0.96817994 0.99896884 0.9990495  0.9467006  0.9978629
 0.9996953 ]
[0.85289484 0.97097147 0.99453765 0.9682598  0.98699933 0.99940515
 0.99972314 0.9996482  0.994136   0.99785906 0.8898578  0.99796104
 0.99405223 0.9458795  0.99902904 0.9991135  0.97413456 0.9955979
 0.99955446]
[0.82783926 0.98402023 0.9957704  0.95737326 0.9872764  0.999331
 0.9997079  0.99937785 0.9953178  0.9973369  0.73423636 0.9921382
 0.9968401  0.96351916 0.9985815  0.9987783  0.9322561  0.9974131
 0.9996394 ]
[0.8957851  0.97422963 0.99602026 0.97190297 0.992665   0.99932694
 0.99978036 0.9993405  0.99459684 0.997874   0.8904011  0.9960426
 0.9975218  0.97178835 0.99898833 0.99841297 0.94502705 0.99657816
 0.99976104]
[0.8945858  0.9788335  0.99572146 0.97798574 0.99398416 0.99951804
 0.9998222  0.99943286 0.9946402  0.99887604 0.7915082  0.99504846
 0.9983563  0.966937   0.999411   0.9992513  0.9530947  0.99805236
 0.9996749 ]
[0.9224494  0.9777558  0.9965738  0.9795163  0.99059665 0.9995005
 0.9997117  0.99948967 0.996356   0.99712473 0.75374883 0.9949234
 0.9970674  0.9561001  0.9987423  0.9993519  0.95570534 0.99754333
 0.9996928 ]
[0.9125285  0.9765608  0.9953512  0.9754033  0.99244785 0.9996877
 0.99980193 0.9996948  0.99457127 0.99838376 0.8101872  0.99596405
 0.9965515  0.9519138  0.99908113 0.9986822  0.97186434 0.99634933
 0.99966097]
[0.8641323  0.98231184 0.99609584 0.9455493  0.99008584 0.9994666
 0.9997876  0.99962485 0.99618393 0.9980811  0.84668064 0.9941058
 0.99569786 0.9495898  0.9993327  0.9994017  0.95353955 0.99597967
 0.99923646]
[0.90673316 0.9772638  0.99395    0.9752798  0.98794496 0.99955434
 0.9997769  0.99947304 0.99606967 0.9958261  0.8878815  0.9932191
 0.9960814  0.9706252  0.99899596 0.9991774  0.9608744  0.9970884
 0.9997843 ]
[0.82979846 0.9796622  0.99586123 0.97889143 0.98519325 0.9997428
 0.9998275  0.99958116 0.996765   0.9969254  0.8774478  0.9967269
 0.99761814 0.97391653 0.99812144 0.9988318  0.96929866 0.9973986
 0.99973494]
[0.86254436 0.9784273  0.99459994 0.9804175  0.9922787  0.9992855
 0.9997657  0.99956506 0.9941433  0.9973693  0.77065057 0.9979036
 0.9977822  0.97591895 0.99869955 0.99940836 0.95389813 0.997875
 0.99943894]
[0.88307697 0.9668035  0.9964091  0.96695405 0.9922084  0.99911374
 0.9996847  0.9995426  0.9926206  0.99703443 0.86490804 0.9922903
 0.9969056  0.97016746 0.9992067  0.9988674  0.9494791  0.9959566
 0.9996928 ]
[0.8404455  0.97410446 0.9955563  0.9855855  0.99387854 0.99937207
 0.9998374  0.9996673  0.9955315  0.9972589  0.7951458  0.99122626
 0.9973974  0.9553429  0.9987986  0.9990119  0.93864834 0.9966698
 0.99961203]
[0.92435086 0.96734303 0.99266934 0.9780057  0.9928377  0.9997485
 0.9995721  0.99898976 0.994836   0.9979784  0.888983   0.9949662
 0.996931   0.96791124 0.99917066 0.9993229  0.9549289  0.99794585
 0.99974734]
[0.845194   0.987329   0.99592376 0.98754287 0.9900984  0.99948335
 0.9996947  0.99963534 0.9941036  0.99719477 0.8252565  0.99692565
 0.9975273  0.97297204 0.9992762  0.9992687  0.94602734 0.99671066
 0.99951625]
[0.9262534  0.96554905 0.99670106 0.96173304 0.9917577  0.99964654
 0.9998325  0.99893576 0.99195826 0.9978709  0.76516676 0.9967854
 0.99480516 0.9572704  0.998825   0.99901724 0.95339173 0.9962604
 0.9993672 ]
[0.88129663 0.97462916 0.9976578  0.9483545  0.9933674  0.99953365
 0.9997743  0.9994153  0.9938205  0.9962681  0.78647244 0.9965313
 0.9973194  0.9619824  0.9988023  0.99863905 0.9643882  0.9979054
 0.9995578 ]
[0.86673766 0.97849876 0.99393433 0.9842924  0.9937356  0.9995353
 0.99989724 0.9995278  0.9966319  0.99808466 0.8065877  0.9958097
 0.99487793 0.98067445 0.99914503 0.9988238  0.9544082  0.9984547
 0.9995796 ]
[0.9027282  0.98184437 0.99683976 0.9842375  0.99377394 0.99972755
 0.9998349  0.99945563 0.99440974 0.99838305 0.89437294 0.99750453
 0.99878865 0.9755671  0.99948645 0.99943787 0.9598511  0.9973093
 0.99967945]
[0.8167595  0.9661763  0.99623704 0.9583793  0.9935095  0.99941766
 0.99976593 0.9992888  0.9969983  0.99730706 0.86736304 0.9959686
 0.99675864 0.9777564  0.9989543  0.99842584 0.93677723 0.9960587
 0.9996624 ]
[0.90215695 0.97881114 0.99687624 0.96905196 0.99221206 0.99940526
 0.99988616 0.99957114 0.9955745  0.99715877 0.84378    0.99607277
 0.9972741  0.9511746  0.99919266 0.9987947  0.9734057  0.9969606
 0.99957556]
[0.8236247  0.9820561  0.99699235 0.97819203 0.9875658  0.9992198
 0.9997235  0.9997174  0.98721826 0.996599   0.7780684  0.99314064
 0.99652404 0.97746223 0.9994221  0.9992951  0.9549439  0.9956643
 0.99956864]
