Mprobs for dataset sim1 (0.01)

[0.99991417 0.99993825 0.99993813 0.9994729  0.9999013  0.99991655
 0.9998963  0.99973863 0.9998078  0.9999397 ]
[0.9999248  0.9999312  0.99995685 0.9995503  0.9998419  0.9999316
 0.99991035 0.99983525 0.9998061  0.9999585 ]
[0.99985814 0.9999521  0.9999254  0.99961203 0.99986684 0.99992716
 0.9999318  0.99967766 0.99988806 0.99992883]
[0.9998938  0.99992585 0.99995077 0.9996669  0.9998448  0.9999392
 0.99992156 0.99981374 0.9998228  0.9999074 ]
[0.99988914 0.9999424  0.9999393  0.99930346 0.9999125  0.99989045
 0.99985886 0.9998204  0.99989545 0.99993706]
[0.9998534  0.99996364 0.99993396 0.99943703 0.99985003 0.9999044
 0.99987566 0.9997161  0.99988437 0.9999248 ]
[0.9998621  0.9999298  0.99993193 0.9996494  0.9998323  0.9998889
 0.9998646  0.9996729  0.9998828  0.99995327]
[0.99993205 0.99996245 0.9999316  0.99964035 0.9998247  0.9999459
 0.9998852  0.9997578  0.99990237 0.99995244]
[0.9998809  0.9999372  0.99990857 0.99934846 0.99990964 0.99991226
 0.99990785 0.9997563  0.9998292  0.9999169 ]
[0.99993575 0.99996877 0.99995494 0.99958044 0.99985456 0.99994016
 0.99992335 0.99979407 0.99983716 0.999915  ]
[0.9998969  0.99993694 0.9999163  0.99940383 0.9998609  0.9999367
 0.99987864 0.99967897 0.999889   0.999905  ]
[0.9998659  0.99995875 0.9999461  0.999281   0.9998524  0.99989986
 0.9998648  0.99975353 0.9999114  0.9999491 ]
[0.99993455 0.9999355  0.9999089  0.99945265 0.9999081  0.9998982
 0.99990046 0.999835   0.9998041  0.9999528 ]
[0.99990463 0.9999269  0.9999101  0.99945444 0.99986863 0.99992466
 0.9998783  0.9997311  0.9998085  0.9999566 ]
[0.9998865  0.99993765 0.9999112  0.99961334 0.99988234 0.99992573
 0.99992037 0.99975973 0.9998216  0.99995947]
[0.9999218  0.9999428  0.9999615  0.9996469  0.999897   0.99992037
 0.99991524 0.999686   0.9998697  0.9999368 ]
[0.99989367 0.99996126 0.9999242  0.9993032  0.9998379  0.99988294
 0.99990785 0.99974614 0.9997956  0.9999323 ]
[0.99988127 0.9999316  0.9999324  0.9992804  0.99984336 0.9998919
 0.9999238  0.9998292  0.99981385 0.99990606]
[0.99987566 0.99994755 0.999949   0.9996418  0.99981755 0.9999361
 0.99985504 0.9998342  0.9998623  0.99990773]
[0.99989426 0.99994206 0.9999622  0.9993592  0.99987376 0.9998876
 0.9999     0.9998079  0.9998467  0.999962  ]
[0.9999026  0.9999615  0.9999323  0.9995414  0.9998419  0.9999168
 0.99991417 0.99968314 0.9998604  0.99994826]
[0.9998493  0.9999436  0.9999331  0.9995073  0.99983966 0.9999335
 0.99990296 0.9996896  0.9999089  0.99991417]
[0.9999348  0.99993896 0.99991465 0.999438   0.99986696 0.9999442
 0.99986446 0.9997098  0.99980384 0.9999573 ]
[0.99987376 0.99994755 0.99991417 0.999589   0.9998702  0.99991786
 0.999874   0.999846   0.9998355  0.99993527]
[0.99993575 0.9999553  0.99990594 0.9995109  0.99986625 0.99992704
 0.9998586  0.99977845 0.99983    0.9999591 ]
[0.99984837 0.9999355  0.99993765 0.9996486  0.9998287  0.9998852
 0.9999261  0.99972767 0.999811   0.9999577 ]
[0.99993193 0.999938   0.9999603  0.99930096 0.99987555 0.99988985
 0.99985754 0.9997861  0.99989796 0.9999461 ]
[0.9999039  0.9999504  0.9999529  0.999388   0.99985254 0.9999325
 0.9998702  0.99970716 0.99982834 0.99991786]
[0.99985397 0.99993634 0.9999237  0.99931586 0.99990475 0.9999143
 0.9999286  0.99973994 0.9998435  0.9999187 ]
[0.99988663 0.9999528  0.99991965 0.9996123  0.99985456 0.99992573
 0.9998597  0.9998029  0.99984634 0.99995494]
[0.9999294  0.9999683  0.9999614  0.99931383 0.9998307  0.9998771
 0.9998789  0.99971706 0.99987483 0.9999604 ]
[0.9999126  0.9999552  0.99993503 0.9995933  0.99982435 0.9998969
 0.99990654 0.99979776 0.9998492  0.999913  ]
[0.99985814 0.99994826 0.9999316  0.9995246  0.9999037  0.99992895
 0.9998714  0.9998141  0.9997962  0.99992263]
[0.999895   0.9999683  0.9999248  0.99966085 0.9998852  0.999899
 0.99991965 0.99976534 0.9998344  0.99995553]
[0.9999341  0.999961   0.9999505  0.9996239  0.99988854 0.99993443
 0.9999057  0.9996916  0.99989414 0.9999558 ]
[0.9998487  0.9999379  0.99993217 0.99944645 0.9998622  0.9999355
 0.99993074 0.99978787 0.99985385 0.99991465]
[0.9999027  0.99994886 0.9999069  0.9995659  0.9998093  0.9998914
 0.9999176  0.99978775 0.9998964  0.9999249 ]
[0.9998721  0.9999678  0.99991393 0.9992638  0.9998481  0.99994016
 0.99990904 0.9998134  0.9997868  0.99993634]
[0.9998772  0.9999634  0.99995196 0.9995111  0.99985254 0.99994874
 0.9999274  0.99982363 0.9998185  0.9999093 ]
[0.99988496 0.9999529  0.9999219  0.99967766 0.9999136  0.9998988
 0.9998801  0.99975294 0.999907   0.9999263 ]
[0.9998597  0.9999684  0.99991953 0.99959165 0.99981195 0.99991596
 0.9998565  0.9996499  0.999897   0.99995613]
[0.9998733  0.9999366  0.99993694 0.99946266 0.9998362  0.9999211
 0.9998605  0.99982774 0.9998685  0.99992836]
[0.99986696 0.99994683 0.99994814 0.9996001  0.9998511  0.99993455
 0.9998878  0.9996592  0.9998035  0.99993384]
[0.99992    0.99994195 0.99995303 0.9994124  0.9998901  0.99988127
 0.99985576 0.99972194 0.99982184 0.9999237 ]
[0.99990594 0.99996185 0.999946   0.9992878  0.9998722  0.9998908
 0.9998921  0.9997955  0.9998708  0.99994576]
[0.99992    0.9999522  0.9999417  0.99949193 0.9998505  0.99990153
 0.9999218  0.9997875  0.99986494 0.99991333]
[0.999925   0.999941   0.99992466 0.99968064 0.99987316 0.9999323
 0.99985194 0.9997174  0.99979573 0.99993205]
[0.99986386 0.999966   0.99995923 0.9995882  0.99983287 0.99990404
 0.9998685  0.99980813 0.99988353 0.9999434 ]
[0.9998696  0.9999435  0.99996054 0.9994698  0.99985945 0.9998989
 0.9999342  0.9998474  0.9998678  0.9999238 ]
[0.9999273  0.99994075 0.99991775 0.9994758  0.99988174 0.99988186
 0.99986815 0.999814   0.999858   0.9999342 ]
[0.99989915 0.9999293  0.9999553  0.9996006  0.9998828  0.99988675
 0.9999151  0.9997322  0.9998796  0.9999069 ]
[0.99989116 0.9999397  0.99995816 0.9993352  0.99989295 0.99994516
 0.99987566 0.9996716  0.9998692  0.9999329 ]
[0.999933   0.99993646 0.99996185 0.9994646  0.9998698  0.99993134
 0.99989486 0.9996877  0.9998652  0.99995494]
[0.9999138  0.99996734 0.99994636 0.99941516 0.9998178  0.99991727
 0.9998834  0.9998104  0.9998863  0.99990773]
[0.9999281  0.99995446 0.99994576 0.9996754  0.9998814  0.99988425
 0.9999256  0.99982846 0.99984944 0.9999441 ]
[0.9999     0.9999676  0.99992    0.99940157 0.9998857  0.99991655
 0.9998597  0.999775   0.99986815 0.9999224 ]
[0.9999082  0.99993956 0.9999155  0.9996278  0.9998086  0.99988556
 0.9999057  0.99979454 0.9998921  0.9999583 ]
[0.9998932  0.9999683  0.9999621  0.9996524  0.9999076  0.99988353
 0.99991655 0.99980336 0.99982435 0.9999418 ]
[0.99990857 0.9999647  0.99993956 0.9994887  0.999848   0.99994826
 0.99986136 0.9997359  0.9998229  0.99991643]
[0.9998872  0.99993134 0.99992144 0.99964535 0.99990785 0.9999397
 0.9998833  0.9997389  0.9998215  0.9999237 ]
[0.99989796 0.9999502  0.9999113  0.9995053  0.99981374 0.99988186
 0.9998826  0.99975544 0.9999037  0.999913  ]
[0.9999286  0.99996734 0.9999578  0.9995778  0.9998971  0.99989665
 0.99993324 0.99968755 0.9998425  0.99996185]
[0.9998987  0.99992883 0.99991953 0.9994493  0.99989223 0.99990714
 0.9999182  0.9998229  0.9998746  0.99990666]
[0.9999269  0.99994266 0.9999232  0.99930775 0.99991584 0.9999231
 0.99993265 0.9998393  0.99987805 0.9999397 ]
[0.99985516 0.9999399  0.99995804 0.999605   0.9998202  0.99994767
 0.9998821  0.9998135  0.9998286  0.9999329 ]
[0.9999083  0.9999263  0.99994254 0.9995566  0.999908   0.9998766
 0.99989307 0.99973124 0.99989426 0.99993956]
[0.9999231  0.99993515 0.99993515 0.999464   0.9999057  0.99994516
 0.9999089  0.99972636 0.9998889  0.99993813]
[0.9998697  0.9999585  0.999925   0.99964356 0.99991393 0.99993515
 0.9998988  0.99982256 0.9998491  0.9999598 ]
[0.99993026 0.9999298  0.99992883 0.9995766  0.99988246 0.99992275
 0.999874   0.9998282  0.99978656 0.9999088 ]
[0.99988484 0.9999399  0.99991715 0.99967194 0.9998493  0.9999285
 0.9998723  0.9997987  0.9998129  0.9999275 ]
[0.99985623 0.99995685 0.9999547  0.99950993 0.9999161  0.99992836
 0.9999155  0.99982303 0.9998153  0.999926  ]
[0.9999225 0.9999267 0.9999387 0.9994973 0.9999219 0.9999243 0.9999124
 0.999653  0.9998821 0.9999523]
[0.99989307 0.9999652  0.9999324  0.9995435  0.9998921  0.9999175
 0.99992573 0.9997341  0.9998969  0.9999409 ]
[0.9998969  0.99995303 0.99995244 0.9996855  0.99986875 0.9999143
 0.999882   0.99967754 0.9998783  0.99991596]
[0.99988616 0.99993324 0.9999186  0.99935955 0.9999168  0.99993277
 0.99986136 0.9997404  0.99989974 0.99992967]
[0.9998809  0.99995184 0.9999453  0.9995253  0.99992    0.9999212
 0.9998499  0.9996543  0.99990046 0.9999571 ]
[0.9999094  0.99993527 0.99991035 0.99958557 0.999833   0.99992216
 0.9998535  0.9997551  0.9998394  0.9999163 ]
[0.99989593 0.9999398  0.9999291  0.9993703  0.9998764  0.99993277
 0.9998512  0.99972564 0.9998276  0.9999323 ]
[0.99989045 0.99994516 0.99994934 0.99960846 0.9998338  0.9998994
 0.9998609  0.99966574 0.9998716  0.9999217 ]
[0.99985564 0.9999677  0.99995744 0.9996475  0.999882   0.9998903
 0.999881   0.9998271  0.9997904  0.99990535]
[0.9999275  0.9999685  0.9999566  0.9996667  0.9999068  0.99994564
 0.9999144  0.9997603  0.99987984 0.99990594]
[0.9998919  0.9999609  0.999944   0.9994155  0.99981815 0.99992716
 0.99986374 0.99982125 0.99980634 0.99992037]
[0.9998524  0.99995387 0.99994564 0.9995098  0.9998196  0.99989176
 0.99988127 0.9998423  0.9999033  0.9999094 ]
[0.9998565  0.999956   0.9999212  0.99931073 0.9998241  0.99989307
 0.9999168  0.9997918  0.9998702  0.9999373 ]
[0.9999168  0.9999535  0.99992776 0.9994634  0.9998222  0.99994504
 0.9999248  0.9998362  0.9998783  0.9999269 ]
[0.9999075  0.99993026 0.9999541  0.9996371  0.9998789  0.99992263
 0.99990046 0.99980694 0.99989414 0.9999182 ]
[0.9998833  0.9999552  0.9999558  0.9996326  0.9998547  0.9999045
 0.99987566 0.9998313  0.9998049  0.9999137 ]
[0.9999027  0.9999628  0.9999589  0.9993799  0.99985075 0.9999324
 0.99991083 0.99973506 0.99984825 0.9999547 ]
[0.99991477 0.9999316  0.9999621  0.99957305 0.9998679  0.9999249
 0.9999126  0.999754   0.9998528  0.9999244 ]
[0.9998952  0.99996924 0.99993587 0.99968505 0.99981827 0.999938
 0.99987435 0.9996631  0.9997981  0.99995244]
[0.9999366  0.99994826 0.9999459  0.99962175 0.9998455  0.99993193
 0.9998747  0.999653   0.99989235 0.999956  ]
[0.9998658  0.9999418  0.999962   0.9995995  0.99991834 0.9998772
 0.9998492  0.99973375 0.99988616 0.9999367 ]
[0.99987614 0.9999367  0.99995244 0.99959236 0.9999069  0.9998894
 0.99992037 0.9997881  0.9998354  0.9999201 ]
[0.99989355 0.99993503 0.9999275  0.9996345  0.999841   0.9998934
 0.9999231  0.99980885 0.9998903  0.9999546 ]
[0.9998884  0.9999677  0.9999342  0.99936324 0.9999094  0.99989116
 0.999907   0.9997849  0.99986804 0.99996185]
[0.9999274  0.99996233 0.99992704 0.99944156 0.9998312  0.9999261
 0.99986506 0.9996722  0.999892   0.99992454]
[0.9999362  0.99993646 0.99995077 0.9994529  0.99989057 0.9999317
 0.9998667  0.9997594  0.99987197 0.9999366 ]
[0.99988437 0.9999496  0.99996185 0.99939525 0.999838   0.999943
 0.99987173 0.9998136  0.9998734  0.999962  ]
[0.9999343  0.99993265 0.9999174  0.9996124  0.9998381  0.99988794
 0.99986875 0.9996662  0.99987745 0.9999132 ]
[0.99993014 0.9999634  0.99993885 0.9993507  0.9999145  0.9999356
 0.9998491  0.99975556 0.99990225 0.99995136]
