Mprobs for dataset sim1 (0.1)

[0.99992895 0.9999442  0.99994123 0.9993106  0.99986005 0.9999044
 0.99990225 0.99982184 0.9998939  0.999944  ]
[0.99988365 0.9999409  0.9999348  0.9996165  0.99982977 0.9999385
 0.9999182  0.9998271  0.9997938  0.99996054]
[0.99991846 0.9999411  0.99991465 0.9994475  0.9998417  0.9999136
 0.99988246 0.9997758  0.999835   0.9999567 ]
[0.99992156 0.9999486  0.99992764 0.99952877 0.9998983  0.9999397
 0.99987364 0.9997253  0.9999031  0.99995506]
[0.99989045 0.9999614  0.9999361  0.99936134 0.9998555  0.9999434
 0.9999286  0.99977785 0.9997904  0.9999608 ]
[0.9999162  0.999936   0.9999541  0.99945337 0.99989295 0.9998982
 0.99992704 0.99981266 0.9998325  0.99993014]
[0.9998988  0.99994993 0.9999299  0.9992888  0.99991417 0.9998988
 0.9999169  0.99981064 0.99985576 0.9999397 ]
[0.9998609  0.99996674 0.99993765 0.99961936 0.9998386  0.99987996
 0.999848   0.9997452  0.99984825 0.9999391 ]
[0.9998466  0.99993086 0.99995816 0.9994653  0.99991477 0.9999355
 0.999861   0.9998221  0.99991274 0.9999101 ]
[0.9999213  0.99995697 0.999954   0.9996158  0.9999     0.9999144
 0.9998522  0.99967384 0.9998387  0.9999076 ]
[0.9998808  0.99993646 0.999944   0.9995578  0.99981207 0.9998945
 0.99988306 0.9998417  0.99989986 0.999946  ]
[0.99992895 0.9999447  0.9999337  0.99964285 0.9998344  0.99993277
 0.99992275 0.99976104 0.9998392  0.9999454 ]
[0.999928   0.9999286  0.9999213  0.99941397 0.9998703  0.9998963
 0.99992096 0.9998098  0.9997998  0.9999498 ]
[0.99986184 0.99993885 0.9999082  0.9996749  0.9998952  0.9999454
 0.9998499  0.9998418  0.99986804 0.9999262 ]
[0.9999349  0.999928   0.9999447  0.99966025 0.99991727 0.999941
 0.9999367  0.9998357  0.9997979  0.99995804]
[0.9999207  0.9999578  0.99994993 0.99946576 0.9998167  0.99990404
 0.99985087 0.99981374 0.9998524  0.99992764]
[0.9998493  0.99993026 0.99994826 0.99929094 0.99990845 0.99989176
 0.999925   0.99971336 0.99989676 0.999941  ]
[0.9998555  0.9999578  0.99995446 0.9993161  0.99983037 0.999923
 0.99992275 0.99967754 0.9998493  0.9999616 ]
[0.9998852  0.9999573  0.99996114 0.99947554 0.9998317  0.9999218
 0.99986446 0.99984014 0.9998191  0.9999194 ]
[0.999915   0.9999511  0.9999604  0.9996201  0.9999     0.99989164
 0.99989223 0.9998273  0.9998665  0.9999554 ]
[0.9998535  0.99996376 0.99993134 0.99952674 0.99986565 0.99992585
 0.9999006  0.999848   0.99981004 0.99995184]
[0.99989223 0.9999511  0.99992335 0.99964833 0.9998971  0.9999374
 0.9998801  0.9998246  0.99981767 0.9999454 ]
[0.99990845 0.99995494 0.999908   0.9995659  0.9998412  0.9999174
 0.9998747  0.99964213 0.9998779  0.9999105 ]
[0.99988663 0.9999473  0.9999213  0.99965453 0.999915   0.99993753
 0.9999342  0.99979573 0.99988055 0.99994636]
[0.99987745 0.9999672  0.9999124  0.99966276 0.99987817 0.9999087
 0.9998878  0.9996929  0.99986863 0.99995196]
[0.99987006 0.9999392  0.9999609  0.99958247 0.9998764  0.9999367
 0.99992096 0.9996605  0.9998685  0.9999423 ]
[0.9998591  0.99993324 0.9999397  0.9995408  0.9998963  0.99989796
 0.9998939  0.9997942  0.9998235  0.99994993]
[0.999889   0.99993396 0.9999503  0.99962926 0.9998715  0.9999385
 0.99989915 0.99977654 0.9998741  0.99990916]
[0.9998561  0.9999311  0.99993324 0.9996252  0.99984753 0.9999391
 0.9998828  0.9997471  0.9997931  0.9999416 ]
[0.99992156 0.9999509  0.9999087  0.9993131  0.99987936 0.9999268
 0.9998946  0.999767   0.9998111  0.99992514]
[0.999874   0.99996376 0.99995935 0.9995166  0.99989307 0.99991155
 0.99985826 0.9997849  0.9998367  0.9999461 ]
[0.99991393 0.99995387 0.99993765 0.9996346  0.9998747  0.9999069
 0.9999325  0.99984336 0.9998909  0.99994576]
[0.9999008  0.9999323  0.9999229  0.9995561  0.9999076  0.9998869
 0.99993753 0.9998024  0.99984705 0.99991417]
[0.99989724 0.99996233 0.99994063 0.9995059  0.9998573  0.9999317
 0.99986637 0.99981576 0.99982136 0.99993694]
[0.99993277 0.9999666  0.99994266 0.9996635  0.9999198  0.9999194
 0.99991906 0.99976045 0.9998454  0.9999186 ]
[0.999908   0.99995136 0.9999474  0.9995265  0.99990165 0.99991703
 0.99991584 0.9997751  0.99983466 0.99993336]
[0.9999279  0.9999442  0.99993014 0.99961036 0.9998733  0.9999181
 0.9999318  0.9997327  0.9998454  0.99993896]
[0.99988437 0.9999249  0.9999614  0.9995696  0.99985325 0.9999285
 0.99984896 0.9996537  0.99982625 0.99995065]
[0.99989414 0.99995387 0.9999567  0.9993831  0.99991107 0.99989545
 0.9998789  0.9997625  0.999843   0.99991786]
[0.99984956 0.9999677  0.9999546  0.99953496 0.99987936 0.9999188
 0.9998512  0.99969923 0.9998313  0.99995506]
[0.9999169  0.9999653  0.9999598  0.9993857  0.99988365 0.99989283
 0.9998709  0.99982625 0.99987984 0.999959  ]
[0.999918   0.999951   0.99995804 0.9993298  0.99988484 0.9999049
 0.9998833  0.9997465  0.9998319  0.9999503 ]
[0.99990976 0.99995625 0.9999075  0.99927205 0.99983764 0.9998971
 0.9998411  0.99982506 0.99991035 0.99994385]
[0.99988234 0.9999629  0.99991715 0.99944264 0.99988425 0.99993265
 0.9999064  0.9997944  0.999806   0.9999608 ]
[0.9998498  0.99996436 0.9999125  0.9995989  0.9998437  0.999884
 0.9999298  0.99982625 0.9998733  0.99990606]
[0.99990726 0.99995875 0.9999417  0.99938977 0.9998319  0.99992037
 0.9999323  0.99983156 0.9998636  0.99995244]
[0.9998617  0.99993825 0.9999447  0.9996959  0.99982625 0.9999461
 0.99988997 0.9997967  0.99983764 0.9999149 ]
[0.9999343  0.99995935 0.99996054 0.9996743  0.99989116 0.99989486
 0.9998783  0.99975616 0.99978524 0.9999424 ]
[0.9999144  0.9999578  0.9999597  0.9994535  0.9999087  0.99992394
 0.9999337  0.99975854 0.9998958  0.99996126]
[0.99992967 0.9999566  0.9999479  0.99940324 0.99985564 0.99989665
 0.9999031  0.99967885 0.99986327 0.99992514]
[0.9998914  0.999959   0.99995553 0.9996377  0.9998863  0.99993455
 0.99984527 0.9996867  0.9998399  0.9999161 ]
[0.99988973 0.99996483 0.9999436  0.99932766 0.9998996  0.9999114
 0.9999225  0.9997315  0.99989283 0.99996006]
[0.9998807  0.99996555 0.9999428  0.99959    0.9999025  0.9999286
 0.9999124  0.99964917 0.99989295 0.9999589 ]
[0.99988055 0.99992883 0.9999201  0.99960834 0.99984777 0.99993885
 0.99992824 0.9998041  0.99984956 0.9999615 ]
[0.9999217  0.9999672  0.9999546  0.99966204 0.9998654  0.9999027
 0.9999138  0.99977547 0.99988425 0.9999534 ]
[0.999923   0.9999609  0.9999486  0.9994017  0.99985886 0.9999039
 0.9998791  0.999818   0.9998847  0.99995697]
[0.9998945  0.99995816 0.9999069  0.9994764  0.9998796  0.9999473
 0.9999244  0.9997124  0.99989593 0.9999374 ]
[0.9998883 0.9999646 0.9999554 0.9996043 0.9998473 0.999881  0.9998653
 0.9997124 0.9998512 0.9999263]
[0.9999275  0.99995863 0.99990964 0.99944335 0.99991226 0.99994624
 0.9999354  0.9997794  0.9999075  0.9999138 ]
[0.99991345 0.99995446 0.99992585 0.9995926  0.9998357  0.9999219
 0.99988794 0.99972993 0.9999012  0.9999558 ]
[0.9999068  0.9999325  0.99994123 0.99935895 0.9998745  0.99989784
 0.9999193  0.99979764 0.9998673  0.9999281 ]
[0.9998859  0.9999546  0.99994934 0.9992884  0.9998826  0.999946
 0.9999193  0.99969494 0.99988496 0.99995196]
[0.99984765 0.99996686 0.9999466  0.99938476 0.9999114  0.99994874
 0.9998672  0.9997471  0.99990535 0.9999484 ]
[0.99986076 0.9999589  0.999943   0.9995946  0.99989855 0.9999323
 0.99992466 0.99983335 0.9998939  0.99993277]
[0.99992406 0.9999366  0.9999597  0.9995981  0.9998061  0.99988234
 0.9999126  0.9998258  0.99989045 0.99993014]
[0.99991345 0.999967   0.9999447  0.9995338  0.9998754  0.9999058
 0.9999268  0.9997019  0.9999063  0.9999373 ]
[0.9999087  0.9999672  0.999948   0.99958736 0.9999018  0.99991906
 0.9998578  0.99968827 0.9998338  0.9999566 ]
[0.999887   0.9999472  0.99995375 0.9993943  0.9998522  0.9999453
 0.99985373 0.9997248  0.9998884  0.99995136]
[0.99990046 0.99996567 0.9999449  0.9994929  0.99985814 0.99994636
 0.99986553 0.9998165  0.9998317  0.9999132 ]
[0.99986494 0.9999646  0.9999584  0.99961275 0.9998142  0.9999393
 0.9998642  0.9996834  0.9997961  0.99995434]
[0.99990654 0.99992704 0.9999583  0.99933594 0.99983096 0.99988127
 0.99989986 0.9997578  0.9998969  0.9999312 ]
[0.9998957  0.9999584  0.99995124 0.99940574 0.9998746  0.99993694
 0.9998503  0.9997776  0.99988544 0.9999373 ]
[0.99988866 0.99994624 0.9999467  0.9994802  0.9998838  0.9999136
 0.9999089  0.99975234 0.99989414 0.99992883]
[0.9998764  0.99992776 0.9999448  0.9992787  0.9998085  0.9999076
 0.99986064 0.9997595  0.99981385 0.9999589 ]
[0.9998921  0.9999658  0.99991965 0.99955815 0.99987197 0.9999218
 0.9999207  0.9997392  0.9999044  0.99994946]
[0.99993    0.99992824 0.9999589  0.99965584 0.99985015 0.9999274
 0.99989676 0.99971086 0.9998103  0.99994826]
[0.99992526 0.99994695 0.9999249  0.99960715 0.99988353 0.99991035
 0.9998981  0.999734   0.99983025 0.999925  ]
[0.9998491  0.9999269  0.99996066 0.99952924 0.9998956  0.999915
 0.99988866 0.99979264 0.99989796 0.9999472 ]
[0.9998666  0.99996614 0.99995697 0.9995578  0.9998585  0.9999474
 0.99993265 0.99984026 0.9998147  0.99994576]
[0.9998878  0.99993825 0.9999467  0.9995474  0.9999088  0.99994147
 0.9999168  0.99967754 0.9998616  0.9999515 ]
[0.99990845 0.9999262  0.99995375 0.9995602  0.9999038  0.99993515
 0.9998884  0.99981576 0.99987125 0.9999522 ]
[0.9999361  0.9999552  0.9999604  0.9996419  0.9999174  0.99991405
 0.9998827  0.9997422  0.99990773 0.99995863]
[0.999882   0.99995065 0.9999063  0.99950624 0.9999163  0.9998871
 0.9998772  0.99971527 0.9998467  0.999961  ]
[0.9999236  0.9999639  0.99995077 0.9994837  0.9999031  0.99989486
 0.9998771  0.9996507  0.999845   0.99995744]
[0.9998975  0.9999566  0.9999449  0.9995871  0.9998703  0.9998896
 0.9999335  0.99983144 0.9999049  0.9999294 ]
[0.9998857  0.99993634 0.99992776 0.99963236 0.99981135 0.9998752
 0.999895   0.99973065 0.99990284 0.9999474 ]
[0.9998746  0.9999604  0.9999504  0.9995111  0.9998425  0.99989927
 0.9999347  0.99975914 0.99986756 0.9999186 ]
[0.9999025  0.99994874 0.99994326 0.9993026  0.99981314 0.9999012
 0.99985754 0.99982435 0.9998135  0.999938  ]
[0.9998491  0.99994373 0.9999583  0.99947363 0.99990225 0.99990964
 0.99993455 0.99979645 0.9998084  0.99993193]
[0.99991596 0.9999299  0.9999571  0.999508   0.999913   0.99988985
 0.99991095 0.9997023  0.99983335 0.9999323 ]
[0.9999243  0.99996567 0.99991953 0.9996246  0.9998118  0.99990416
 0.999907   0.99967706 0.9998011  0.99993575]
[0.99988925 0.99994075 0.9999578  0.9995975  0.99983346 0.99992335
 0.9999007  0.9997439  0.9998393  0.9999546 ]
[0.9999144  0.99992466 0.9999616  0.9994672  0.9998253  0.99992454
 0.99986684 0.9996946  0.999863   0.99996114]
[0.9999068  0.9999263  0.9999616  0.99959725 0.9999093  0.99994683
 0.99992955 0.9997248  0.9998516  0.99994564]
[0.99990904 0.9999348  0.9999591  0.9994111  0.99986947 0.9999298
 0.99990714 0.9998425  0.99987185 0.99991846]
[0.99991584 0.99994516 0.9999522  0.9996506  0.99990416 0.9999331
 0.99989235 0.9996728  0.9998958  0.9999124 ]
[0.9999362  0.99993956 0.9999198  0.999496   0.9998258  0.9999137
 0.9998685  0.9997793  0.9998573  0.99994516]
[0.99993217 0.9999317  0.99991167 0.999567   0.9998572  0.99992895
 0.99991024 0.9998357  0.9998629  0.9999162 ]
[0.99984634 0.9999583  0.9999331  0.99934465 0.9998803  0.9998896
 0.99986064 0.9998399  0.9998141  0.9999583 ]
[0.99989843 0.99993646 0.99991834 0.9996007  0.99988174 0.9999466
 0.9999082  0.99983037 0.9999089  0.99992144]
