Mprobs for dataset sim1 (25)

[0.68254924 0.9561243  0.9969926  0.97578895 0.9925339  0.99971217
 0.9999013  0.9998215  0.9978922  0.9990134  0.6421345  0.99690044
 0.99850696 0.9329615  0.9997055  0.99955803 0.9729847  0.99945706
 0.99986994]
[0.56890815 0.9735194  0.9935522  0.92508584 0.9851555  0.9996779
 0.9998865  0.9998834  0.9982357  0.9991297  0.5267795  0.9937079
 0.9983701  0.95075    0.99976283 0.9996234  0.9792058  0.9991253
 0.9998857 ]
[0.6201388  0.9593865  0.99576145 0.96993816 0.98560345 0.9997024
 0.99993575 0.9997886  0.99701333 0.9989447  0.5320334  0.9947935
 0.9974578  0.94458455 0.9997305  0.9994789  0.9594809  0.9992488
 0.9998265 ]
[0.6809221  0.9608271  0.9954081  0.9621591  0.98387736 0.9997888
 0.9998323  0.99977094 0.99569833 0.9992157  0.5585044  0.9969433
 0.9978523  0.92876786 0.99971694 0.99955696 0.94814646 0.99917334
 0.9998018 ]
[0.6478585  0.9325816  0.99097276 0.9455639  0.983182   0.9997042
 0.9999255  0.9997303  0.9957278  0.9992879  0.55769753 0.9940287
 0.9971945  0.9624866  0.9997533  0.9996661  0.9144783  0.99871826
 0.999806  ]
[0.6691879  0.9307866  0.9950464  0.9653684  0.9823162  0.9996351
 0.99983895 0.99979156 0.9965423  0.9990901  0.61858433 0.995659
 0.9945427  0.9272994  0.9996923  0.9996069  0.9738569  0.99849606
 0.99986863]
[0.66712207 0.94633365 0.99433786 0.94489    0.99413127 0.99971956
 0.99991024 0.99986684 0.9973036  0.9992011  0.52902883 0.9956689
 0.9986237  0.9573318  0.9998068  0.99960285 0.9674259  0.9989901
 0.9998474 ]
[0.6003532  0.94334865 0.9949214  0.95197    0.99229676 0.99977773
 0.99991834 0.9998159  0.996332   0.99952054 0.6289899  0.9962592
 0.9986802  0.9740878  0.9997695  0.99957913 0.967513   0.9988513
 0.99990904]
[0.68975824 0.9713623  0.9953466  0.9708727  0.9885068  0.9996891
 0.9999354  0.9998254  0.9973954  0.9995383  0.5015564  0.99432373
 0.9966917  0.9694378  0.9996222  0.99959105 0.9721752  0.99939966
 0.9998118 ]
[0.7571028  0.9817524  0.9943796  0.9580812  0.9920378  0.999828
 0.9999428  0.99988174 0.9978485  0.99966097 0.6120555  0.9965328
 0.998192   0.9517934  0.99970007 0.9997732  0.9717862  0.99906987
 0.9999182 ]
[0.59635204 0.9588541  0.99507    0.95555997 0.9856754  0.99952066
 0.99988794 0.9998336  0.9962094  0.9990982  0.57066745 0.99699104
 0.99705124 0.9338799  0.9996679  0.9995067  0.9718137  0.9993672
 0.9998822 ]
[0.72943735 0.96587366 0.99533904 0.9717719  0.9799778  0.9998646
 0.9999454  0.99981064 0.9972619  0.9992393  0.49023005 0.99659246
 0.99669844 0.9423182  0.99974936 0.9996099  0.9797927  0.9988834
 0.99986947]
[0.5651695  0.94570047 0.9943837  0.95641863 0.9908054  0.9996669
 0.9999242  0.99987876 0.99641514 0.99895716 0.5298617  0.9925062
 0.9956388  0.92041886 0.9997435  0.99956065 0.9543     0.99939346
 0.9998276 ]
[0.700685   0.9722244  0.99064386 0.9364694  0.98417366 0.99962854
 0.99977916 0.99979705 0.99764544 0.9996426  0.6247362  0.99470925
 0.9970408  0.9306485  0.99971896 0.99964917 0.9569824  0.9988772
 0.99988425]
[0.59944403 0.9399022  0.99392265 0.9758386  0.9875875  0.9997701
 0.9998878  0.9998894  0.9973922  0.9994029  0.5907687  0.9968546
 0.9983284  0.9578701  0.9997602  0.9997693  0.962422   0.9992095
 0.99982005]
[0.64157236 0.96032304 0.99255824 0.9705048  0.9898129  0.9996031
 0.9999231  0.999864   0.9979539  0.9993849  0.49770695 0.9949549
 0.99637944 0.9475258  0.99981385 0.99968314 0.96842647 0.9992176
 0.9998436 ]
[0.6188378  0.97515434 0.9961571  0.9545932  0.97805184 0.9996284
 0.99987125 0.99988985 0.99628925 0.99875474 0.573555   0.99536705
 0.998451   0.9631658  0.99981433 0.9997141  0.9739127  0.9987704
 0.9997676 ]
[0.65686285 0.95378363 0.99439174 0.97584414 0.992389   0.9996784
 0.99993336 0.99985445 0.99641365 0.99921787 0.6012303  0.9960614
 0.99684095 0.9513073  0.9997677  0.9995896  0.94943655 0.99903846
 0.9998536 ]
[0.60021585 0.9749663  0.9952603  0.94868386 0.9906453  0.999691
 0.9998877  0.9998369  0.99688005 0.99917704 0.56326026 0.9926763
 0.99759954 0.94829094 0.99981445 0.9996183  0.97862476 0.99878985
 0.9997154 ]
[0.6261382  0.9669486  0.99609655 0.9455831  0.9899755  0.9998802
 0.9998808  0.9998336  0.997532   0.9993303  0.58900684 0.9974827
 0.997818   0.96787506 0.99975914 0.9996942  0.9621325  0.99916816
 0.9998338 ]
[0.5591042  0.9451529  0.99487066 0.95706517 0.9876039  0.99969363
 0.99988675 0.9998523  0.9979018  0.9988889  0.59774184 0.9925662
 0.9954289  0.92145103 0.9997278  0.99942255 0.96019727 0.99851114
 0.99980944]
[0.63557094 0.9586528  0.9915979  0.9589826  0.984092   0.99968934
 0.9998672  0.9998074  0.9973757  0.9992716  0.5131907  0.9922111
 0.996829   0.93661255 0.999676   0.999551   0.9699423  0.9991405
 0.9998518 ]
[0.75575024 0.9354785  0.9939301  0.9733899  0.9925236  0.9997421
 0.999923   0.9997403  0.9954485  0.9990957  0.5081733  0.99346596
 0.9984414  0.9560031  0.99980754 0.99957365 0.9732443  0.9990404
 0.9998615 ]
[0.7628077  0.94901884 0.9965629  0.9529751  0.99385756 0.9996762
 0.99992704 0.9998204  0.99619555 0.99936646 0.4913718  0.99372876
 0.9982761  0.9575391  0.9998129  0.9995939  0.9800045  0.99909914
 0.99986506]
[0.6117424  0.9662996  0.99172103 0.9693127  0.98668486 0.9997917
 0.9999237  0.9998783  0.99622923 0.9993753  0.6059084  0.9965198
 0.9977428  0.92807734 0.99978    0.99969614 0.97502524 0.9992743
 0.9998634 ]
[0.7155538  0.9470038  0.99374324 0.9387707  0.9926577  0.9996024
 0.9998958  0.9997706  0.9983802  0.9989189  0.6029042  0.9934528
 0.994997   0.96099323 0.99964726 0.9995753  0.973449   0.9988431
 0.9997694 ]
[0.54997873 0.95175505 0.9916352  0.9401898  0.98787653 0.9997054
 0.99985886 0.9998547  0.99620277 0.9988626  0.6286986  0.99527174
 0.99809545 0.9362384  0.9996848  0.9995572  0.9651715  0.9982424
 0.99988043]
[0.71534395 0.926687   0.991622   0.9284578  0.9848283  0.9997944
 0.9998964  0.9997222  0.9977931  0.99907196 0.5355952  0.99379796
 0.9970464  0.93863773 0.9996656  0.99942255 0.93166673 0.99899167
 0.9998529 ]
[0.5339775  0.97496015 0.9937471  0.9593129  0.9859083  0.99975735
 0.9998404  0.9997416  0.9939061  0.9992077  0.52793723 0.9955129
 0.99894494 0.92516756 0.9996307  0.99974304 0.9696711  0.99912065
 0.9998771 ]
[0.5927454  0.9567616  0.99631053 0.97297215 0.9821269  0.99973863
 0.9998703  0.9998197  0.99643135 0.9989785  0.5349456  0.9917904
 0.99675876 0.96399075 0.99977726 0.99952793 0.96111536 0.9990055
 0.99989486]
[0.55969745 0.96836925 0.99261016 0.96225446 0.9854732  0.9997272
 0.99990344 0.9998338  0.9964825  0.9992132  0.6499872  0.9949124
 0.99690527 0.9685537  0.9996717  0.99934727 0.96875787 0.99922025
 0.9999068 ]
[0.6257129  0.9518857  0.9946285  0.97209847 0.981797   0.9996644
 0.99986446 0.9997434  0.99494934 0.9993518  0.6482383  0.99314994
 0.9962155  0.94213957 0.99975544 0.99945956 0.9370866  0.9991627
 0.999819  ]
[0.7118983  0.9573331  0.9938193  0.9446239  0.9924406  0.99973994
 0.99990606 0.9998642  0.9969994  0.9992275  0.60008746 0.9945253
 0.9979662  0.948636   0.99977595 0.999423   0.96667194 0.9994349
 0.999864  ]
[0.7420097  0.95657957 0.9958112  0.9532609  0.99349254 0.99974746
 0.9998466  0.999826   0.9975133  0.99925226 0.6411559  0.99776566
 0.99843055 0.9458793  0.99973017 0.9997079  0.9771064  0.99901724
 0.99987423]
[0.73423934 0.941835   0.9860151  0.95762724 0.9801149  0.9996172
 0.99988055 0.99972314 0.99602437 0.99897987 0.60092366 0.9955473
 0.99744236 0.9324541  0.99970585 0.99958616 0.96904236 0.9989826
 0.9997354 ]
[0.5485858  0.954744   0.991446   0.96231264 0.98905087 0.9996834
 0.99991524 0.99985766 0.99827397 0.9994062  0.57084507 0.995704
 0.99592066 0.9246203  0.99972814 0.99972314 0.96927845 0.99909544
 0.9998822 ]
[0.61610436 0.9674183  0.9932534  0.97141963 0.989584   0.99968696
 0.9999162  0.9997763  0.99467516 0.9991366  0.608714   0.9935528
 0.9983816  0.94122285 0.99976677 0.9993806  0.9745457  0.99861956
 0.9998234 ]
[0.50315404 0.9445967  0.99450666 0.9463026  0.9897127  0.9996278
 0.99987006 0.9997851  0.9976069  0.9992718  0.57218665 0.9936737
 0.99706393 0.94196004 0.9997342  0.9995585  0.954578   0.9990802
 0.9998311 ]
[0.64791626 0.96242887 0.9926984  0.96972185 0.9841082  0.9996449
 0.99992156 0.9998703  0.99634296 0.9994468  0.6299778  0.995998
 0.9984561  0.93667686 0.9998041  0.99967825 0.97641164 0.9993569
 0.99990165]
[0.68266076 0.9750209  0.99680674 0.9645613  0.98813    0.99974805
 0.9999269  0.9998192  0.99696153 0.9994438  0.5158734  0.99747366
 0.9974354  0.9588643  0.9997187  0.9995902  0.96871245 0.999328
 0.9998093 ]
[0.57991713 0.9725709  0.993196   0.9497396  0.98295087 0.9997917
 0.9999149  0.9998129  0.99679166 0.9993493  0.5809874  0.99347323
 0.998268   0.9590808  0.9996172  0.9994867  0.97164154 0.99875987
 0.99988854]
[0.687847   0.9580816  0.9942504  0.93805057 0.9810589  0.9997415
 0.9999217  0.99978834 0.99824834 0.9993069  0.6191363  0.99382967
 0.9959013  0.93096966 0.99978226 0.99972004 0.9694458  0.9988285
 0.99986553]
[0.6648401  0.8859188  0.9939032  0.9588837  0.9903268  0.9996051
 0.9998944  0.99980515 0.99752575 0.999313   0.56832737 0.9937401
 0.9966472  0.9459102  0.99970406 0.999624   0.9441357  0.99883264
 0.99981564]
[0.6527079  0.9388301  0.9956632  0.9697734  0.98105246 0.99976057
 0.9998105  0.99984634 0.99589384 0.9990907  0.55552304 0.9921002
 0.9963743  0.9162983  0.9995901  0.9994173  0.9531609  0.9987708
 0.99974793]
[0.6292458  0.98174745 0.9976683  0.9703967  0.98929226 0.99972206
 0.9999186  0.9998597  0.99675816 0.99941754 0.4977307  0.9976198
 0.99786866 0.97120583 0.99966776 0.9997631  0.9725208  0.9992106
 0.99987316]
[0.73250985 0.95959204 0.9909882  0.94432455 0.98890555 0.99965227
 0.9999093  0.999841   0.99671894 0.99861693 0.4958615  0.99652904
 0.9965624  0.9552344  0.9997483  0.99966216 0.94550836 0.99889344
 0.9998603 ]
[0.6567523  0.9480503  0.99713373 0.9494879  0.9861385  0.9996306
 0.9999188  0.99982387 0.99699664 0.99923277 0.52553314 0.99737704
 0.99707484 0.9329269  0.9998223  0.9996526  0.96232235 0.9991303
 0.9998    ]
[0.54250956 0.9748309  0.99414355 0.9663698  0.9816483  0.9996331
 0.9999161  0.9998925  0.99748504 0.99892056 0.6312659  0.99411076
 0.99854255 0.9626999  0.99964345 0.99975806 0.94357336 0.99883157
 0.9998394 ]
[0.6482989  0.9567248  0.99662906 0.91972846 0.9896283  0.9995023
 0.9998976  0.99971694 0.9954066  0.99881506 0.57906175 0.992618
 0.99430794 0.9313479  0.9997708  0.99922657 0.9686544  0.9990638
 0.9997719 ]
[0.63007    0.9716009  0.996536   0.95290405 0.9879424  0.99961853
 0.99990904 0.99983954 0.9920144  0.9992938  0.65936196 0.99263716
 0.9973889  0.96337265 0.99962544 0.9993662  0.95411277 0.9988996
 0.99976987]
[0.6482447  0.9709281  0.9963928  0.963289   0.9926893  0.999708
 0.99993706 0.99986196 0.9964495  0.9991788  0.63158315 0.9924751
 0.9972474  0.9703344  0.9996798  0.9997012  0.9782315  0.9986785
 0.99989057]
[0.73327917 0.95013416 0.99431026 0.944722   0.9918296  0.99965715
 0.99990225 0.999835   0.9983082  0.9993857  0.66508627 0.99492466
 0.9984257  0.96939105 0.99967325 0.9996877  0.95436513 0.99885726
 0.9997876 ]
[0.6473995  0.94994104 0.9946661  0.9639615  0.9886165  0.9996933
 0.9999212  0.99972016 0.99650013 0.9989231  0.5614013  0.9954384
 0.9972542  0.9382685  0.9997727  0.9994684  0.97386307 0.9991066
 0.9998431 ]
[0.6382472  0.9638356  0.99554414 0.9453204  0.980485   0.999764
 0.99993    0.9998599  0.99653035 0.9992362  0.62560964 0.9935648
 0.9980889  0.9308964  0.9996245  0.9997211  0.96185887 0.99919385
 0.9998566 ]
[0.6059188  0.97517836 0.99531555 0.9631066  0.9856721  0.9995653
 0.9999125  0.9998418  0.9976968  0.99946326 0.49967495 0.9927746
 0.99765295 0.9489967  0.9998348  0.9996587  0.9807196  0.9989507
 0.99985826]
[0.69300574 0.928473   0.99277836 0.9405194  0.99289626 0.9996768
 0.9998729  0.99985814 0.9946026  0.99898094 0.6409394  0.99303824
 0.99675745 0.9343339  0.9997435  0.99970824 0.9501609  0.9993673
 0.99976116]
[0.73539525 0.95150435 0.99499243 0.9722164  0.990272   0.9997516
 0.9999037  0.99982786 0.9979716  0.9989243  0.62697846 0.99344337
 0.9971687  0.9600894  0.99971575 0.9997664  0.9512609  0.999491
 0.99979085]
[0.66874564 0.9533341  0.9933369  0.9558643  0.9838177  0.99962914
 0.99984896 0.99980706 0.99721503 0.99947625 0.64636415 0.99506146
 0.99805546 0.9500615  0.99968076 0.9994622  0.95518535 0.9991239
 0.9998324 ]
[0.5894998  0.95131296 0.995869   0.94273627 0.9816961  0.99966943
 0.99983084 0.9997373  0.99793684 0.9993869  0.51688296 0.99634844
 0.99768186 0.94297886 0.99963284 0.99942136 0.9685305  0.99887556
 0.9998041 ]
[0.6843219  0.958394   0.99622995 0.9587044  0.98941565 0.9996625
 0.99992096 0.9998267  0.997003   0.99895096 0.5996855  0.99479747
 0.997184   0.95042276 0.9998381  0.9996166  0.95069546 0.9990841
 0.9998826 ]
[0.6061365  0.93809694 0.99464583 0.947865   0.9852211  0.9997615
 0.99987817 0.9998431  0.9958339  0.99890447 0.5049209  0.99388945
 0.9957569  0.9495978  0.9997987  0.9995115  0.9448545  0.9989048
 0.99989367]
[0.66253036 0.9457974  0.99597037 0.94129467 0.9839475  0.99964404
 0.99992204 0.99987245 0.9958548  0.9990044  0.6284047  0.9934384
 0.9964772  0.9514515  0.9998197  0.9996904  0.95175695 0.99915576
 0.9998578 ]
[0.59139746 0.95573646 0.9898145  0.9434819  0.9944977  0.99963987
 0.99981946 0.99986076 0.99766445 0.99874854 0.59725493 0.9961842
 0.99837756 0.94112957 0.9996836  0.9995666  0.97040033 0.9988813
 0.9998246 ]
[0.5993396  0.98113513 0.99581844 0.97142744 0.98846346 0.99970263
 0.99993014 0.99990344 0.9970873  0.9994025  0.57051    0.99475056
 0.9969242  0.96400505 0.99984026 0.999721   0.975298   0.9992988
 0.9998869 ]
[0.71860296 0.9592419  0.992207   0.93850005 0.9923569  0.99972016
 0.99992716 0.9998648  0.9964864  0.9991385  0.48584187 0.99460596
 0.99755365 0.9687886  0.9996965  0.99962914 0.9665064  0.9991431
 0.99989605]
[0.56024873 0.95403475 0.9945932  0.96544725 0.98906636 0.99982905
 0.99989057 0.99977165 0.99701655 0.9990326  0.6181455  0.9962597
 0.99640346 0.92827964 0.9997838  0.9995716  0.97325337 0.9991647
 0.99981993]
[0.6257705  0.9528094  0.99591845 0.9755106  0.99100924 0.99975866
 0.99985516 0.99979264 0.9970764  0.99918264 0.4772891  0.9975514
 0.9985605  0.9410395  0.99981886 0.9996476  0.98374003 0.9993616
 0.99987197]
[0.6428563  0.96815825 0.9927729  0.9397322  0.99300826 0.9997565
 0.99991715 0.99983454 0.9969933  0.9989537  0.63967574 0.9911951
 0.9984951  0.93500334 0.99967885 0.9996111  0.97179043 0.99922633
 0.9998784 ]
[0.7054298  0.9638006  0.99605286 0.97447836 0.99393684 0.999813
 0.99989855 0.999814   0.99778444 0.9995208  0.5508729  0.9970728
 0.9983152  0.9546851  0.9997596  0.9995235  0.9562706  0.9992367
 0.9998115 ]
[0.57473665 0.9731366  0.9958138  0.95998895 0.9778857  0.9997477
 0.999877   0.99975055 0.9978581  0.99942064 0.5878074  0.9952532
 0.9977106  0.9501085  0.9997285  0.9996525  0.9779244  0.99909556
 0.99989104]
[0.5445542  0.95403355 0.99425656 0.9489909  0.99176544 0.99971706
 0.99986744 0.9997379  0.993856   0.99923825 0.539924   0.99669963
 0.99753714 0.94499403 0.9996841  0.9994143  0.9666613  0.9987251
 0.999828  ]
[0.6670404  0.95095026 0.99422544 0.9671264  0.9887028  0.9996462
 0.9998909  0.9998123  0.9978846  0.9989704  0.61687374 0.996234
 0.9971635  0.95531654 0.999801   0.99960977 0.96974957 0.9992812
 0.9998808 ]
[0.58264303 0.97486115 0.994898   0.95804167 0.988986   0.9997514
 0.9999013  0.9998373  0.99809676 0.99924505 0.51293194 0.9966287
 0.9966229  0.9409344  0.99977905 0.99972695 0.97369844 0.9991893
 0.9998816 ]
[0.57037526 0.96303767 0.9935939  0.93737394 0.98737097 0.9998217
 0.99990284 0.99981123 0.99708515 0.99947923 0.5549492  0.99338233
 0.99754816 0.9525603  0.99976355 0.999772   0.9771592  0.9995431
 0.99987316]
[0.5603175  0.97490615 0.9950287  0.9529583  0.989185   0.9996692
 0.9998987  0.9998215  0.99815375 0.9995943  0.49375877 0.9943494
 0.9955165  0.91571903 0.999747   0.9996208  0.95473206 0.9991204
 0.999874  ]
[0.65393716 0.9795402  0.9969342  0.94550675 0.9929686  0.9998234
 0.9999089  0.9998877  0.9982589  0.99954754 0.52865857 0.9961021
 0.9968046  0.9485174  0.9996871  0.99973387 0.9701255  0.99899393
 0.9998734 ]
[0.68316877 0.9756014  0.9950891  0.9634512  0.9857529  0.99981266
 0.9998591  0.9997857  0.99641246 0.99898773 0.5749106  0.9965448
 0.9967181  0.9731751  0.99977046 0.9995677  0.9517222  0.99860257
 0.99990284]
[0.6543877  0.9395667  0.9940941  0.9685708  0.9938116  0.9996954
 0.9999119  0.9998809  0.99684876 0.99945146 0.5131225  0.9940672
 0.99854314 0.9233302  0.9996444  0.99943227 0.9782868  0.99890566
 0.999881  ]
[0.63345826 0.9719295  0.99451256 0.9728937  0.98692155 0.999691
 0.99983776 0.9998561  0.99769825 0.9990722  0.5273318  0.9937569
 0.996323   0.9503505  0.9996743  0.99944586 0.95836586 0.9991659
 0.99984765]
[0.70719105 0.9333287  0.9924396  0.9519164  0.9908036  0.99971884
 0.99993575 0.9997092  0.99612147 0.9989548  0.5349583  0.9963709
 0.9978471  0.9123392  0.99970275 0.9996476  0.9739468  0.99933296
 0.9998834 ]
[0.7286585  0.9595608  0.99519473 0.97013634 0.98613644 0.9997806
 0.9998863  0.9998216  0.997463   0.99922144 0.6391179  0.9933074
 0.9964734  0.95538586 0.99984217 0.9994949  0.97246933 0.99883026
 0.99983716]
[0.6330805  0.9647536  0.99713135 0.9330097  0.9904315  0.99969125
 0.99986136 0.9998079  0.99631655 0.99881727 0.5080429  0.99704486
 0.9966683  0.96183664 0.99980253 0.99935645 0.9543222  0.99912065
 0.9998534 ]
[0.7070163  0.9296516  0.9958488  0.95230705 0.9929739  0.9996314
 0.9998896  0.99984825 0.99763143 0.99939704 0.65151584 0.99345833
 0.99535096 0.9217575  0.9996294  0.99960345 0.96134514 0.99915254
 0.99979323]
[0.6425621  0.9514519  0.9962084  0.9401912  0.9884666  0.9996012
 0.9998977  0.9998869  0.9970686  0.99934345 0.551063   0.9946414
 0.9982697  0.92162395 0.999668   0.9996772  0.9535753  0.9989899
 0.9998914 ]
[0.6778138  0.9633164  0.99701893 0.9496454  0.98915815 0.9996836
 0.99991465 0.99980575 0.99684155 0.99951947 0.65866405 0.9947044
 0.9974758  0.94626075 0.99981934 0.9995659  0.95327866 0.99859387
 0.9997603 ]
[0.5475882  0.97033453 0.9950505  0.9447682  0.988638   0.99974555
 0.9998988  0.99980766 0.9978362  0.99931777 0.6019649  0.9948723
 0.9965857  0.94628483 0.99982196 0.99952614 0.9327445  0.99880505
 0.9997497 ]
[0.64216983 0.96639585 0.996573   0.9525699  0.99213976 0.99975866
 0.999912   0.9998785  0.9971282  0.99909747 0.5815407  0.9940076
 0.99681383 0.9622484  0.9996803  0.99930584 0.97597915 0.9989479
 0.9998853 ]
[0.706595   0.9364029  0.9941227  0.95839465 0.9918488  0.9997125
 0.9999156  0.9998654  0.9963427  0.9993685  0.49849534 0.99419737
 0.9970061  0.9488473  0.99981695 0.9995221  0.96173066 0.9994785
 0.99977654]
[0.74037296 0.9544167  0.9954465  0.9611453  0.9864609  0.99969614
 0.9999403  0.9998235  0.99757355 0.9995448  0.49974823 0.9972838
 0.99838734 0.9456276  0.9997944  0.99944323 0.96299046 0.9990945
 0.99988997]
[0.717349   0.9598794  0.9963121  0.96002495 0.9829412  0.99965227
 0.99988294 0.99980325 0.9957228  0.9993999  0.5103879  0.993115
 0.99778986 0.9554644  0.9997856  0.99945706 0.9557524  0.99869365
 0.99984515]
[0.59159356 0.96667707 0.996259   0.9548707  0.9821754  0.99958223
 0.9999443  0.99979156 0.9966672  0.99926776 0.60577345 0.9945338
 0.99674404 0.9393834  0.99975497 0.99937785 0.95349425 0.999413
 0.99982256]
[0.65356606 0.9460812  0.99484694 0.9455174  0.9846127  0.9997336
 0.9998282  0.99984884 0.9974831  0.99921274 0.54945505 0.99735343
 0.99634665 0.929251   0.9996113  0.9994966  0.9742905  0.99863595
 0.99984527]
[0.61283445 0.9207457  0.9902103  0.9612467  0.9842391  0.99965155
 0.9998834  0.99978584 0.99372274 0.9988612  0.64041597 0.99471384
 0.9942971  0.9552655  0.9997732  0.99963665 0.9673162  0.9985702
 0.9997594 ]
[0.5661158  0.9596052  0.9954085  0.95387167 0.98109895 0.99983037
 0.999892   0.99985886 0.99623483 0.99915504 0.5364236  0.9955752
 0.99652916 0.9640644  0.99971694 0.99962795 0.96491134 0.9992322
 0.99985087]
[0.7646833  0.971714   0.9963307  0.96519256 0.98689693 0.99963105
 0.99987864 0.99987197 0.9982992  0.9993482  0.5389746  0.9925316
 0.99812776 0.9247397  0.9996259  0.99951196 0.96836007 0.9988403
 0.9998202 ]
[0.6575004  0.969907   0.99434847 0.9734234  0.9888889  0.99981946
 0.99992204 0.99983823 0.99751604 0.99908245 0.51156795 0.9946405
 0.9967077  0.92949563 0.99969053 0.9995147  0.9307242  0.9985001
 0.9998772 ]
[0.685352   0.96297365 0.9933286  0.95879966 0.98917866 0.99978226
 0.999944   0.99984074 0.997601   0.99959224 0.5231196  0.99640524
 0.9955824  0.9635545  0.9997943  0.99949133 0.9805532  0.9991227
 0.99987805]
[0.6768873  0.9289024  0.99474853 0.9468442  0.98925763 0.99970967
 0.9998611  0.99983466 0.9965661  0.99936455 0.53444856 0.99519277
 0.9961403  0.9434193  0.99956423 0.999694   0.96453387 0.99915624
 0.99987173]
[0.54368746 0.959344   0.99501413 0.94422287 0.98986477 0.9997985
 0.99992967 0.99989974 0.99648476 0.99916935 0.5393596  0.9943553
 0.9968496  0.9681576  0.999731   0.9995171  0.965119   0.99939644
 0.9998566 ]
[0.7231445  0.9510244  0.99139714 0.9560017  0.9848194  0.9997123
 0.99991465 0.9998517  0.99624133 0.99923563 0.6291478  0.9925476
 0.99629045 0.9192936  0.9997358  0.99960536 0.96502286 0.99912196
 0.9998946 ]
