Mprobs for dataset sim1 (100)

[0.92037106 0.9710344  0.9957431  0.98620296 0.9896199  0.9989471
 0.9994486  0.9972898  0.99279344 0.98707795 0.9229353  0.43454403
 0.99486744 0.9941399  0.97118676 0.99584913 0.9984432  0.9923096
 0.98447245 0.99857306]
[0.9368915  0.9885267  0.9968265  0.9756496  0.9932348  0.9990716
 0.9993168  0.99735653 0.99238825 0.98269963 0.8951721  0.38981107
 0.99771714 0.9968733  0.98495364 0.99785787 0.9979964  0.9928591
 0.9889135  0.9989819 ]
[0.93052787 0.98879707 0.9947147  0.97307926 0.9901822  0.9994947
 0.99937445 0.9978472  0.9918465  0.9817978  0.92753744 0.4345713
 0.9929537  0.99626094 0.96179324 0.99623907 0.9977164  0.98758054
 0.9916996  0.99865746]
[0.8942901  0.97783786 0.9946306  0.9871316  0.9882024  0.99922717
 0.99942577 0.99809223 0.9916965  0.9747785  0.92860943 0.56611836
 0.9970331  0.995906   0.98132426 0.9940826  0.99753225 0.989045
 0.9868153  0.99902546]
[0.9640644  0.98320943 0.99801445 0.9816327  0.9960984  0.9993211
 0.9991998  0.9983728  0.9935608  0.99225676 0.90261656 0.40676016
 0.9960616  0.9980913  0.97918063 0.99321353 0.9981268  0.9902417
 0.98928154 0.99921465]
[0.93325526 0.98275054 0.9969633  0.9734945  0.99294937 0.9991385
 0.9994394  0.9985544  0.987475   0.9868557  0.944047   0.5976168
 0.99519205 0.9961259  0.96726674 0.99451387 0.9980737  0.9943421
 0.9866898  0.9989643 ]
[0.93219995 0.984151   0.9967242  0.96187896 0.98877084 0.998898
 0.9993673  0.9961145  0.9965205  0.9914619  0.84231013 0.60550034
 0.99642146 0.99642015 0.9740379  0.9958097  0.9974624  0.9751285
 0.9844258  0.99882597]
[0.9552175  0.98869634 0.99696237 0.9787486  0.9955967  0.9989932
 0.9991291  0.9965436  0.9938492  0.98941106 0.8497691  0.4770507
 0.9969137  0.997502   0.98704976 0.9971732  0.9982734  0.9879199
 0.9947766  0.99922526]
[0.9311649  0.9708759  0.9968644  0.9758553  0.9863462  0.99918765
 0.9992762  0.997242   0.9911485  0.9860875  0.86870193 0.47401133
 0.9939937  0.99663866 0.95229286 0.99343723 0.9979171  0.990234
 0.98210835 0.9980848 ]
[0.92630285 0.9881782  0.99646205 0.9804601  0.9904289  0.9986652
 0.99923253 0.99771106 0.99520373 0.9841509  0.8764976  0.5826032
 0.9924373  0.99638903 0.981806   0.9954346  0.9988747  0.98975897
 0.9826149  0.9986401 ]
[0.93522084 0.9854134  0.997964   0.98145145 0.99646205 0.9993048
 0.9989511  0.9971517  0.9917589  0.98153174 0.93502027 0.38660288
 0.9980101  0.9985391  0.96975917 0.9958676  0.99761933 0.9906543
 0.99013025 0.9989743 ]
[0.94913125 0.97395927 0.99455726 0.97294927 0.9801205  0.9988488
 0.99944454 0.9971396  0.992607   0.98626816 0.8698902  0.5106817
 0.9961572  0.9956119  0.9720233  0.9968977  0.9989042  0.99056983
 0.9919091  0.9981021 ]
[0.95582926 0.9861302  0.9961874  0.9642138  0.9887555  0.9985024
 0.9990683  0.997931   0.99582076 0.9779056  0.9333342  0.5572144
 0.99270755 0.9980679  0.97785896 0.9965083  0.99778277 0.97716993
 0.97741413 0.9987097 ]
[0.90843    0.9851452  0.99572754 0.9804083  0.9912208  0.9981419
 0.999225   0.9968875  0.9958988  0.99056154 0.84528553 0.6192161
 0.9955941  0.997323   0.96419483 0.9972874  0.9990108  0.9930019
 0.9856294  0.9984995 ]
[0.9334305  0.98502886 0.9951199  0.95868504 0.99271566 0.99812645
 0.9987437  0.9968907  0.98957926 0.9715623  0.9114155  0.5973291
 0.9966022  0.9959843  0.9694179  0.9956495  0.99773175 0.99164456
 0.9851394  0.9983531 ]
[0.86935383 0.98449576 0.99553514 0.98497885 0.99015886 0.99934095
 0.99939966 0.9957081  0.9893076  0.9845893  0.84768116 0.4442526
 0.99386    0.997912   0.9739638  0.99568814 0.99747545 0.98651266
 0.99238825 0.9989542 ]
[0.919708   0.9875217  0.99776876 0.99025714 0.9873354  0.99912816
 0.99958545 0.99835265 0.99377984 0.9942846  0.8883206  0.44555584
 0.99752325 0.9986192  0.97677046 0.99726295 0.9989374  0.99381906
 0.99597734 0.9991812 ]
[0.8877706  0.97918516 0.99715    0.96667475 0.99083906 0.9985794
 0.9992023  0.99779785 0.98496497 0.9871933  0.91790336 0.55078137
 0.99446833 0.9942427  0.9762255  0.9940171  0.997421   0.98724955
 0.9878682  0.998596  ]
[0.8901059  0.9883045  0.996292   0.9747865  0.9914908  0.9986601
 0.99956304 0.99788743 0.9919214  0.98985577 0.8948197  0.46844748
 0.99258304 0.9973482  0.94668907 0.99042726 0.99824107 0.98801464
 0.99101734 0.9986833 ]
[0.9317339  0.98517376 0.9956625  0.98336303 0.9893169  0.9991003
 0.99895823 0.997143   0.9897321  0.9850916  0.9271303  0.5134557
 0.9960849  0.9960127  0.97845775 0.9943579  0.997502   0.9883676
 0.9878925  0.99845815]
[0.8733319  0.9881351  0.9953186  0.9836316  0.9930011  0.9987581
 0.9989255  0.9960426  0.99353176 0.9679589  0.92357457 0.3918643
 0.99701    0.9979486  0.9718777  0.99668866 0.99835145 0.9925863
 0.991655   0.9987198 ]
[0.9194512  0.98723245 0.9954254  0.98030937 0.98994035 0.9989784
 0.99931264 0.996741   0.99309534 0.9843573  0.9155711  0.480341
 0.9939214  0.99517125 0.9739667  0.998502   0.99871016 0.98482704
 0.98654294 0.999081  ]
[0.91145086 0.9775628  0.9965215  0.97691363 0.994165   0.99917287
 0.99945885 0.99742484 0.9938735  0.9834343  0.8767113  0.42077377
 0.9951079  0.9978897  0.98119515 0.99367577 0.99809486 0.98593396
 0.9859854  0.9968262 ]
[0.9138606  0.9822693  0.99606615 0.9874358  0.99336994 0.9981681
 0.99943465 0.99792826 0.99431264 0.98634505 0.92588234 0.44347128
 0.99727696 0.99796546 0.97815174 0.99610525 0.9986456  0.9899457
 0.9923374  0.99852884]
[0.8633464  0.9796893  0.9882863  0.9797754  0.990917   0.999257
 0.99937564 0.99755245 0.9927736  0.98583394 0.87926185 0.47147813
 0.99621    0.9968394  0.981689   0.9969981  0.9982174  0.9877149
 0.99057466 0.9978538 ]
[0.85985345 0.9822473  0.9959632  0.9372212  0.9858509  0.99907434
 0.9992092  0.99556607 0.9930461  0.9778686  0.92120844 0.42648375
 0.9921846  0.9969806  0.96591246 0.9910721  0.9965437  0.9894512
 0.9669298  0.9981775 ]
[0.9327878  0.9819764  0.99485683 0.9791822  0.9908556  0.99899346
 0.99949217 0.9962059  0.98871124 0.9875378  0.8629966  0.5789229
 0.9961105  0.9967849  0.9622581  0.9963223  0.99839324 0.99284124
 0.9809522  0.99893206]
[0.8607896  0.9611966  0.99561644 0.9573973  0.99033535 0.99889815
 0.9994862  0.99844617 0.9934362  0.97638637 0.907365   0.55178785
 0.9958616  0.9968265  0.96278566 0.99287945 0.99817693 0.98616886
 0.9915058  0.99871767]
[0.95801    0.97788143 0.9979255  0.9815077  0.98661476 0.99908996
 0.9994025  0.998235   0.9963068  0.9892152  0.9152123  0.44235623
 0.99709463 0.9975599  0.9820832  0.9977442  0.9984542  0.99222344
 0.9945986  0.9988514 ]
[0.9475801  0.9796311  0.9960575  0.9790315  0.99396133 0.99931073
 0.999476   0.9980484  0.99535745 0.9887582  0.9324517  0.5540458
 0.9965737  0.99828583 0.9643814  0.99789196 0.99880207 0.99311286
 0.9868685  0.99942315]
[0.89476883 0.9820356  0.9941345  0.977014   0.99152035 0.9991709
 0.999329   0.9983353  0.99659735 0.98883295 0.9082504  0.46111152
 0.9967294  0.9977549  0.9753313  0.9977545  0.99853647 0.98750955
 0.992804   0.99871266]
[0.91029996 0.9885451  0.9963716  0.9793539  0.98567885 0.9992029
 0.99890935 0.99598444 0.99448353 0.9886001  0.8428873  0.42603323
 0.99314064 0.99709105 0.9797458  0.997171   0.9985109  0.9887792
 0.9930461  0.9989875 ]
[0.9204238  0.9783708  0.99590945 0.9609489  0.9895041  0.9986072
 0.9988452  0.99797875 0.9957054  0.9876984  0.87902    0.467711
 0.9966184  0.99666613 0.9685023  0.9960257  0.9977422  0.99159056
 0.9833068  0.9976846 ]
[0.9093307  0.98581    0.99642026 0.98407346 0.9900649  0.99896085
 0.99942774 0.9977574  0.9949249  0.9821149  0.92160577 0.48934612
 0.9963877  0.9967771  0.96869624 0.9943745  0.9969349  0.98766786
 0.98941106 0.99886876]
[0.91356623 0.9891451  0.99564075 0.97633433 0.9855268  0.9989164
 0.99932075 0.9967302  0.99515957 0.98586816 0.9090704  0.5595948
 0.9939176  0.9975375  0.97058994 0.99579006 0.99800223 0.9952734
 0.9891158  0.9982297 ]
[0.9124339  0.9808764  0.99753076 0.97736406 0.99111825 0.9991473
 0.99926335 0.99566334 0.99240947 0.96892715 0.9343919  0.43764815
 0.993298   0.9976876  0.975524   0.99537563 0.997783   0.9906159
 0.99118596 0.9988257 ]
[0.9255724  0.97693866 0.9955777  0.9700815  0.9909836  0.9994437
 0.99913824 0.9962786  0.99187547 0.98430634 0.8594794  0.42277387
 0.9943974  0.9976942  0.9684484  0.99419373 0.99859196 0.9812035
 0.98956037 0.99795973]
[0.9471573  0.9748223  0.9976174  0.97066915 0.9936713  0.9992003
 0.9992943  0.99805427 0.9944905  0.98910683 0.9273497  0.58282554
 0.9959881  0.9973556  0.97470593 0.99449533 0.99708694 0.9898157
 0.979834   0.99884295]
[0.8996843  0.97630614 0.99724245 0.9645282  0.9934371  0.99858236
 0.9991074  0.9984738  0.9914585  0.9905255  0.8308023  0.5270002
 0.9975661  0.9967951  0.95209485 0.9939366  0.99741435 0.9836304
 0.98834455 0.9979067 ]
[0.9572828  0.9796254  0.9968426  0.9682939  0.99176615 0.99909556
 0.9992994  0.998145   0.99195534 0.98744756 0.92684746 0.52587736
 0.993274   0.997607   0.97379774 0.99591404 0.9977482  0.98631334
 0.9953087  0.9968851 ]
[0.8936464  0.98607326 0.99562657 0.9901454  0.9952596  0.9988188
 0.99926764 0.99769455 0.99501795 0.97617435 0.932348   0.5191518
 0.99814296 0.99529266 0.9772559  0.996687   0.99842834 0.9878178
 0.9853585  0.99857295]
[0.95620537 0.9863468  0.9967548  0.97850674 0.9918058  0.9989794
 0.9996026  0.998497   0.9915148  0.9831911  0.8545606  0.50517565
 0.9981577  0.99774206 0.95492756 0.99577624 0.9989065  0.9882251
 0.99273336 0.9985812 ]
[0.89980054 0.9898051  0.9972466  0.9732275  0.98979986 0.99895275
 0.9991953  0.99629575 0.99158406 0.9659909  0.9105762  0.56259173
 0.9943983  0.99619776 0.9774465  0.9962489  0.9970649  0.9861974
 0.98591936 0.99799734]
[0.95183873 0.97375643 0.9947831  0.9569186  0.9876773  0.998444
 0.99860543 0.99780875 0.9947648  0.98599523 0.90145254 0.5149076
 0.99577796 0.995509   0.98476    0.99424994 0.99692035 0.9883586
 0.9856278  0.9987186 ]
[0.8991545  0.98610026 0.99524915 0.9670347  0.9948426  0.99863285
 0.999206   0.99686617 0.99305964 0.98467493 0.91900826 0.5715243
 0.9949768  0.9967533  0.9629245  0.99355936 0.99664885 0.9938437
 0.9891811  0.99833727]
[0.9080333  0.9902228  0.9976804  0.9814695  0.9946572  0.9992617
 0.9992957  0.9977584  0.9953242  0.9872017  0.8825403  0.55181444
 0.9955707  0.9969981  0.9767099  0.9941917  0.99840885 0.99116266
 0.98324436 0.99883443]
[0.9105944  0.9600186  0.99450064 0.96238214 0.9811823  0.9985607
 0.9992083  0.9970354  0.98638725 0.97213364 0.9077125  0.5606326
 0.9924346  0.9967673  0.9784934  0.9938308  0.9948309  0.9894861
 0.9883398  0.9983071 ]
[0.837544   0.9825172  0.9959986  0.9742697  0.9920968  0.99848145
 0.99915206 0.99528295 0.9925607  0.9780139  0.8706833  0.51160693
 0.9954657  0.99608433 0.94738466 0.99601233 0.99748635 0.98565334
 0.9822688  0.99583864]
[0.94589835 0.99130285 0.9969613  0.97483665 0.9910783  0.9991008
 0.99948967 0.99760795 0.99189186 0.9905509  0.8854455  0.5328616
 0.9975426  0.99618465 0.98503244 0.9984285  0.99863607 0.97746813
 0.99124837 0.99886096]
[0.95101345 0.9801246  0.9967867  0.9848312  0.9916345  0.9986811
 0.9992988  0.9976138  0.9955244  0.98626626 0.8431755  0.47729948
 0.99703574 0.996552   0.9827419  0.99731964 0.99819946 0.98732424
 0.988457   0.999193  ]
[0.95400435 0.9799544  0.9968695  0.9774858  0.99410594 0.99842715
 0.99921167 0.998461   0.992646   0.9835328  0.9247549  0.4861491
 0.9968381  0.9971215  0.95132554 0.9957624  0.9991216  0.9886142
 0.9905951  0.9979851 ]
[0.8954848  0.99158055 0.9959045  0.9724461  0.9935364  0.9991186
 0.9992987  0.99590504 0.9881981  0.98413384 0.88417166 0.45375428
 0.99617094 0.9971413  0.97741324 0.99512345 0.9980388  0.99128294
 0.98919266 0.9981749 ]
[0.9232708  0.9800598  0.9960896  0.97010684 0.99507385 0.99878246
 0.99953234 0.99764925 0.99245    0.98509884 0.8862738  0.47868556
 0.99615794 0.9979001  0.96715087 0.99647385 0.9976597  0.99295557
 0.988531   0.998968  ]
[0.9439723  0.99350137 0.9976515  0.98907065 0.9942378  0.9994313
 0.9995813  0.9979584  0.99324244 0.98835653 0.88352793 0.40911856
 0.9966484  0.9979214  0.9839633  0.9965485  0.99868804 0.9941354
 0.9933242  0.999297  ]
[0.8666292  0.98142105 0.99769515 0.9795069  0.9903272  0.99907243
 0.9993031  0.9978005  0.99120003 0.987364   0.8686338  0.5365186
 0.9956104  0.9953467  0.94696957 0.99166834 0.9988438  0.98827946
 0.98357207 0.9983442 ]
[0.88784987 0.9795242  0.99348164 0.9817297  0.9935408  0.9986804
 0.99941325 0.998563   0.9920471  0.9887184  0.9166407  0.4789436
 0.9928255  0.99841976 0.95135987 0.99390066 0.99819154 0.99286795
 0.9862722  0.99879694]
[0.8858459  0.9843426  0.9979818  0.97376865 0.99321127 0.99927837
 0.9994972  0.9967073  0.9840426  0.98888177 0.90736544 0.533775
 0.9969259  0.998823   0.97808003 0.9946286  0.9984275  0.9918399
 0.9878982  0.9985292 ]
[0.9432903  0.9837825  0.9945868  0.98481977 0.9927523  0.9992706
 0.99897873 0.9964845  0.9919242  0.98116755 0.92912275 0.48680776
 0.99406624 0.9952651  0.95421064 0.99574274 0.9971988  0.98531044
 0.9750978  0.9988844 ]
[0.9451073  0.9772206  0.9956252  0.9817598  0.9958977  0.99884665
 0.9996283  0.9963658  0.99052995 0.9801317  0.8516528  0.55326617
 0.99568605 0.99771297 0.9571497  0.9961128  0.9987956  0.9877671
 0.983334   0.99829537]
[0.94915146 0.9828804  0.99658537 0.96258324 0.9879605  0.9988305
 0.9990414  0.9980744  0.99262834 0.98961467 0.8926349  0.5070705
 0.99646676 0.9979388  0.9679987  0.9935975  0.9978562  0.9931346
 0.9898443  0.9988487 ]
[0.9521633  0.97890866 0.9967422  0.98083717 0.9881429  0.9996112
 0.99945873 0.99900997 0.9939382  0.9907218  0.89493597 0.5614422
 0.9936272  0.99798715 0.96821177 0.9973539  0.99835455 0.99018645
 0.9906669  0.9992662 ]
[0.93736166 0.9916882  0.9942404  0.98416173 0.99541336 0.99954957
 0.99906844 0.99797565 0.9954196  0.9919532  0.9149245  0.4159302
 0.9974688  0.99739957 0.96642816 0.99512345 0.9977435  0.989606
 0.991034   0.9990595 ]
[0.94461596 0.9817136  0.9950271  0.9740796  0.9920214  0.99939215
 0.99934214 0.9964988  0.99201864 0.9882274  0.9062403  0.45420286
 0.99745256 0.9979924  0.9763579  0.99494946 0.9979108  0.98497254
 0.9882755  0.99839467]
[0.95085    0.97070134 0.9954922  0.97929835 0.9953843  0.9991881
 0.9992368  0.9981797  0.9931772  0.982936   0.93319476 0.46850222
 0.9945176  0.9940428  0.97186035 0.9968168  0.99783605 0.9898323
 0.9937028  0.99826294]
[0.9479016  0.98488194 0.9977301  0.98015    0.99233913 0.9990426
 0.9993987  0.99816364 0.995436   0.9925074  0.91794026 0.51865923
 0.99557483 0.99732816 0.9790917  0.9972053  0.99920076 0.99245787
 0.9896151  0.9986519 ]
[0.8885425  0.99133915 0.9967654  0.9579834  0.9787203  0.9993351
 0.9990369  0.99696016 0.99203485 0.9814434  0.9183016  0.6003409
 0.9971245  0.99722064 0.98166156 0.9916148  0.9984957  0.99090016
 0.993897   0.99895644]
[0.9077651  0.9876199  0.9966455  0.98845285 0.99566203 0.9994056
 0.9994498  0.9984125  0.99530053 0.9923361  0.92165136 0.57111603
 0.9979594  0.99836236 0.97880393 0.9977689  0.9986971  0.9907781
 0.98354363 0.99891376]
[0.8756275  0.9894434  0.99601376 0.9875728  0.99279916 0.99925405
 0.99951935 0.9974873  0.9944068  0.9854466  0.9157409  0.46586943
 0.99604285 0.997343   0.97247    0.99659294 0.9980653  0.98941433
 0.99204093 0.9987961 ]
[0.9403411  0.9893854  0.9972717  0.96676075 0.9915507  0.9993861
 0.99946755 0.99617696 0.99111944 0.97910744 0.8854316  0.46396008
 0.9950139  0.9964635  0.98096436 0.9976947  0.9984242  0.9916074
 0.9863419  0.9991836 ]
[0.9610773  0.98906773 0.99636495 0.9889909  0.9943228  0.99925643
 0.99938214 0.9974068  0.99207765 0.9861499  0.90876627 0.41346017
 0.99593997 0.9970431  0.9674461  0.9973966  0.9990206  0.98680544
 0.98648536 0.9991868 ]
[0.93859696 0.98037577 0.9963935  0.9760325  0.9884289  0.99886084
 0.99948704 0.99807334 0.9890565  0.9805931  0.802278   0.51594037
 0.9937509  0.99665314 0.9530109  0.99486357 0.9969458  0.98513573
 0.9892643  0.9972747 ]
[0.9110641  0.9880434  0.99255365 0.9880555  0.9932562  0.9995524
 0.999328   0.99777526 0.99196047 0.9900503  0.87604636 0.55141747
 0.99763644 0.99778855 0.9856252  0.99620605 0.99866354 0.9897153
 0.99514776 0.99841034]
[0.93327904 0.9904468  0.9963342  0.9858311  0.99661404 0.99888235
 0.9995358  0.99864036 0.98965746 0.9865102  0.8500073  0.5420914
 0.9956619  0.99851793 0.98316133 0.9956654  0.99883527 0.9949057
 0.99181414 0.99882215]
[0.9371011  0.9815637  0.9967848  0.97225076 0.99169403 0.99815303
 0.9987255  0.99806565 0.9930513  0.9852024  0.87650454 0.552917
 0.9931339  0.99660265 0.9633972  0.9947555  0.9980945  0.98082364
 0.9821358  0.99812883]
[0.9478833  0.96451944 0.99623835 0.9644724  0.99067116 0.999014
 0.99877447 0.9959798  0.9944028  0.9861041  0.90346926 0.41003683
 0.9971943  0.9963748  0.9600119  0.99678975 0.9982363  0.9936893
 0.9840843  0.99777955]
[0.90010756 0.9820872  0.9957403  0.98477906 0.9865463  0.9988726
 0.9993073  0.9970795  0.9933721  0.98783034 0.8628576  0.4271158
 0.99425864 0.9965037  0.9721604  0.99551165 0.99755967 0.9918812
 0.98733985 0.9986462 ]
[0.93661314 0.98029786 0.9965012  0.9616493  0.9875567  0.998923
 0.9987154  0.9984754  0.98861814 0.980228   0.9050369  0.42541152
 0.9915906  0.9934009  0.97137105 0.9956019  0.9980222  0.9921787
 0.9933268  0.99846494]
[0.94857323 0.98071325 0.9968148  0.9849641  0.98957205 0.99920374
 0.9993444  0.9979157  0.99582916 0.98600984 0.89972717 0.62226164
 0.9971976  0.99764603 0.98753464 0.99639696 0.9986059  0.9917675
 0.9937087  0.99901175]
[0.94017744 0.98952764 0.9937982  0.9794495  0.99054176 0.9990895
 0.99943835 0.99660516 0.99329424 0.9888764  0.8620806  0.42937577
 0.9967051  0.9976593  0.9706956  0.9954659  0.9983265  0.98412573
 0.99159735 0.99911577]
[0.9019421  0.991152   0.9979012  0.9878978  0.98829085 0.9989736
 0.99946636 0.9983658  0.9953046  0.98906904 0.9451317  0.47567606
 0.9939932  0.99544525 0.9829883  0.9973115  0.99833727 0.9865726
 0.9893495  0.9992267 ]
[0.9037636  0.9790947  0.99449664 0.9830639  0.99032277 0.99920756
 0.99894696 0.9968172  0.9910964  0.980793   0.8647784  0.57485896
 0.99574214 0.99750346 0.9779864  0.9908426  0.99859315 0.9922769
 0.97854346 0.9985557 ]
[0.8518173  0.9697677  0.9944248  0.9802269  0.9798172  0.9986933
 0.9988555  0.99667156 0.987465   0.98182434 0.8290778  0.5075756
 0.99342334 0.9972234  0.95872575 0.9972247  0.998114   0.9885521
 0.9872885  0.99701834]
[0.96001136 0.9812759  0.99729985 0.9791605  0.9961565  0.99916995
 0.99905103 0.99619436 0.99273044 0.98585343 0.92524135 0.45670134
 0.9964012  0.9949104  0.969621   0.99617    0.9991825  0.9892319
 0.9903572  0.998135  ]
[0.9246773  0.9839451  0.99573165 0.98723245 0.9951852  0.99902356
 0.99915254 0.99834776 0.9964498  0.9876172  0.93062997 0.44452527
 0.99675435 0.99701905 0.97834706 0.99447757 0.9983498  0.9933106
 0.9888254  0.99826163]
[0.9093349  0.9718079  0.99673504 0.9738995  0.9920477  0.999113
 0.9991223  0.99537045 0.9901569  0.9794536  0.9262081  0.5772391
 0.9956118  0.9962358  0.9537304  0.99587315 0.9982116  0.98859185
 0.9916054  0.998054  ]
[0.9333317  0.98937196 0.9971373  0.97503895 0.9939877  0.9994374
 0.9995927  0.99678135 0.9945576  0.9902444  0.9236966  0.54691386
 0.9982607  0.9984127  0.97686726 0.99615496 0.99861145 0.98999
 0.99440986 0.99920183]
[0.94796073 0.9904174  0.9971762  0.981737   0.988636   0.9992499
 0.99948955 0.9975981  0.9952703  0.98885626 0.8575376  0.43847618
 0.99499387 0.9945484  0.9596431  0.9958526  0.99588937 0.9881932
 0.9864136  0.99761474]
[0.9051838  0.99191463 0.99525404 0.9547716  0.99284196 0.9992422
 0.9993617  0.9976121  0.9919848  0.98408175 0.88542736 0.6074693
 0.9966102  0.99627364 0.9776563  0.99625516 0.9980788  0.98702
 0.9843396  0.9989266 ]
[0.8997292  0.9853476  0.99678445 0.97139907 0.9916045  0.99908006
 0.99938893 0.99882895 0.99310875 0.98641646 0.86928546 0.50925595
 0.9970074  0.99678135 0.966993   0.997428   0.99758744 0.98279184
 0.985103   0.9990509 ]
[0.89241534 0.97005606 0.99845624 0.9836143  0.99313027 0.9989139
 0.9988825  0.9984282  0.9950765  0.9865102  0.86342657 0.4084372
 0.99742055 0.99723095 0.95634335 0.99630535 0.9987832  0.99265516
 0.9918783  0.9990538 ]
[0.95743006 0.9858862  0.9968941  0.97465783 0.99191225 0.99889934
 0.9994848  0.99861073 0.99503595 0.98359895 0.9206848  0.63141555
 0.9968201  0.99744886 0.9843083  0.9960788  0.99911195 0.9954247
 0.98903567 0.99917656]
[0.94125295 0.97821903 0.9980363  0.9755568  0.9902171  0.99879503
 0.9993268  0.99828196 0.99429554 0.98889613 0.9364641  0.5258734
 0.9954334  0.9960912  0.97949684 0.9981148  0.9985629  0.9887772
 0.98852044 0.9986167 ]
[0.8675224  0.97706735 0.99452823 0.969652   0.9920465  0.9981304
 0.9993426  0.99740136 0.9890555  0.9824102  0.92449224 0.6002062
 0.9957455  0.99499476 0.97373486 0.9974789  0.9986222  0.9796123
 0.9879726  0.9984163 ]
[0.9373935  0.9545534  0.9946741  0.9735487  0.98534876 0.99875987
 0.99936897 0.9983228  0.9961398  0.98428464 0.9007697  0.6449734
 0.9952295  0.99859315 0.9722874  0.99623114 0.99749315 0.9886902
 0.99062353 0.9983835 ]
[0.95431226 0.983934   0.99754095 0.97920245 0.99047965 0.9992887
 0.9992779  0.99840885 0.9930484  0.9785056  0.8626499  0.56451833
 0.9947843  0.99860436 0.97856903 0.99683076 0.9985973  0.99070704
 0.9866131  0.9979284 ]
[0.92392296 0.98421866 0.9958054  0.9818996  0.98929894 0.9990176
 0.99940467 0.9967174  0.99319434 0.9866725  0.93359697 0.6019999
 0.99572706 0.99729127 0.97068274 0.9961117  0.99829394 0.99135524
 0.995059   0.99899477]
[0.92110103 0.9781083  0.99764156 0.986011   0.9893764  0.9987601
 0.9995442  0.9964966  0.99467236 0.98581773 0.9102305  0.49678734
 0.9959865  0.9961564  0.9781491  0.9948413  0.9976519  0.99028766
 0.98521835 0.9988877 ]
[0.89579415 0.9944266  0.99741024 0.98042417 0.996231   0.9988859
 0.9993476  0.99842834 0.9946201  0.9833114  0.92513645 0.53864
 0.9974015  0.99759585 0.98013103 0.99800557 0.9988059  0.99476886
 0.99510443 0.99899787]
[0.9140418  0.9862233  0.99767226 0.9911048  0.99416465 0.9988932
 0.99963105 0.9981787  0.9964334  0.9891095  0.91056687 0.40795964
 0.9961862  0.99524635 0.97989386 0.9926063  0.9986778  0.9913516
 0.99143314 0.99807215]
[0.9553219  0.984962   0.99662197 0.9627418  0.99144846 0.99902236
 0.99934024 0.9983217  0.99536335 0.9852555  0.90422827 0.43375006
 0.9951775  0.99852484 0.98371387 0.99547774 0.998497   0.9872665
 0.99482477 0.99836093]
