Mprobs for dataset sim1 (1)

[0.99984944 0.9999585  0.9999143  0.99957067 0.9999     0.99989176
 0.99989283 0.99976677 0.9998473  0.9999504 ]
[0.9999213  0.9999373  0.99996066 0.99948907 0.99985445 0.99992275
 0.9999274  0.99972767 0.9998963  0.9999298 ]
[0.9998926  0.9999428  0.99991834 0.999395   0.9998815  0.99993515
 0.99991655 0.9997669  0.9998635  0.9999205 ]
[0.99988544 0.9999553  0.99992514 0.99933285 0.999816   0.9999472
 0.99989927 0.99966013 0.9998733  0.99993646]
[0.9999099  0.99996674 0.9999052  0.9993304  0.9998338  0.9999051
 0.9998808  0.9996171  0.999838   0.99996185]
[0.99990404 0.9999535  0.999961   0.99948776 0.9999006  0.9999225
 0.9999126  0.99965286 0.9998863  0.99993396]
[0.9999236  0.99994195 0.99992275 0.99967384 0.99989223 0.9999429
 0.99992204 0.999806   0.99982685 0.99993277]
[0.9998833  0.9999349  0.999938   0.9993352  0.9998994  0.9999211
 0.9998721  0.99977845 0.99989855 0.99991274]
[0.9998554  0.9999505  0.99995995 0.9993067  0.99988043 0.99990714
 0.9998746  0.99970335 0.9998217  0.99992096]
[0.99985254 0.9999509  0.9999274  0.9994199  0.9999076  0.9998764
 0.9998764  0.99964774 0.99979705 0.9999434 ]
[0.99987566 0.9999598  0.999925   0.9996879  0.9998722  0.999913
 0.9998988  0.9997913  0.9998884  0.9999355 ]
[0.99986076 0.9999529  0.99990594 0.99941826 0.99982685 0.9999374
 0.99990654 0.99972814 0.99990773 0.9999598 ]
[0.99988973 0.9999416  0.9999565  0.99933547 0.9998233  0.999895
 0.99992406 0.9997267  0.99987066 0.9999088 ]
[0.99993265 0.9999616  0.9999521  0.99948645 0.9999106  0.9999144
 0.9998778  0.9998036  0.99986887 0.9999176 ]
[0.9998611  0.99996734 0.99992526 0.9994037  0.99987257 0.9999205
 0.99992    0.9996978  0.9998801  0.99992776]
[0.9998852  0.9999596  0.99991703 0.9995023  0.9999168  0.9999417
 0.9999175  0.99969566 0.99980813 0.9999573 ]
[0.99987483 0.99994993 0.9999566  0.99959725 0.9998814  0.9998977
 0.9998789  0.9997478  0.9998956  0.999936  ]
[0.99989426 0.9999577  0.9999387  0.9996345  0.99984443 0.9999392
 0.9998933  0.999683   0.9999068  0.99995315]
[0.9999093  0.99995923 0.9999491  0.99963343 0.99990594 0.9999298
 0.99989855 0.9997652  0.9998541  0.99995065]
[0.9999018  0.99996436 0.9999523  0.99945635 0.9998529  0.999892
 0.9998952  0.9997743  0.9999068  0.99995244]
[0.99985576 0.9999577  0.9999224  0.99971575 0.99991727 0.9999465
 0.99988055 0.9997799  0.99986994 0.99991906]
[0.99989164 0.99995184 0.999923   0.99940765 0.99990606 0.99993813
 0.9998547  0.9996877  0.9998179  0.9999554 ]
[0.9998822  0.9999232  0.99995387 0.9996468  0.9999151  0.9999269
 0.999894   0.99979204 0.99988663 0.9999597 ]
[0.99988616 0.9999393  0.99991786 0.99931467 0.99990046 0.9999051
 0.99986744 0.9997495  0.9998747  0.99995816]
[0.99992216 0.99996924 0.9999597  0.99944514 0.9998957  0.9998913
 0.9998807  0.9996271  0.9998499  0.99993074]
[0.9999244  0.99994814 0.9999509  0.9995085  0.9998876  0.9999007
 0.9998853  0.9996948  0.9998801  0.99993813]
[0.9999193  0.9999579  0.99995613 0.99963486 0.99984276 0.9999447
 0.99985063 0.9997485  0.99986255 0.99992156]
[0.9999124  0.9999473  0.9999347  0.9993261  0.9998739  0.99993074
 0.9998692  0.9997609  0.9998789  0.99994576]
[0.99985933 0.9999491  0.99993217 0.999488   0.999851   0.9999243
 0.999912   0.9997931  0.9998449  0.99993694]
[0.9998486  0.9999387  0.99994195 0.9995407  0.99986184 0.9999467
 0.99985933 0.99983084 0.99989057 0.9999554 ]
[0.99991834 0.9999349  0.9999424  0.99965644 0.9998233  0.9999331
 0.99986506 0.99974436 0.9998776  0.9999461 ]
[0.99988997 0.9999664  0.9999391  0.99961567 0.9998913  0.9998963
 0.99985397 0.999739   0.99988425 0.99993706]
[0.9999231  0.9999672  0.99995136 0.9996049  0.99991274 0.99990964
 0.99993205 0.9997681  0.99984694 0.99994516]
[0.99986696 0.9999503  0.9999356  0.99933845 0.99989784 0.9998872
 0.9999112  0.9996618  0.9998233  0.99995184]
[0.9999206  0.9999368  0.99991393 0.9996189  0.99986935 0.99989784
 0.99990356 0.99979013 0.9998915  0.9999435 ]
[0.9999056  0.99996734 0.9999534  0.9995548  0.99989974 0.99994767
 0.9998759  0.99968505 0.999899   0.999948  ]
[0.99988604 0.9999424  0.9999329  0.9993736  0.99981195 0.9998852
 0.99988186 0.999772   0.99985695 0.9999621 ]
[0.9999114  0.9999418  0.9999496  0.9994247  0.9998554  0.9999163
 0.9998921  0.9998161  0.99989367 0.9999188 ]
[0.9999306  0.99992967 0.99992037 0.99940324 0.9998853  0.9999075
 0.9998865  0.99974304 0.99988604 0.99995494]
[0.9999362  0.99993396 0.9999498  0.9995652  0.9998764  0.9999186
 0.99986637 0.99965787 0.9998091  0.9999075 ]
[0.99985135 0.9999329  0.9999285  0.999629   0.9998771  0.99992824
 0.9998511  0.9997291  0.99987304 0.99990475]
[0.99990475 0.9999391  0.99991465 0.9996197  0.99991596 0.99991643
 0.99986494 0.9996886  0.99980885 0.9999387 ]
[0.99990094 0.9999652  0.9999126  0.9996495  0.9998518  0.9999479
 0.99986744 0.99976856 0.9998043  0.99993134]
[0.99992955 0.9999385  0.9999552  0.99962246 0.9998161  0.9998896
 0.9999348  0.999808   0.9998505  0.9999132 ]
[0.9998822  0.99993503 0.9999598  0.99942636 0.9998234  0.99993837
 0.9999167  0.99974805 0.99979323 0.9999471 ]
[0.99992204 0.9999294  0.99996126 0.99970263 0.99991155 0.99987316
 0.9998541  0.99983215 0.9999069  0.9999094 ]
[0.9998902  0.999964   0.99991417 0.99956745 0.99985147 0.99993837
 0.9999105  0.9997105  0.9998344  0.999944  ]
[0.9998648  0.9999255  0.9999324  0.99949944 0.9998097  0.99988043
 0.999882   0.99972767 0.9999032  0.9999286 ]
[0.9998665  0.999943   0.99993706 0.99965274 0.99986196 0.99992263
 0.99988663 0.9997615  0.99990857 0.99993956]
[0.99988747 0.99993217 0.9999244  0.9994122  0.99992025 0.99991775
 0.99987686 0.9997664  0.9998492  0.99990904]
[0.99990904 0.9999367  0.9999403  0.9995517  0.9999087  0.99991465
 0.9999343  0.9997807  0.99986315 0.9999281 ]
[0.9999163  0.9999608  0.9999105  0.9993517  0.9998129  0.9999441
 0.9999083  0.9996557  0.99983513 0.9999168 ]
[0.99991405 0.99993515 0.9999573  0.9993948  0.99988496 0.999879
 0.9998853  0.99971074 0.99980456 0.999923  ]
[0.99985397 0.9999627  0.9999105  0.999602   0.99991226 0.99987566
 0.99990404 0.9997298  0.9999021  0.999948  ]
[0.9998864  0.99996114 0.99996006 0.9995983  0.99985075 0.9999218
 0.999884   0.9996234  0.99989283 0.9999435 ]
[0.9999287  0.9999666  0.9999149  0.99956125 0.99989986 0.99994123
 0.9999261  0.99974436 0.9998223  0.9999231 ]
[0.9998652  0.9999479  0.9999088  0.9993949  0.9998672  0.99994516
 0.9999114  0.999838   0.99982685 0.9999504 ]
[0.99991333 0.9999306  0.9999238  0.9996146  0.9998826  0.99993396
 0.9999062  0.9997695  0.999851   0.9999448 ]
[0.99993145 0.9999379  0.9999304  0.9996482  0.9999012  0.9999292
 0.99988246 0.9996908  0.9998822  0.9999579 ]
[0.99984455 0.9999479  0.99992645 0.99941075 0.9998903  0.9999285
 0.9999275  0.9997366  0.99986875 0.9999523 ]
[0.99988306 0.99995446 0.9999206  0.99965787 0.99990916 0.99990773
 0.99990463 0.9998172  0.9998266  0.99990666]
[0.9998472  0.99993837 0.99995613 0.999549   0.9998653  0.99992526
 0.9998485  0.9997254  0.999816   0.9999598 ]
[0.99991214 0.99996567 0.9999461  0.9994293  0.9998684  0.9999269
 0.9998963  0.9996755  0.9998342  0.99993086]
[0.99990106 0.9999685  0.99993145 0.99959713 0.9999093  0.9998834
 0.99987257 0.9998172  0.9999099  0.99993503]
[0.9999137  0.99996233 0.9999571  0.99965143 0.9998161  0.99991536
 0.99986064 0.9997042  0.99987984 0.9999392 ]
[0.9998555  0.99992716 0.9999486  0.9996346  0.9998969  0.99989235
 0.99992776 0.9997558  0.99982244 0.99994254]
[0.9998729  0.9999248  0.99996054 0.99957865 0.9998425  0.9999448
 0.9998933  0.9996736  0.9998055  0.9999567 ]
[0.99990356 0.9999237  0.99991953 0.9994288  0.9998197  0.9999205
 0.9999095  0.99982977 0.9999083  0.999923  ]
[0.9998889  0.9999641  0.9999529  0.99945647 0.99981385 0.99993813
 0.99986804 0.99966884 0.99986684 0.999941  ]
[0.99986815 0.99992526 0.99995875 0.9992988  0.99985504 0.99993515
 0.9999323  0.9997619  0.99991    0.9999312 ]
[0.9998648  0.9999522  0.9999615  0.9996196  0.9998981  0.99990225
 0.99991727 0.9997116  0.99990845 0.99990916]
[0.9998629  0.99994004 0.9999478  0.99954504 0.99984133 0.99988186
 0.9998734  0.99981445 0.99989676 0.9999273 ]
[0.99988127 0.9999666  0.9999622  0.99963295 0.9999113  0.9999404
 0.99989414 0.99963295 0.99986124 0.99994206]
[0.99992585 0.9999579  0.99992216 0.9996251  0.9998876  0.9999361
 0.99993455 0.99965596 0.99982184 0.9999267 ]
[0.9998809  0.99995196 0.99990976 0.9993992  0.9998535  0.99988735
 0.9999012  0.9996736  0.9998826  0.99993885]
[0.99990165 0.99995875 0.9999585  0.9996278  0.9999012  0.999931
 0.9998671  0.99973506 0.999876   0.99993956]
[0.99989414 0.9999411  0.999951   0.9995049  0.99989283 0.99992335
 0.99990344 0.99967575 0.99986434 0.99993277]
[0.9998622  0.99995923 0.999961   0.9995129  0.99991596 0.99992895
 0.99985886 0.9997185  0.9999021  0.9999436 ]
[0.9999198  0.99994874 0.9999205  0.999592   0.9998554  0.99994814
 0.9998845  0.9996706  0.9998579  0.99991345]
[0.9999107  0.9999325  0.9999275  0.9993782  0.99982435 0.99991405
 0.9999248  0.9996935  0.9998832  0.99995196]
[0.9998778  0.99993503 0.9999392  0.9994166  0.9999057  0.99988663
 0.99992573 0.9997727  0.99981123 0.99991536]
[0.9999207 0.9999474 0.9999442 0.9996339 0.9999052 0.9999453 0.999889
 0.9998165 0.999801  0.9999188]
[0.999877   0.9999442  0.99991024 0.999461   0.9999075  0.99994767
 0.99991167 0.99972254 0.99991345 0.9999088 ]
[0.99991083 0.99996114 0.99992275 0.9996043  0.9999157  0.9999125
 0.9998702  0.99973637 0.9998092  0.9999144 ]
[0.99987364 0.999966   0.99992704 0.9996555  0.9998666  0.9998796
 0.9998658  0.99978834 0.9998585  0.9999565 ]
[0.999925   0.999956   0.99991417 0.99965    0.99985874 0.9999373
 0.9998653  0.9997098  0.9998166  0.9999064 ]
[0.99993086 0.99995494 0.9999242  0.9993493  0.99989974 0.9999032
 0.9999063  0.9996511  0.99985075 0.99995124]
[0.9999349  0.9999373  0.99995065 0.99967825 0.9998653  0.9999231
 0.9999249  0.9996495  0.99983656 0.99993265]
[0.99985886 0.999948   0.9999565  0.999418   0.9999019  0.9999422
 0.99987864 0.99964166 0.9999081  0.99990904]
[0.9999043  0.99994934 0.99994624 0.9996865  0.9998963  0.9999206
 0.99985766 0.99968576 0.99989784 0.99992144]
[0.99985564 0.99993587 0.99994576 0.9995962  0.99988997 0.9999273
 0.99986994 0.9996481  0.9998685  0.9999496 ]
[0.99985135 0.99996006 0.99992657 0.9995704  0.99981445 0.9998958
 0.9998758  0.9998271  0.9997892  0.999938  ]
[0.9999138  0.9999548  0.9999194  0.99945897 0.9998417  0.99993026
 0.9999033  0.9997706  0.9998754  0.9999422 ]
[0.9999075  0.9999243  0.9999113  0.9995608  0.9998555  0.9998995
 0.99986684 0.9997168  0.99983597 0.9999255 ]
[0.9999161  0.9999646  0.99994314 0.99933165 0.9998902  0.9998894
 0.9998616  0.9997261  0.99984694 0.99995136]
[0.9999149  0.99996364 0.9999268  0.9993844  0.9999021  0.9999292
 0.99992716 0.99965835 0.99983406 0.9999459 ]
[0.99993706 0.9999598  0.99991214 0.99954563 0.99987066 0.99992836
 0.9999106  0.999744   0.9998766  0.9999213 ]
[0.9998789  0.9999262  0.99990976 0.99953055 0.9998305  0.99987423
 0.9999013  0.9998301  0.9998468  0.9999517 ]
[0.9998523  0.99994826 0.99993384 0.9995122  0.99985135 0.9999341
 0.9998987  0.99968076 0.9998362  0.99995005]
[0.9999349  0.9999536  0.99995077 0.99952924 0.9999032  0.9998779
 0.99985576 0.9996437  0.99981886 0.9999523 ]
