Mprobs for dataset sim1 (4)

[0.97687644 0.37952933 0.99988544 0.9999392  0.99994683 0.99953914
 0.99987113 0.9691524  0.99209434 0.9998722  0.99992824 0.99957484
 0.9998758  0.9999492 ]
[0.9809332  0.3502062  0.9999229  0.9999453  0.9999248  0.9994074
 0.9998529  0.9622839  0.9936109  0.99991786 0.99989295 0.9996685
 0.99981314 0.99995327]
[0.985174   0.39848435 0.999925   0.9999609  0.9999114  0.99934274
 0.9999145  0.96642816 0.9874329  0.9998642  0.99983954 0.9993917
 0.9998235  0.9999238 ]
[0.97392684 0.34335586 0.99991393 0.99995804 0.99992037 0.9994911
 0.9998203  0.96287066 0.9920648  0.9999349  0.99989605 0.99964213
 0.9998035  0.99990916]
[0.9801964  0.3603843  0.99991333 0.99992836 0.9999274  0.99964213
 0.99987245 0.9658202  0.9922241  0.9998646  0.999882   0.9995154
 0.9998103  0.9999467 ]
[0.98653084 0.37936142 0.9999006  0.9999343  0.9999337  0.99946016
 0.9998     0.96917623 0.99164    0.99990594 0.9998971  0.9996451
 0.999892   0.9999143 ]
[0.9857082  0.35878533 0.9998764  0.99994254 0.99995875 0.9994825
 0.99984205 0.96738976 0.98852414 0.99992704 0.9998636  0.9996605
 0.99985445 0.999926  ]
[0.9777876  0.3946725  0.9998765  0.99996185 0.99993944 0.99959093
 0.999882   0.9661523  0.99142176 0.99987566 0.999859   0.99958557
 0.9998766  0.99994946]
[0.9821853  0.38343742 0.9998888  0.99996674 0.9999051  0.9991781
 0.9999095  0.9798916  0.9940001  0.99988806 0.9998871  0.9994068
 0.99984705 0.9999217 ]
[0.9827795  0.35536003 0.9998971  0.99993503 0.9999231  0.99951136
 0.9999013  0.9528455  0.9863663  0.99992657 0.9998609  0.9997062
 0.99984145 0.9999325 ]
[0.98297566 0.39356914 0.999933   0.9999366  0.999943   0.9993044
 0.99988544 0.9638552  0.99095446 0.9999293  0.99986184 0.9995535
 0.9998     0.99993527]
[0.98630524 0.39765462 0.9998437  0.9999596  0.9999232  0.99930596
 0.99988306 0.97643286 0.9878736  0.99990237 0.99988246 0.99944574
 0.99989116 0.99991655]
[0.9813393  0.33559483 0.99987805 0.9999343  0.9999161  0.9995338
 0.99983895 0.9776423  0.9914665  0.99992573 0.99990463 0.9995913
 0.9998084  0.9999198 ]
[0.9731222  0.36586925 0.9999268  0.9999504  0.9999428  0.9996045
 0.9999043  0.95516026 0.9937022  0.99993837 0.99987996 0.9997178
 0.9998722  0.99996066]
[0.9717486  0.38089392 0.9998565  0.9999243  0.99993587 0.9994437
 0.99987566 0.9594352  0.98780024 0.9999268  0.99990535 0.99960834
 0.99982053 0.9999409 ]
[0.9678738  0.3936792  0.9999126  0.9999676  0.9999279  0.99940526
 0.9998883  0.9560857  0.9907347  0.99987817 0.9998921  0.9996159
 0.9997781  0.9999106 ]
[0.9786537  0.39281976 0.9998945  0.99995303 0.9999409  0.99953926
 0.9998099  0.9621686  0.9887186  0.9999057  0.9998616  0.9997087
 0.99980515 0.99995625]
[0.9848802  0.38866895 0.9999026  0.99992025 0.9999174  0.9996437
 0.9998617  0.96349525 0.9871718  0.99992335 0.9999238  0.9994586
 0.99979705 0.99992275]
[0.9783205  0.3925363  0.99987316 0.9999306  0.99994075 0.9992187
 0.99990857 0.9607533  0.9896164  0.9999198  0.9998516  0.9995192
 0.99990714 0.99994886]
[0.9820073  0.37265745 0.99986696 0.99992704 0.99995816 0.999616
 0.99986994 0.95658135 0.991176   0.9998826  0.99987864 0.9996636
 0.99988365 0.99995565]
[0.9858196  0.35043746 0.99993086 0.99995625 0.99993813 0.99956745
 0.9998053  0.97608614 0.9931378  0.9999294  0.99989796 0.9994734
 0.9998474  0.99994624]
[0.98107105 0.36457267 0.99990046 0.99993336 0.9999509  0.99928194
 0.9999118  0.98185825 0.9913026  0.99989593 0.9998727  0.9995302
 0.9998149  0.99994254]
[0.9855478  0.384147   0.99986863 0.99995255 0.9999051  0.99934155
 0.99987364 0.9637929  0.98459804 0.9999074  0.99990284 0.99948347
 0.99987555 0.9999095 ]
[0.97243124 0.34995696 0.99986064 0.99995947 0.9999219  0.99956745
 0.9998932  0.9737579  0.98969436 0.9999207  0.9998627  0.9994999
 0.99982053 0.9999074 ]
[0.9737979  0.39487657 0.99986935 0.99994504 0.9999219  0.9996362
 0.9998516  0.9758494  0.9926093  0.9999348  0.99985635 0.99968266
 0.99990845 0.9999341 ]
[0.98196065 0.38582402 0.9999174  0.9999337  0.99994767 0.9996081
 0.99983513 0.94897527 0.990905   0.9999163  0.99989355 0.9997439
 0.99987173 0.9999521 ]
[0.98427355 0.33485898 0.9999093  0.99996245 0.999908   0.99938333
 0.9998822  0.95774853 0.993086   0.99992275 0.9999194  0.9996258
 0.99982953 0.9999186 ]
[0.9838509  0.3707534  0.9998516  0.9999211  0.99995196 0.9994498
 0.9998343  0.9618965  0.99247336 0.99988997 0.9998919  0.99956065
 0.9998814  0.99992466]
[0.9710183  0.3453127  0.9999058  0.9999522  0.99994767 0.99959964
 0.9998117  0.9715978  0.99029    0.9999075  0.99990773 0.99953043
 0.99986136 0.9999207 ]
[0.98390746 0.37171233 0.9999174  0.9999329  0.9999367  0.99945825
 0.99982136 0.9632024  0.99161315 0.9999151  0.99985635 0.9995436
 0.99985385 0.99992347]
[0.9784209  0.36559525 0.99987197 0.9999633  0.9999325  0.99932563
 0.9998492  0.97331196 0.99299085 0.9998946  0.9998952  0.9997111
 0.99976534 0.9999573 ]
[0.98560035 0.3314764  0.99992025 0.9999511  0.999951   0.99921083
 0.9998871  0.9633042  0.9884266  0.99989843 0.9998776  0.99949896
 0.9998041  0.99995506]
[0.9809744  0.35861823 0.9998375  0.99992144 0.99991715 0.9996356
 0.9998203  0.9427504  0.9913818  0.99987054 0.99989855 0.9993799
 0.99984217 0.9999447 ]
[0.9784224  0.35471734 0.99986315 0.99992585 0.9999244  0.999169
 0.99987507 0.9666885  0.98954284 0.99992025 0.9999237  0.9993185
 0.9997979  0.9999162 ]
[0.9745394  0.34500858 0.9999013  0.99995255 0.99995327 0.99960405
 0.9999101  0.9702885  0.9911822  0.9999168  0.9998926  0.99975115
 0.99985147 0.99993193]
[0.98115647 0.34975114 0.9998859  0.9999281  0.99994874 0.99953306
 0.9998641  0.9810641  0.99028313 0.9999025  0.99993646 0.9995359
 0.9998666  0.9999536 ]
[0.9854236  0.4081273  0.99993217 0.9999387  0.99992466 0.9996505
 0.99983704 0.96202356 0.99071723 0.9999019  0.9999324  0.99965715
 0.9998523  0.9999293 ]
[0.9855203  0.36762625 0.9998343  0.9999442  0.99993396 0.9994791
 0.9998883  0.97369474 0.9864638  0.9999076  0.99991167 0.9995409
 0.9998534  0.99992037]
[0.97995293 0.36108643 0.99989665 0.99993885 0.9999304  0.9992894
 0.9998467  0.9634923  0.9900275  0.99993575 0.9999223  0.9993918
 0.99975854 0.9999331 ]
[0.9850648  0.37635916 0.9999099  0.9999572  0.9999529  0.99922276
 0.9997707  0.96176237 0.9874709  0.99993706 0.9999031  0.99941766
 0.9998753  0.99992573]
[0.9850873  0.37677714 0.9998671  0.9999378  0.9999232  0.9995573
 0.99989176 0.9543039  0.9937099  0.99987435 0.9999075  0.999503
 0.9998963  0.9999422 ]
[0.9808821  0.35848308 0.99990916 0.99994195 0.9999603  0.9996326
 0.99989736 0.97133034 0.99052507 0.9999225  0.9998468  0.9997135
 0.9998785  0.9999492 ]
[0.98589593 0.34331852 0.9999093  0.99995685 0.99995947 0.9992878
 0.9998036  0.9787593  0.9895191  0.9999149  0.99988127 0.9995561
 0.99990094 0.9999387 ]
[0.98588955 0.34130424 0.99992657 0.9999591  0.9999505  0.9996189
 0.99988747 0.9552617  0.9873145  0.99994135 0.9998493  0.9993413
 0.99973124 0.9999201 ]
[0.98410195 0.38521606 0.9998704  0.9999591  0.99993956 0.9994394
 0.99986887 0.97164243 0.98683167 0.99994636 0.99986947 0.9997073
 0.99978465 0.99990654]
[0.97830725 0.35902706 0.99985003 0.99992824 0.9999193  0.99944896
 0.99981934 0.96524763 0.99424994 0.9999291  0.99984765 0.9995086
 0.9999062  0.99991786]
[0.98736054 0.33323658 0.99992776 0.9999603  0.99994934 0.9994573
 0.9997905  0.9639093  0.9881358  0.9998834  0.9998747  0.9996519
 0.99989974 0.99992573]
[0.97514933 0.41238523 0.99989545 0.99994326 0.99994874 0.9992866
 0.9998833  0.9697842  0.9906375  0.9999088  0.9998709  0.99962187
 0.9998578  0.9999378 ]
[0.9720773  0.39575723 0.9998934  0.99993145 0.99991834 0.99956805
 0.9999063  0.9790102  0.9928162  0.99987364 0.9999213  0.9997508
 0.99988854 0.99991405]
[0.97510624 0.34835526 0.9998659  0.99993503 0.99993074 0.9996388
 0.99988484 0.95561695 0.9933181  0.99992454 0.9998398  0.9996112
 0.9998888  0.99993074]
[0.9737429  0.3786352  0.9999027  0.99992883 0.99991524 0.99964356
 0.99985206 0.973214   0.99051803 0.999938   0.9998808  0.99969196
 0.99983084 0.99995995]
[0.9761889  0.3397199  0.9998685  0.9999411  0.99993277 0.9995314
 0.99977773 0.9605901  0.9903105  0.99994314 0.9998357  0.9994892
 0.9997812  0.99994814]
[0.97489023 0.32027638 0.99989295 0.999948   0.99994564 0.99920326
 0.9998982  0.9628375  0.9920243  0.9999033  0.9999007  0.99968195
 0.9998406  0.999908  ]
[0.9817504  0.38171387 0.99992967 0.9999291  0.9999306  0.9996051
 0.9998989  0.97832507 0.98680556 0.9999373  0.99986327 0.9997378
 0.99987113 0.99992096]
[0.9846251  0.39873478 0.99988484 0.9999268  0.9999     0.9994511
 0.9999094  0.96754783 0.9898286  0.9999205  0.999856   0.999671
 0.9998847  0.999961  ]
[0.9810445  0.36377606 0.9998547  0.9999685  0.9999269  0.999356
 0.99987316 0.96180487 0.99049336 0.99992526 0.9999275  0.99948835
 0.9997956  0.99995244]
[0.97432536 0.31764936 0.9998416  0.99994445 0.99993193 0.9994179
 0.99984455 0.973301   0.9891555  0.99991083 0.99985826 0.99955124
 0.9998884  0.9999459 ]
[0.9740501  0.33917516 0.99989617 0.99994993 0.99995446 0.99960834
 0.9998388  0.97088796 0.98728985 0.999907   0.99993205 0.9996871
 0.99985886 0.99989974]
[0.9858516  0.35372725 0.99991035 0.9999521  0.9999094  0.999485
 0.999796   0.9683736  0.99227107 0.9998889  0.9998479  0.99955434
 0.99987376 0.9999348 ]
[0.9844982  0.38712445 0.9999263  0.9999627  0.999923   0.9994923
 0.99984753 0.9773866  0.99244434 0.99994504 0.9998517  0.999716
 0.99983394 0.9999348 ]
[0.97359586 0.37053117 0.99992824 0.9999354  0.9999417  0.9992316
 0.9997869  0.97240925 0.99213296 0.9998876  0.9998939  0.9996146
 0.9998574  0.9999379 ]
[0.98180777 0.36387807 0.9998821  0.9999535  0.999961   0.9995516
 0.9997956  0.97993773 0.9936231  0.99994504 0.99984944 0.99941754
 0.99988604 0.99992645]
[0.9790452  0.36585957 0.9998815  0.99993527 0.9999416  0.9995346
 0.99980384 0.9764149  0.98987436 0.99988294 0.99987745 0.99945086
 0.9998807  0.99994826]
[0.98258024 0.3386901  0.99990606 0.9999232  0.99993014 0.9996032
 0.99982375 0.96027696 0.99293035 0.9998901  0.9998882  0.99959654
 0.99987423 0.9999304 ]
[0.9764747  0.39107254 0.99990785 0.99996734 0.99991    0.99956006
 0.9998945  0.9643886  0.99126774 0.9999062  0.9998778  0.9995914
 0.9998005  0.9999479 ]
[0.97858626 0.36302584 0.99990475 0.99995124 0.9999485  0.9995053
 0.9998553  0.96441245 0.98865414 0.99994266 0.9998381  0.9994424
 0.9998913  0.99994934]
[0.9785243  0.39704907 0.999915   0.999954   0.9999397  0.99965525
 0.9998586  0.9649518  0.9868891  0.9999281  0.9998578  0.9996495
 0.9998011  0.99994874]
[0.9792509  0.36830392 0.99987626 0.9999261  0.9999471  0.99943274
 0.9998807  0.96667516 0.9891173  0.99992156 0.9998932  0.99968517
 0.9998721  0.99991083]
[0.98025125 0.35280976 0.99986446 0.9999392  0.9999453  0.999253
 0.99988604 0.9757959  0.9869006  0.9999263  0.9999187  0.9996649
 0.99982893 0.99991775]
[0.97653085 0.37942457 0.9999256  0.99993515 0.9999236  0.99951553
 0.99980944 0.9673286  0.99430215 0.99990666 0.9999002  0.9995684
 0.99977165 0.99995637]
[0.9834975  0.38864526 0.9999161  0.9999552  0.9999268  0.9993999
 0.99983644 0.9674741  0.98994595 0.9999105  0.9999001  0.9995987
 0.9998517  0.9999348 ]
[0.974207   0.3935692  0.9998462  0.9999628  0.99990726 0.9995222
 0.9998319  0.97841394 0.9922241  0.9999434  0.99990666 0.99951994
 0.9998814  0.99995863]
[0.9799326  0.365464   0.99992895 0.99993956 0.9999151  0.9995135
 0.9997954  0.96004575 0.989838   0.9999299  0.9999136  0.9995265
 0.99987495 0.99991465]
[0.97584707 0.33916703 0.9999281  0.99996567 0.9999223  0.999508
 0.99981457 0.97386295 0.99281186 0.9999176  0.9998561  0.99963284
 0.99987197 0.9999317 ]
[0.976147   0.36617586 0.999856   0.999936   0.9999125  0.9995851
 0.99989295 0.9451414  0.99226534 0.99987817 0.9998838  0.9996705
 0.99985874 0.99991643]
[0.9765879  0.39846295 0.9998573  0.99995923 0.99994123 0.99962974
 0.9998895  0.9558228  0.98919815 0.9999063  0.9999063  0.9996829
 0.9998437  0.9999323 ]
[0.9753924  0.37630442 0.9999262  0.9999219  0.9999403  0.9995591
 0.9998871  0.9653287  0.9939552  0.99988127 0.99991167 0.9995834
 0.9997663  0.9999485 ]
[0.98620135 0.3459429  0.9998996  0.99995136 0.99993587 0.99942577
 0.9998579  0.96338487 0.9904013  0.99993825 0.99986255 0.9993937
 0.9998234  0.9999448 ]
[0.98129845 0.32051963 0.9998956  0.9999336  0.9999157  0.9996438
 0.9999     0.9685305  0.9906599  0.9998872  0.99992144 0.9995363
 0.9998012  0.99993014]
[0.9856231  0.3183502  0.9999286  0.99995685 0.99991894 0.99950075
 0.99983096 0.9722898  0.99053216 0.9999225  0.9999243  0.9994031
 0.9998373  0.9999604 ]
[0.98700446 0.37579742 0.9998584  0.9999553  0.99994314 0.9995678
 0.9998716  0.96292037 0.98957014 0.9998869  0.99990475 0.99947816
 0.99980646 0.9999585 ]
[0.9839983  0.34505105 0.99991846 0.9999484  0.9999105  0.999246
 0.9999094  0.96976465 0.98782533 0.9998989  0.99991345 0.9996171
 0.9998307  0.9999225 ]
[0.9748318  0.38269806 0.99992466 0.9999342  0.9999113  0.999363
 0.9998925  0.9724913  0.9900304  0.9999088  0.9998878  0.9996288
 0.9998541  0.9999205 ]
[0.9773366  0.336721   0.9998925  0.9999653  0.99993527 0.9993032
 0.99989986 0.970688   0.9912143  0.999944   0.99993193 0.9996216
 0.99987364 0.9999157 ]
[0.979512   0.32200736 0.99992526 0.9999597  0.99993336 0.9993814
 0.99991465 0.96138024 0.98740375 0.99990165 0.9999026  0.99939203
 0.99977475 0.99994874]
[0.9801555  0.35365888 0.9998894  0.99995077 0.99993193 0.9996574
 0.99988854 0.97060996 0.9915473  0.99993074 0.99993134 0.9995877
 0.9998833  0.9999597 ]
[0.98700166 0.36966616 0.9999075  0.99996626 0.99993193 0.99922097
 0.99990046 0.9645073  0.99262977 0.999944   0.99984586 0.99957794
 0.9999006  0.99994934]
[0.9792357  0.33672348 0.99990284 0.9999609  0.9999293  0.99939156
 0.9998161  0.9709329  0.9924165  0.99992573 0.99991214 0.9994338
 0.9998281  0.9999336 ]
[0.9801902  0.37616664 0.99987686 0.9999578  0.99991465 0.99947804
 0.99980277 0.95213693 0.99200046 0.99990547 0.9998424  0.9996687
 0.9998816  0.9999541 ]
[0.9751559  0.38916922 0.9998796  0.99994195 0.9999126  0.99964035
 0.9998481  0.9729033  0.98957974 0.9998727  0.99991417 0.9994085
 0.99989414 0.9999534 ]
[0.97216874 0.3417905  0.99991024 0.9999511  0.9999182  0.99916685
 0.9998166  0.9658392  0.99262965 0.99989307 0.99982256 0.99950445
 0.99988174 0.9999502 ]
[0.9851612  0.328947   0.99990594 0.99993455 0.9999349  0.9996038
 0.99982953 0.97834116 0.9925212  0.9999411  0.9998946  0.9996842
 0.99978083 0.99991906]
[0.9831078  0.39809656 0.999887   0.99995613 0.99991834 0.9995104
 0.999882   0.963036   0.9903554  0.99987197 0.99990606 0.9995653
 0.9998758  0.99993837]
[0.98445535 0.38358682 0.9999268  0.9999479  0.9999443  0.9994173
 0.999861   0.96150887 0.99171585 0.9998802  0.99989843 0.9993642
 0.9998647  0.99993825]
[0.97991276 0.32807925 0.99990964 0.99994075 0.9999528  0.9993498
 0.99985325 0.97722125 0.9910529  0.9998965  0.99991    0.99947757
 0.9998375  0.9999033 ]
[0.98576754 0.39479667 0.9998534  0.9999386  0.9999558  0.99963987
 0.999881   0.9713794  0.98964053 0.9999138  0.99989057 0.99964404
 0.9998406  0.9999337 ]
[0.9778126  0.34614953 0.99987555 0.99996436 0.99993944 0.9992549
 0.999892   0.9766926  0.98965144 0.9999211  0.99989295 0.99963903
 0.99976164 0.99991333]
[0.98370945 0.35696766 0.9999167  0.99993217 0.99994004 0.9994673
 0.99981016 0.9770956  0.9904191  0.99992096 0.99988174 0.99964345
 0.9998198  0.9999478 ]
[0.98595583 0.33656058 0.9998677  0.9999629  0.99992204 0.9994456
 0.9998491  0.96994174 0.98863995 0.99993944 0.9998636  0.99939585
 0.9998294  0.9999399 ]
[0.9783689  0.35215732 0.9998722  0.99996173 0.99993765 0.99928004
 0.99987996 0.97446567 0.9890939  0.9998776  0.9998975  0.9994649
 0.9998933  0.9999101 ]
