Mprobs for dataset sim1 (5)

[0.9921835  0.7361777  0.9998896  0.99994934 0.9999496  0.9996407
 0.9997596  0.9905019  0.9930253  0.9998884  0.99992955 0.999358
 0.9998204  0.9999548 ]
[0.98850167 0.7374815  0.99993205 0.99995995 0.9999374  0.99928254
 0.9998846  0.99005705 0.99383754 0.99987864 0.99991584 0.99930024
 0.9998275  0.99994016]
[0.983642   0.7831184  0.9999169  0.9999455  0.9999459  0.99940896
 0.9998615  0.9868499  0.994826   0.33241743 0.9998878  0.99988353
 0.9996494  0.99989223 0.99993825]
[0.9923895  0.7634901  0.9999262  0.99993277 0.9999367  0.9994635
 0.99988496 0.9867801  0.9929671  0.99987733 0.99986124 0.9994011
 0.9998479  0.99995697]
[0.9901196  0.73826855 0.99990046 0.9999585  0.9999573  0.99945384
 0.99978405 0.9877458  0.9922213  0.999933   0.99984276 0.99927133
 0.9997497  0.9998965 ]
[0.98935485 0.74662715 0.99992645 0.99994683 0.9999465  0.9993315
 0.99985564 0.98417795 0.99449676 0.3119607  0.99990034 0.9998561
 0.9996362  0.99989045 0.9999052 ]
[0.9891706  0.78005815 0.99990284 0.9999175  0.9999366  0.99956244
 0.9998442  0.9823142  0.9927845  0.3018097  0.99987376 0.99990296
 0.9993474  0.99977344 0.99995255]
[0.9811717  0.74546003 0.99985063 0.9999498  0.9999392  0.9994783
 0.9998822  0.97917044 0.99301845 0.99986625 0.9998254  0.99949574
 0.99976724 0.9999286 ]
[0.99023193 0.7829521  0.99986255 0.9999422  0.9999423  0.99937755
 0.9998305  0.99188274 0.9925789  0.32039332 0.99992037 0.9998292
 0.9996226  0.9998888  0.9999181 ]
[0.9837299  0.71246564 0.99991786 0.9999491  0.9999256  0.99929106
 0.99982375 0.9831162  0.99144137 0.30657122 0.9998878  0.99991035
 0.9992449  0.9998031  0.99990606]
[0.99250185 0.8005534  0.99991155 0.999964   0.9999411  0.99934226
 0.99991477 0.9837441  0.9916323  0.9998958  0.99989295 0.9993031
 0.99980515 0.9999349 ]
[0.991222   0.7629851  0.9999348  0.999966   0.9999311  0.99946517
 0.9997789  0.9859784  0.9932173  0.9999249  0.9998692  0.99952495
 0.99979836 0.9999366 ]
[0.9918475  0.7920362  0.9999151  0.999964   0.99995434 0.99933773
 0.99979943 0.9814114  0.99245924 0.32316583 0.99989796 0.9998425
 0.9995646  0.9997893  0.9999033 ]
[0.99091786 0.7407773  0.99991214 0.9999316  0.99995553 0.9991567
 0.9998715  0.9756606  0.99241793 0.999913   0.9998704  0.9993374
 0.9998926  0.99994457]
[0.9829342  0.72362995 0.9998752  0.99996626 0.99993324 0.9995703
 0.99981517 0.98359585 0.99277365 0.30487972 0.99993527 0.99987864
 0.99959904 0.9998442  0.9999293 ]
[0.9806302  0.7960038  0.99991286 0.99996424 0.99995625 0.9993887
 0.99989617 0.98602676 0.9944608  0.31757587 0.9998727  0.99989617
 0.999331   0.99975234 0.99990845]
[0.9894651  0.8230068  0.99991643 0.99996555 0.99995065 0.9994758
 0.9998523  0.97831863 0.9916114  0.99987257 0.99984586 0.99940455
 0.99985504 0.99995553]
[0.9880972  0.8127808  0.99993336 0.9999167  0.9999565  0.9994499
 0.99986696 0.989626   0.99301696 0.99994814 0.99987864 0.9994753
 0.99984336 0.99992764]
[0.98906285 0.79276776 0.99991727 0.9999479  0.99992955 0.9995515
 0.9998976  0.98622143 0.9919979  0.9998684  0.999866   0.99960345
 0.9998857  0.999946  ]
[0.98598796 0.7421097  0.9998472  0.9999342  0.99993455 0.9995098
 0.99990344 0.9873481  0.9949673  0.30915648 0.9998703  0.9999014
 0.99923563 0.9997768  0.99992704]
[0.9833249  0.7994426  0.99989617 0.99995136 0.99994683 0.99928904
 0.99987197 0.9899742  0.9921367  0.3044974  0.9999317  0.9998833
 0.9993735  0.99988043 0.99991155]
[0.99105996 0.75390464 0.99992955 0.9999459  0.99989855 0.9993937
 0.9998135  0.98366135 0.9921828  0.9998921  0.99988973 0.99947244
 0.9998715  0.99990225]
[0.9937756  0.7579464  0.99991906 0.9999645  0.99994445 0.9994324
 0.9998454  0.9875546  0.9963648  0.99991214 0.99989533 0.99958664
 0.9998785  0.99994326]
[0.9924982  0.6993444  0.99990857 0.99994445 0.99994755 0.99933225
 0.99982566 0.9870651  0.9926918  0.9999304  0.999858   0.9996117
 0.9998155  0.9999163 ]
[0.99171054 0.8366291  0.9998603  0.99994886 0.99994326 0.9994363
 0.99981004 0.9905071  0.9958508  0.3026604  0.99993145 0.9998381
 0.99930084 0.99978215 0.9999386 ]
[0.9910862  0.7531433  0.9998578  0.9999591  0.9999212  0.999635
 0.9998641  0.9826988  0.991911   0.30300638 0.99992955 0.999887
 0.9996382  0.99985695 0.9999331 ]
[0.9849295  0.78746057 0.9999175  0.9999211  0.99990714 0.99953985
 0.9998727  0.9821552  0.99618894 0.9999039  0.9998965  0.99956185
 0.99983776 0.99993634]
[0.9855312  0.7890454  0.9998634  0.99995494 0.9999087  0.99935573
 0.9998516  0.9903992  0.99490535 0.99987495 0.9999205  0.9995072
 0.9998367  0.9999193 ]
[0.99018085 0.7501201  0.99984837 0.9999161  0.99992466 0.99909174
 0.9997992  0.98719317 0.993979   0.3026469  0.9999033  0.99989843
 0.9993993  0.9997614  0.9999033 ]
[0.9878485  0.74889416 0.999897   0.999928   0.99994266 0.99933296
 0.99983335 0.9772306  0.9929052  0.99989367 0.9999267  0.99917394
 0.99980825 0.9999114 ]
[0.9813825  0.83389336 0.9999025  0.9999627  0.9999304  0.99957055
 0.9998566  0.98897505 0.9936646  0.9999118  0.9999087  0.99965405
 0.9998103  0.99992824]
[0.9852254  0.7069108  0.999915   0.99993956 0.99992526 0.99929523
 0.99984515 0.9896562  0.99576926 0.99992335 0.999923   0.99963987
 0.9997807  0.99992895]
[0.9896343  0.8096897  0.999848   0.99993837 0.99994826 0.9992349
 0.9998011  0.98959774 0.99508226 0.99990916 0.9999093  0.9992495
 0.99986064 0.99994195]
[0.98504585 0.7968551  0.99986434 0.99996245 0.9999176  0.99942625
 0.99986756 0.9826349  0.99115574 0.3124358  0.9998821  0.9998709
 0.99954283 0.9998398  0.9999268 ]
[0.99123704 0.75023925 0.9998716  0.99993193 0.9999057  0.99952555
 0.999894   0.9803238  0.9955112  0.99994195 0.9998888  0.99968255
 0.99987686 0.99991107]
[0.9927637  0.7516565  0.9998543  0.99994886 0.9999472  0.9994178
 0.99986064 0.98660254 0.9929178  0.9999318  0.99988663 0.9995322
 0.9998704  0.9999279 ]
[0.98311883 0.80320495 0.9999138  0.99996173 0.9999355  0.9994711
 0.99989176 0.9886076  0.99298394 0.9998882  0.99989355 0.99968374
 0.99977165 0.999944  ]
[0.9882466  0.7493526  0.9999087  0.9999522  0.9999484  0.9991652
 0.99985635 0.9887998  0.99210006 0.3224039  0.9999083  0.99987185
 0.9994185  0.999848   0.99990785]
[0.98768395 0.78960246 0.999861   0.9999664  0.9999434  0.999585
 0.99989927 0.9878741  0.9921887  0.33300582 0.999884   0.999851
 0.9994159  0.99985874 0.9999397 ]
[0.9896035  0.74457103 0.99992704 0.9999454  0.99991035 0.9995221
 0.999814   0.9864271  0.9901509  0.32639882 0.99987805 0.99988735
 0.9993331  0.9997911  0.99990356]
[0.9894516  0.76544374 0.9998754  0.9999366  0.9999516  0.99942183
 0.999894   0.99110013 0.99489826 0.99993455 0.9999043  0.9996693
 0.99980277 0.9999293 ]
[0.9919348  0.7914533  0.99988425 0.9999362  0.9999362  0.9991542
 0.9997789  0.9797219  0.99338406 0.99989474 0.9999068  0.999416
 0.9998191  0.99994445]
[0.9899157  0.8028777  0.99984396 0.9999223  0.99992573 0.99917245
 0.9998933  0.98401904 0.99346876 0.30869296 0.99986947 0.9998542
 0.99958783 0.9997962  0.9999453 ]
[0.98134583 0.76432204 0.9999006  0.99992824 0.99995506 0.9993845
 0.99981815 0.98056877 0.99275464 0.31128737 0.9999198  0.99990726
 0.99946016 0.99984753 0.99995255]
[0.9867166  0.7274903  0.9999312  0.99993587 0.9999317  0.9995975
 0.9998884  0.9878324  0.995501   0.31865332 0.999925   0.99988174
 0.9995024  0.9998503  0.9999553 ]
[0.9901164  0.7385549  0.9999331  0.9999502  0.9999287  0.99921
 0.99986875 0.98245734 0.9921868  0.9999435  0.99991894 0.99934036
 0.9998523  0.9999472 ]
[0.9932348  0.8130026  0.99991584 0.99996233 0.9999068  0.99923027
 0.99982566 0.98812616 0.9956196  0.99989223 0.99992514 0.9996107
 0.99982196 0.99996316]
[0.9857042  0.7930313  0.9999007  0.9999399  0.99993944 0.9994217
 0.99984217 0.9895387  0.9933382  0.9998661  0.9998573  0.9995541
 0.9997528  0.99995685]
[0.9871345  0.7450492  0.99987197 0.99994385 0.99994457 0.99951816
 0.9997733  0.98775965 0.9918474  0.31811762 0.99992824 0.99991584
 0.9995478  0.99986756 0.99991286]
[0.98676467 0.73863775 0.99991715 0.9999398  0.9999434  0.9995022
 0.9998317  0.9858525  0.993934   0.31826732 0.9998846  0.999858
 0.9992988  0.9998684  0.9999374 ]
[0.988108   0.8073852  0.9998828  0.9999541  0.99995494 0.9994093
 0.9998379  0.98356366 0.9921301  0.30918595 0.99991703 0.9998697
 0.9996586  0.9997706  0.99992085]
[0.98222566 0.8342248  0.9998217  0.9999435  0.9999591  0.999495
 0.9998504  0.98356134 0.9908958  0.30103177 0.9998994  0.9998299
 0.9993864  0.99982685 0.99994063]
[0.9857545  0.7080209  0.9998791  0.9999653  0.999908   0.999461
 0.9997936  0.9868145  0.99416554 0.99989104 0.99988985 0.999616
 0.99985814 0.9999454 ]
[0.9908636  0.7802327  0.9999068  0.9999491  0.9999471  0.9995371
 0.9999063  0.9878685  0.9932973  0.31499413 0.9998858  0.99987054
 0.99947125 0.9998903  0.9999541 ]
[0.98578125 0.7529442  0.99986553 0.9999645  0.9999368  0.99957997
 0.9998481  0.9827603  0.9928122  0.9998944  0.999856   0.9995813
 0.9998474  0.99993455]
[0.9904179  0.7880191  0.9999167  0.9999473  0.99991393 0.9994467
 0.9999052  0.98378366 0.9930948  0.31247538 0.9998752  0.9998323
 0.9995882  0.9997694  0.9999403 ]
[0.9891641  0.79486936 0.99991417 0.99995947 0.99992    0.99945945
 0.99982554 0.987092   0.99633396 0.33258048 0.9998987  0.9998934
 0.9994179  0.99976486 0.9999373 ]
[0.98412573 0.7473772  0.99992347 0.999944   0.9999423  0.99909985
 0.9997923  0.9884539  0.9964097  0.99985623 0.9998913  0.99963963
 0.9997813  0.9999443 ]
[0.98980534 0.7011592  0.9999155  0.99996316 0.9999378  0.99935764
 0.9998611  0.9801451  0.9922754  0.33183405 0.9998765  0.999884
 0.9991146  0.9998448  0.9999219 ]
[0.9898665  0.75804263 0.9999157  0.9999392  0.99994755 0.99950624
 0.999798   0.98561305 0.99468464 0.31326842 0.999881   0.9999119
 0.9994475  0.99986863 0.9999275 ]
[0.985201   0.735386   0.9998882  0.9999465  0.99990666 0.9995042
 0.99982834 0.9896752  0.9961914  0.32316598 0.99992156 0.9998847
 0.9993722  0.99985635 0.9999534 ]
[0.9832744  0.7032408  0.99986064 0.99993646 0.99994445 0.99944407
 0.99983513 0.988415   0.99550325 0.30400726 0.9998772  0.9998727
 0.9995029  0.9998616  0.99991095]
[0.9826424  0.7847976  0.99988353 0.99991965 0.999902   0.9991831
 0.9999043  0.98698527 0.9920533  0.9998987  0.99986684 0.9996755
 0.9998215  0.99990106]
[0.9885529  0.7747374  0.99989533 0.9999522  0.9999274  0.99953234
 0.9998473  0.98659736 0.9961696  0.9998617  0.99982685 0.99960667
 0.99982136 0.9999198 ]
[0.9882059  0.68985116 0.99989176 0.99995077 0.9999018  0.999481
 0.99988127 0.9770995  0.99116653 0.3243028  0.99985206 0.9998721
 0.9993968  0.99989116 0.9999242 ]
[0.98621434 0.7223209  0.99983764 0.99995136 0.9999118  0.99960357
 0.9997565  0.9773393  0.9951073  0.99991536 0.9998863  0.9993979
 0.99982625 0.99995375]
[0.98709935 0.772317   0.99987245 0.9999516  0.9999056  0.99910814
 0.9998704  0.98880273 0.99341995 0.30238917 0.99989295 0.99985826
 0.9994541  0.9998766  0.9999443 ]
[0.9845786  0.7202403  0.9999039  0.99996376 0.9999037  0.99923587
 0.99980503 0.98286897 0.99184626 0.30703756 0.9999006  0.9998399
 0.9992448  0.9998499  0.99995327]
[0.98304904 0.77285045 0.9999107  0.99995184 0.9999292  0.99946517
 0.9998357  0.9893572  0.9945555  0.9999411  0.9998872  0.99968994
 0.99982077 0.9999044 ]
[0.9893758  0.71839327 0.999892   0.9999157  0.99991286 0.99930143
 0.9998233  0.98930883 0.9952232  0.9999044  0.9998511  0.99934727
 0.9997931  0.99990845]
[0.9876816  0.7804077  0.99991727 0.9999466  0.99993646 0.9995166
 0.9998154  0.9901544  0.9901632  0.3278101  0.9998956  0.9998517
 0.99913895 0.9998348  0.99993706]
[0.9905804  0.7143658  0.99988794 0.9999349  0.99991333 0.9994623
 0.9998472  0.9844267  0.99418676 0.3288726  0.9999192  0.9998455
 0.9994211  0.9997819  0.99993145]
[0.984932   0.78895223 0.9998988  0.9999325  0.9999187  0.9993475
 0.9998921  0.98293984 0.9950346  0.3080046  0.99989176 0.9998646
 0.9993261  0.9997861  0.999941  ]
[0.9884151  0.80041206 0.999858   0.9999186  0.99995136 0.9995989
 0.9998361  0.9847915  0.99304765 0.30313763 0.99990916 0.999925
 0.999199   0.99987364 0.99993086]
[0.9833915  0.69999593 0.99988663 0.99993944 0.9999529  0.99954647
 0.9998424  0.9810994  0.99234575 0.3371673  0.9999074  0.9998925
 0.9993905  0.9997392  0.99992764]
[0.98629797 0.78682417 0.9999211  0.9999262  0.99994004 0.9994808
 0.9998815  0.9779545  0.9950016  0.3238036  0.99993014 0.9998604
 0.9994672  0.9997503  0.9999213 ]
[0.98520166 0.76657015 0.99987066 0.9999249  0.99994266 0.99941933
 0.99990165 0.9883831  0.9920746  0.31099248 0.9999001  0.9998802
 0.9992353  0.99987984 0.9999343 ]
[0.9854301  0.70599866 0.99987614 0.99995434 0.9999238  0.99918336
 0.99983287 0.9881159  0.99218893 0.31699187 0.99991393 0.99987316
 0.9995347  0.99986446 0.9998969 ]
[0.98468196 0.7915092  0.99983156 0.9999566  0.9999391  0.9994603
 0.99986494 0.98983455 0.9927215  0.33786744 0.9998932  0.99984705
 0.9994998  0.99984396 0.9999517 ]
[0.98565316 0.70994973 0.99986553 0.99995303 0.9999577  0.9994659
 0.9997756  0.9764395  0.9917216  0.9999019  0.9998412  0.9992624
 0.9998357  0.9999497 ]
[0.9893416  0.7844095  0.99991524 0.9999467  0.9999223  0.9993605
 0.9998368  0.99102414 0.99472225 0.30347013 0.99992716 0.9998969
 0.9995059  0.9998747  0.9999484 ]
[0.984706   0.78639776 0.9998754  0.99994695 0.9999007  0.99940336
 0.99983084 0.9884665  0.9938856  0.301308   0.9998995  0.9998227
 0.999468   0.99986446 0.9999474 ]
[0.9850344  0.7160356  0.9998431  0.99992704 0.99991417 0.999629
 0.9997763  0.9871574  0.99435437 0.3396467  0.99988306 0.9998579
 0.9995664  0.99976355 0.9999466 ]
[0.99081624 0.6777874  0.9999031  0.9999653  0.9999385  0.99918336
 0.99987113 0.9888553  0.9939651  0.31081158 0.9998882  0.9999045
 0.99948394 0.9998324  0.99994516]
[0.9922701  0.8004167  0.99988186 0.99996436 0.9999527  0.9991264
 0.99985766 0.9906116  0.9929317  0.3235637  0.9999207  0.99990666
 0.9994704  0.999752   0.99990666]
[0.9891517  0.8211045  0.99992454 0.9999443  0.9999397  0.99944454
 0.9998975  0.98971623 0.99550784 0.9999093  0.9998729  0.9995522
 0.9997409  0.99993813]
[0.99259233 0.753648   0.9999249  0.9999447  0.9999534  0.9995521
 0.9999124  0.9858769  0.99617994 0.99992776 0.99984133 0.99951506
 0.9998673  0.999951  ]
[0.9909004  0.7435539  0.9998343  0.999949   0.9999474  0.99922323
 0.99982375 0.98452747 0.99574995 0.30391145 0.99988973 0.9998995
 0.9994728  0.9998534  0.9999261 ]
[0.98834664 0.7523121  0.9998753  0.99993527 0.99990165 0.9991979
 0.9999008  0.9822702  0.99223644 0.30358806 0.9999249  0.99992454
 0.99937516 0.99977165 0.9999361 ]
[0.9899914  0.7305505  0.9998752  0.9999354  0.9999577  0.99933964
 0.99979275 0.98334527 0.9952637  0.31847352 0.999918   0.9998803
 0.9995857  0.99985385 0.9999006 ]
[0.9871803  0.7192066  0.999845   0.9999255  0.99990594 0.99926966
 0.9998791  0.9858926  0.9937562  0.3048627  0.9998975  0.99988925
 0.99934417 0.99977404 0.9999182 ]
[0.98334855 0.70467216 0.99990046 0.99996495 0.9999515  0.9995376
 0.9998549  0.9832386  0.99239665 0.3190912  0.9998996  0.9998223
 0.9992561  0.999778   0.9999443 ]
[0.9835496  0.73024786 0.9999138  0.99996257 0.999941   0.9994031
 0.99983525 0.987283   0.9914554  0.9999311  0.9998814  0.9994941
 0.9998287  0.9999305 ]
[0.98761964 0.77431947 0.9999294  0.9999267  0.999951   0.9993012
 0.9998933  0.98431015 0.99335116 0.3311819  0.9998925  0.9999243
 0.99959475 0.9998753  0.99993706]
[0.9900059  0.6999558  0.9998838  0.99991953 0.9999491  0.9993924
 0.9998884  0.99068624 0.9943223  0.99991024 0.9999287  0.9995302
 0.99985194 0.9999207 ]
[0.99002504 0.7124261  0.9999126  0.9999287  0.99994135 0.9993761
 0.99988246 0.98950374 0.99201125 0.34827554 0.99993813 0.99988556
 0.99939    0.9998344  0.99994993]
[0.98435426 0.7307939  0.9998789  0.9999325  0.999938   0.99947816
 0.9998574  0.9816265  0.9950598  0.30813754 0.9999436  0.9998807
 0.99925786 0.99978966 0.9999573 ]
[0.9898728  0.78200585 0.9999167  0.99996054 0.9999144  0.9996381
 0.99981195 0.99206513 0.99213094 0.9999198  0.9999087  0.99933076
 0.99988174 0.9999461 ]
[0.99084586 0.80566156 0.9998703  0.9999542  0.9999424  0.99927765
 0.99982786 0.98460835 0.9945216  0.30640495 0.99992454 0.99990547
 0.99968266 0.9998921  0.99991894]
[0.97960436 0.7396307  0.9999051  0.99993646 0.9999243  0.9995865
 0.99990654 0.98484415 0.99565697 0.99987197 0.99991024 0.99919957
 0.99989676 0.99991405]
