Mprobs for dataset sim1 (3)

[0.9653571  0.9999243  0.99996424 0.99992    0.9995484  0.99986315
 0.7929461  0.97994816 0.9999207  0.9998405  0.9996861  0.9999083
 0.9999577 ]
[0.94914705 0.9998692  0.9999548  0.99996126 0.999451   0.9998092
 0.76678133 0.9829518  0.9998869  0.9999014  0.99971694 0.99981207
 0.9999454 ]
[0.9574653  0.99990594 0.99995065 0.9999428  0.999448   0.99988985
 0.7551342  0.9781033  0.9999372  0.99988425 0.99963045 0.99989915
 0.99991786]
[0.9269095  0.99988186 0.9999269  0.99994934 0.999632   0.9998927
 0.8178967  0.9855965  0.99988174 0.9999273  0.999744   0.99989736
 0.9999403 ]
[0.927977   0.99992764 0.9999355  0.9999074  0.99943095 0.99990857
 0.8088566  0.9731687  0.9999347  0.999853   0.99975616 0.99988675
 0.9999496 ]
[0.9514085  0.9998485  0.99995935 0.9999347  0.9996339  0.99983656
 0.7605351  0.97359574 0.9999366  0.9999188  0.99973327 0.9998555
 0.9999063 ]
[0.96205115 0.99991846 0.9999418  0.99994135 0.99956495 0.9998098
 0.77321815 0.97157246 0.99994314 0.9999069  0.999546   0.99981457
 0.9999006 ]
[0.93227464 0.99986994 0.99993217 0.99994874 0.9996482  0.9998865
 0.7582262  0.980612   0.99994326 0.99989986 0.9996152  0.9998883
 0.99995005]
[0.9508567  0.99990106 0.9999515  0.99991274 0.99929905 0.99986875
 0.72688884 0.9820889  0.99991953 0.99984896 0.99952555 0.99989426
 0.99990594]
[0.9478598  0.99987066 0.99995875 0.99992335 0.999546   0.99982005
 0.7802748  0.98060304 0.9999356  0.9999137  0.99974006 0.9998944
 0.9999597 ]
[0.958607   0.9999318  0.9999517  0.99990916 0.9993998  0.9998814
 0.73321545 0.97644854 0.9999356  0.9998871  0.9996276  0.9998925
 0.99991846]
[0.9420002  0.9999194  0.99994135 0.99990416 0.99959236 0.99989784
 0.781659   0.98255724 0.9999114  0.99985373 0.9995572  0.9998944
 0.99992764]
[0.94170856 0.99985063 0.9999584  0.9999496  0.9993831  0.9998692
 0.76868856 0.98172784 0.9999126  0.9999341  0.9997439  0.99990225
 0.999926  ]
[0.94056135 0.99990284 0.99995625 0.99994624 0.999408   0.9999094
 0.7701836  0.98792946 0.99991465 0.99989355 0.9997013  0.9998431
 0.9999354 ]
[0.9504711  0.99992096 0.9999236  0.99991584 0.9994498  0.9999136
 0.7495001  0.97638786 0.999926   0.9998666  0.9996909  0.99986494
 0.9999567 ]
[0.95022154 0.999897   0.9999659  0.9999291  0.9995784  0.9998847
 0.7893087  0.9815969  0.9998921  0.99986064 0.9995813  0.9998155
 0.99992025]
[0.9638916  0.9998747  0.9999356  0.9999536  0.999508   0.9998067
 0.77174884 0.97378325 0.9999105  0.9998609  0.9997421  0.9998553
 0.9999423 ]
[0.96568173 0.9998747  0.99995923 0.99993765 0.99956506 0.9998995
 0.82162046 0.98471886 0.99994147 0.99990475 0.99971896 0.9998938
 0.9999393 ]
[0.94641125 0.99984896 0.99992514 0.99993324 0.99962616 0.99983025
 0.7843784  0.98242927 0.99992204 0.9998839  0.9997023  0.99983585
 0.9999131 ]
[0.9523184  0.9998976  0.9999682  0.9999174  0.9996513  0.99986386
 0.82792884 0.98182034 0.9998858  0.9998357  0.9995437  0.99982905
 0.99994934]
[0.96165866 0.99992955 0.9999614  0.9999281  0.99942005 0.9998821
 0.7370979  0.9759586  0.9999318  0.99987924 0.9995461  0.99985397
 0.9999374 ]
[0.9492261  0.9999237  0.99995244 0.9999591  0.9994659  0.99986696
 0.74864423 0.986868   0.99993443 0.9998815  0.9996935  0.9998072
 0.99993527]
[0.9448301  0.9999291  0.99994826 0.99994266 0.9996195  0.9998838
 0.7363852  0.9743937  0.99989533 0.99986124 0.9995154  0.99984646
 0.9999584 ]
[0.95238584 0.99989355 0.99996173 0.9999473  0.9995679  0.99989593
 0.7988265  0.9770989  0.9998889  0.9999306  0.9997228  0.9999051
 0.99991715]
[0.96584606 0.99990237 0.99993706 0.99990845 0.99928313 0.99982774
 0.77437216 0.97133136 0.99992085 0.9998852  0.99966586 0.99988854
 0.99990904]
[0.9299085  0.99985266 0.9999479  0.99995816 0.99959487 0.9998153
 0.8152192  0.986155   0.9999167  0.9999211  0.9996147  0.9999124
 0.99994075]
[0.9620857  0.9999231  0.9999689  0.999936   0.9994031  0.99986005
 0.7705471  0.98140484 0.99990356 0.9998779  0.99976057 0.9999137
 0.9999238 ]
[0.9356695  0.9998938  0.9999677  0.99995124 0.99953496 0.999894
 0.8266556  0.98289096 0.9998919  0.9998696  0.9997521  0.99987173
 0.99996114]
[0.95431    0.99989927 0.999967   0.9999554  0.99928457 0.9998342
 0.742351   0.9858316  0.9999138  0.9998609  0.9997675  0.99978656
 0.999959  ]
[0.95570415 0.9999238  0.9999622  0.9999589  0.9992298  0.99988306
 0.7218342  0.97695607 0.9998877  0.9998902  0.99955505 0.9998714
 0.99994516]
[0.94730943 0.9998932  0.9999354  0.9999045  0.9995049  0.9997881
 0.7401489  0.9805895  0.99994755 0.99985945 0.9996141  0.9998808
 0.99992895]
[0.91191685 0.99985313 0.9999589  0.99995315 0.999358   0.9998697
 0.7640172  0.9810416  0.999877   0.99983525 0.9996915  0.99984396
 0.99990857]
[0.95872587 0.9998641  0.9999316  0.9999515  0.99964786 0.99981195
 0.81317884 0.97871053 0.99988246 0.9998596  0.99956554 0.9998622
 0.99994445]
[0.9380841  0.99985385 0.99993026 0.9999535  0.9992655  0.9998566
 0.80717623 0.9763861  0.999897   0.9999324  0.9996834  0.9998109
 0.9999577 ]
[0.93757236 0.9999207  0.99996686 0.9999337  0.9995153  0.99991345
 0.72988003 0.97190315 0.9998826  0.99989116 0.9997315  0.9998776
 0.99994123]
[0.92248344 0.99991155 0.99992526 0.99991965 0.9993747  0.9998801
 0.8313236  0.9851849  0.99987066 0.9998996  0.99970764 0.99980646
 0.99995685]
[0.95505106 0.99988997 0.9999453  0.9999423  0.99956304 0.9998166
 0.77708316 0.980699   0.99990714 0.9998536  0.9996661  0.9998374
 0.9999354 ]
[0.9241015  0.9998599  0.9999484  0.9999602  0.9996006  0.9998179
 0.7499429  0.98186594 0.9999429  0.9999151  0.99967945 0.99988043
 0.99992335]
[0.9534607  0.99987674 0.9999521  0.9999585  0.9995208  0.9998944
 0.80709326 0.98212457 0.99987996 0.99993014 0.9997645  0.99982053
 0.9999087 ]
[0.9295832  0.9999304  0.99996614 0.9999213  0.99966764 0.99988997
 0.75552285 0.97206724 0.99991846 0.9998859  0.9996227  0.9998332
 0.9999167 ]
[0.94279253 0.9998331  0.9999516  0.9999589  0.9994746  0.99987495
 0.755481   0.97667533 0.99991465 0.99986994 0.9997156  0.99978966
 0.9999429 ]
[0.9576589  0.9998779  0.99996114 0.9999589  0.9995907  0.9998442
 0.8023688  0.9790815  0.9998994  0.99984396 0.99967    0.9997861
 0.99992025]
[0.9364422  0.99984825 0.9999608  0.99993527 0.9995646  0.99990666
 0.6966505  0.9807134  0.9998921  0.9998672  0.9997427  0.9998294
 0.99994683]
[0.95787054 0.999871   0.999936   0.9999596  0.9995152  0.999845
 0.7888915  0.98291475 0.999905   0.9998733  0.99951327 0.9999027
 0.99995804]
[0.9571406  0.9998628  0.9999651  0.9999429  0.99954623 0.99988806
 0.77473044 0.98417443 0.9999242  0.99990165 0.9995467  0.99985206
 0.99993205]
[0.9554453  0.99990046 0.9999553  0.9999467  0.9996387  0.9999002
 0.8083899  0.97738546 0.9999236  0.9999124  0.9997681  0.9998128
 0.99992573]
[0.95326066 0.9998938  0.99995494 0.9999548  0.99945027 0.99985397
 0.7962744  0.97755164 0.99988985 0.9998512  0.99977857 0.9998957
 0.9999434 ]
[0.93619764 0.9999187  0.9999398  0.99993    0.9994307  0.9998995
 0.76244617 0.97962624 0.9999424  0.99986625 0.9996458  0.99984574
 0.9999347 ]
[0.9284124  0.99985933 0.9999324  0.99993694 0.99952173 0.99988365
 0.7943162  0.9869283  0.99990535 0.9998988  0.9996159  0.9998765
 0.9999343 ]
[0.9450213  0.99989164 0.99995935 0.99993    0.9993962  0.99979573
 0.7178983  0.97036046 0.99991727 0.9999007  0.9995782  0.99989736
 0.99995434]
[0.9600164  0.99992263 0.9999292  0.9999331  0.9995271  0.9998534
 0.7989753  0.97769266 0.9999143  0.9999292  0.9995103  0.9998635
 0.99995494]
[0.9407397  0.99992967 0.99995625 0.9999577  0.99926394 0.9998833
 0.7898285  0.9838988  0.9998777  0.9998455  0.9995065  0.9998273
 0.99995255]
[0.949643   0.99992716 0.9999685  0.99994516 0.9996499  0.99990404
 0.7610289  0.97524977 0.999876   0.9999229  0.99953985 0.9998165
 0.9999497 ]
[0.9299354  0.9999342  0.99993646 0.99993646 0.9995623  0.9999075
 0.8232714  0.96941    0.9999175  0.99991846 0.9997396  0.99980265
 0.99993646]
[0.96093535 0.99990225 0.9999546  0.9999393  0.9995407  0.99987173
 0.77599424 0.98284346 0.99988425 0.9999218  0.9995147  0.99979204
 0.99993014]
[0.9433931  0.99988353 0.9999584  0.9999399  0.99920374 0.99980026
 0.7717505  0.9805345  0.9999323  0.99988246 0.9996363  0.99980146
 0.9999192 ]
[0.9433066  0.9998561  0.99994564 0.9999132  0.99965215 0.9998486
 0.7413366  0.9795672  0.99992144 0.999913   0.999577   0.99982893
 0.9999548 ]
[0.93812805 0.99987674 0.9999585  0.9999597  0.9995641  0.9999151
 0.7723172  0.9841739  0.9998933  0.9998566  0.9997496  0.9998369
 0.99994874]
[0.9284903  0.99992156 0.9999392  0.9999199  0.99932015 0.99986064
 0.71440816 0.9789534  0.99988186 0.999926   0.99944836 0.99988675
 0.99992824]
[0.9404337  0.999912   0.99993944 0.99993753 0.99934524 0.99988604
 0.75732315 0.97274166 0.999905   0.9999069  0.99972326 0.999889
 0.9999511 ]
[0.9560843  0.99991906 0.9999639  0.99991727 0.9996145  0.9998085
 0.75973415 0.9762906  0.9999273  0.999918   0.9996829  0.9998553
 0.9999286 ]
[0.9365753  0.99990463 0.9999453  0.9999217  0.9992937  0.99981374
 0.79639906 0.9676004  0.99994016 0.9999211  0.99968445 0.99978906
 0.9999331 ]
[0.928018   0.99987674 0.99994826 0.99991524 0.9995696  0.9998342
 0.7980978  0.9770254  0.99994445 0.99990463 0.99972314 0.9998431
 0.9999447 ]
[0.9591637  0.9998784  0.9999461  0.99992573 0.99966633 0.9999018
 0.78901464 0.9833418  0.9999453  0.99991405 0.99950814 0.9998838
 0.99995065]
[0.934397   0.99989843 0.9999434  0.99992335 0.99951875 0.9998559
 0.8029695  0.9829101  0.9999294  0.9998436  0.9997478  0.9998851
 0.9999416 ]
[0.9368983  0.9999032  0.99993396 0.99991214 0.99929357 0.999801
 0.82635933 0.98075646 0.99993014 0.9998658  0.99964714 0.99980766
 0.9999548 ]
[0.9533588  0.99988675 0.99995494 0.9999273  0.9994265  0.99985826
 0.76320434 0.9802822  0.9998963  0.99984    0.9996686  0.999826
 0.99992526]
[0.9512383  0.99993527 0.99993384 0.9999318  0.999574   0.99984026
 0.71465814 0.97111094 0.99989486 0.9998832  0.99952686 0.99981946
 0.99994946]
[0.96435434 0.9998845  0.9999579  0.99993324 0.9991953  0.99984455
 0.7964915  0.98532504 0.9999026  0.99991524 0.9996921  0.9998497
 0.99992144]
[0.9484702  0.9998584  0.9999559  0.99993086 0.99959403 0.9998934
 0.78786427 0.9861596  0.99992955 0.9998658  0.9996251  0.9998266
 0.99995494]
[0.95229816 0.9998739  0.9999541  0.9999536  0.9993957  0.99988735
 0.79980266 0.9842265  0.9999473  0.9998765  0.99945253 0.99990237
 0.9999374 ]
[0.9387918  0.99989116 0.9999453  0.9999609  0.9993697  0.99978703
 0.74309564 0.9817347  0.9999443  0.9999106  0.99950385 0.9999021
 0.99993646]
[0.9591341  0.99993443 0.9999652  0.9999509  0.9994831  0.9998567
 0.74940276 0.9742246  0.9998907  0.9998456  0.9996524  0.9998766
 0.99992216]
[0.93725014 0.9998344  0.9999231  0.9999542  0.9995672  0.99987507
 0.78420085 0.98271    0.9999095  0.9998565  0.99951017 0.9998288
 0.9999037 ]
[0.93904686 0.99992    0.9999474  0.9999534  0.9994604  0.9998037
 0.7910402  0.9775138  0.9998834  0.99989307 0.99956375 0.9998839
 0.9999182 ]
[0.95644164 0.9998776  0.9999386  0.9999578  0.99936134 0.9998042
 0.78395164 0.9844534  0.9999201  0.9998641  0.9996376  0.9997874
 0.99994266]
[0.9397367  0.9998901  0.9999653  0.9999409  0.99937326 0.9998254
 0.7792884  0.97134745 0.99989974 0.99985516 0.9997086  0.9998004
 0.99992394]
[0.946969   0.9998994  0.99995434 0.9999268  0.99967206 0.99988914
 0.7849171  0.9805095  0.99991417 0.9998778  0.9996383  0.999864
 0.99992967]
[0.94207954 0.99983895 0.9999598  0.9999294  0.99944705 0.99988556
 0.72613853 0.9807724  0.9998884  0.999931   0.9994881  0.9998925
 0.999912  ]
[0.9333834  0.99989223 0.9999664  0.9999175  0.99964607 0.99980015
 0.8077622  0.9804782  0.9999466  0.9998487  0.9997247  0.99980515
 0.999936  ]
[0.9464748  0.9998938  0.999928   0.99990916 0.9995616  0.9998925
 0.7913208  0.98238313 0.9999392  0.99991655 0.99960357 0.9998454
 0.99993193]
[0.9300087  0.9998696  0.9999472  0.99990726 0.99964905 0.9998678
 0.75758857 0.9839739  0.9999094  0.9999287  0.99959844 0.99989855
 0.9999244 ]
[0.92309403 0.9999008  0.9999579  0.9999602  0.99961734 0.9998629
 0.78409666 0.9734475  0.99994326 0.99992967 0.9996815  0.9998087
 0.999928  ]
[0.93175024 0.9999083  0.99993694 0.9999367  0.99942267 0.99990916
 0.7940985  0.9849754  0.99989545 0.9998851  0.9995745  0.9998914
 0.99993   ]
[0.9497473  0.99986076 0.9999672  0.9999387  0.99940467 0.9999138
 0.8002616  0.9717695  0.9998714  0.99988294 0.99954283 0.9997662
 0.9999274 ]
[0.95008165 0.9998704  0.9999523  0.99994147 0.9995485  0.9998301
 0.80873907 0.9721582  0.9999423  0.9998882  0.9996948  0.9998597
 0.9999188 ]
[0.9601541  0.99989307 0.99996567 0.9999558  0.9994567  0.99983644
 0.73441213 0.9702036  0.99993587 0.9998882  0.9996107  0.999892
 0.9999273 ]
[0.9437174  0.99989545 0.99995315 0.99992335 0.9994362  0.9998617
 0.7762103  0.98415977 0.99992573 0.9999049  0.9997607  0.9998902
 0.9999162 ]
[0.90626466 0.9998524  0.9999558  0.9999522  0.9996019  0.99985373
 0.7492276  0.98530155 0.9999074  0.99990475 0.99972624 0.9998921
 0.9999583 ]
[0.96130073 0.9999     0.9999472  0.9999138  0.99933136 0.99987674
 0.79773104 0.9884758  0.9999449  0.9998654  0.99977916 0.9998809
 0.9999603 ]
[0.94446373 0.99990535 0.99994695 0.9999409  0.99965847 0.99984443
 0.7806366  0.981009   0.9999199  0.9999217  0.9997247  0.99980634
 0.99991226]
[0.9526393  0.99988794 0.99994683 0.99993336 0.9995982  0.9998847
 0.7362825  0.96780574 0.99993336 0.99989486 0.9996119  0.9998136
 0.9999337 ]
[0.95760804 0.9998863  0.99996734 0.9999155  0.9994709  0.9998958
 0.74463195 0.9824808  0.9999075  0.9998652  0.9995035  0.99980825
 0.9999443 ]
[0.93102604 0.9998857  0.9999516  0.99994147 0.9992848  0.9998727
 0.8005212  0.9810845  0.9999182  0.9999076  0.99954337 0.9998437
 0.9999436 ]
[0.9586834  0.9999355  0.9999596  0.9999157  0.9996512  0.99984133
 0.76092184 0.98253846 0.99993837 0.9998511  0.9997353  0.9998877
 0.99995947]
[0.9582239  0.9999032  0.99996614 0.9999428  0.99943405 0.999833
 0.7497623  0.98344225 0.9999119  0.99992025 0.99957746 0.9999093
 0.99992645]
[0.9624001  0.9999198  0.99994016 0.9999292  0.9993599  0.9999114
 0.7634754  0.9840291  0.9998715  0.9998921  0.9995432  0.9998468
 0.99991417]
[0.9515632  0.9999306  0.9999548  0.99991    0.99949193 0.9998361
 0.78767765 0.97937816 0.99989283 0.999879   0.99956864 0.99986494
 0.99993384]
[0.9433809  0.9998982  0.9999248  0.99990904 0.99955565 0.99985564
 0.76762974 0.976839   0.9999416  0.9999212  0.99952877 0.99985325
 0.99995804]
[0.95145214 0.99986243 0.99994147 0.9999211  0.99967456 0.9998938
 0.78875536 0.9830524  0.9999255  0.9998921  0.9997539  0.99990344
 0.9999294 ]
