Mprobs for dataset 2 (AIC)

[0.9959686  0.9375323  0.9963812  0.99923253 0.9991047  0.996229
 0.99933016 0.97768676 0.9333336  0.98650116 0.8200916  0.8742322
 0.9965659  0.9984195  0.8879854  0.98106176 0.9591534  0.73405737
 0.97187245 0.9928596  0.9178538  0.9898084  0.8975437  0.9722724
 0.8477695  0.98578566 0.5113412  0.8257501  0.61385167 0.88459516
 0.8873461  0.96052206 0.93090487 0.7421166  0.9968631  0.94229627
 0.73005605 0.9824124  0.99216497 0.6802686 ]
[0.99584335 0.94581103 0.99176675 0.9996006  0.9995647  0.9633292
 0.99935526 0.92652214 0.9851592  0.9503356  0.94185394 0.9088486
 0.91962886 0.99433583 0.997124   0.7353357  0.99235994 0.9726219
 0.82422924 0.99559516 0.9871503  0.9245755  0.90742284 0.89578706
 0.94569045 0.7597947  0.7856488  0.9252097  0.8833442  0.962752
 0.94362324 0.97692925 0.9977386  0.99303496 0.9664218  0.9896633
 0.87515944]
[0.9021296  0.98316145 0.98817354 0.9997447  0.9994848  0.9996306
 0.999483   0.9242429  0.981598   0.98667216 0.5061917  0.99534976
 0.99824333 0.9470431  0.9456207  0.9682131  0.93994784 0.96761394
 0.52590066 0.992508   0.6210141  0.9170344  0.7073295  0.93720466
 0.96804464 0.90378374 0.86813897 0.97582334 0.93613005 0.66287535
 0.9626614  0.9792021  0.8774954  0.9932105  0.9930924  0.9393804
 0.98194927 0.75391304]
[0.9959186  0.9062491  0.96189374 0.9997931  0.99946195 0.9987608
 0.99839574 0.9587614  0.9538866  0.9673053  0.74647003 0.70659643
 0.9962753  0.9982869  0.9058528  0.8973504  0.95483124 0.97383523
 0.9816269  0.9960931  0.96429294 0.9765139  0.9478095  0.9339122
 0.7717715  0.9195736  0.9230819  0.98225236 0.95366687 0.9566949
 0.8943817  0.9885257  0.99770516 0.9940143  0.7764782  0.9974874
 0.97163504 0.9777835 ]
[0.99516463 0.894068   0.9905081  0.999806   0.99966407 0.9984205
 0.99809843 0.9189054  0.9767684  0.9580943  0.9686487  0.88418126
 0.6194246  0.99618584 0.95558614 0.9913931  0.98161894 0.9541437
 0.9873957  0.9902     0.9210478  0.95821404 0.7629351  0.9070048
 0.9797636  0.78440154 0.91813177 0.9576899  0.9718259  0.9557018
 0.9792284  0.9458973  0.9942726  0.7930886  0.9980574  0.96116865
 0.97296226 0.6489582 ]
[0.99683124 0.90538996 0.9901579  0.9997372  0.99948525 0.9982728
 0.999094   0.9091172  0.973937   0.96715564 0.91363287 0.62509775
 0.9762139  0.9704563  0.9949073  0.99891543 0.99209595 0.9106387
 0.55593085 0.7950636  0.9440433  0.9950275  0.9938645  0.9822858
 0.96365    0.71736205 0.7506422  0.96041846 0.8063964  0.89988834
 0.89225    0.94887704 0.8170099  0.9921619  0.93942374 0.8178096
 0.9986732  0.9713884  0.99275726 0.99546695 0.9806527 ]
[0.98028666 0.9066133  0.9928838  0.99961495 0.9995322  0.99939704
 0.9989594  0.9454971  0.9816164  0.97648513 0.83778644 0.89134204
 0.9939236  0.9987997  0.8115202  0.8975765  0.98422885 0.9423882
 0.9825838  0.98761463 0.8156715  0.9781903  0.9085842  0.6997334
 0.88226914 0.98163533 0.968666   0.90907323 0.9583189  0.9845085
 0.81305695 0.997361   0.84746623 0.99733126 0.977836  ]
[0.9378384  0.9247757  0.9874364  0.9997004  0.99967206 0.99964225
 0.99834514 0.96551794 0.9662447  0.9937058  0.9654757  0.7547198
 0.89562    0.99656564 0.9980083  0.95195365 0.8354057  0.9819354
 0.98545307 0.89733624 0.9148876  0.99328727 0.9665405  0.9345028
 0.7205902  0.97552425 0.88592315 0.9468004  0.9609303  0.59178597
 0.933052   0.81596047 0.9740734  0.95601195 0.9844231  0.99370736
 0.8221424  0.998752   0.9198609  0.5490917 ]
[0.9963553  0.9269225  0.9921435  0.9998136  0.9996081  0.9927025
 0.9990528  0.9681152  0.97877526 0.9754438  0.94751084 0.6022452
 0.9659722  0.99333924 0.6730166  0.66568613 0.99176747 0.77092886
 0.9797729  0.99594814 0.9907674  0.9701773  0.9635036  0.6117414
 0.865894   0.8577301  0.6423968  0.8687747  0.9610672  0.9775114
 0.7999638  0.97888994 0.92344666 0.9976788  0.9922069  0.96930146
 0.94554555 0.9874715  0.8869543 ]
[0.9265869  0.89050484 0.99484175 0.99960774 0.99952054 0.99077356
 0.9988844  0.9438643  0.96566075 0.96022916 0.61727244 0.9087329
 0.8188423  0.99644995 0.99931455 0.8181525  0.96542925 0.95823383
 0.94392174 0.9885732  0.8678194  0.99306893 0.9850365  0.94633013
 0.71459633 0.8972946  0.83253056 0.973032   0.81210303 0.675463
 0.9688616  0.9650281  0.92994624 0.8799207  0.9832186  0.98186845
 0.97675645 0.99565923 0.87729603 0.9966485  0.97629005 0.65628827]
[0.99871695 0.9370042  0.9787758  0.999688   0.99930847 0.99808806
 0.99874264 0.97248656 0.9356803  0.9907895  0.8859875  0.8342405
 0.89581215 0.99606484 0.99869376 0.9055063  0.72863    0.9810781
 0.93117476 0.9952226  0.9934957  0.96935433 0.9816103  0.9309635
 0.73117125 0.81644243 0.948199   0.9863849  0.87598896 0.9785333
 0.90980506 0.7073085  0.9945656  0.85251474 0.9967757  0.98710746
 0.78189915]
[0.998481   0.92616683 0.9962921  0.99985194 0.9996816  0.9709896
 0.9984112  0.94132906 0.96265197 0.973354   0.83989614 0.92722946
 0.57819825 0.9940951  0.99895895 0.9903439  0.57741386 0.54223263
 0.6332585  0.84926033 0.9909667  0.9894609  0.9008443  0.9828644
 0.80362135 0.90777194 0.73822504 0.96087325 0.9741219  0.97594357
 0.9686845  0.98217463 0.99793893 0.85025275 0.78803974 0.99763834
 0.75117964 0.78029144 0.95056987]
[0.9967867  0.9489332  0.9901398  0.9996989  0.9983481  0.9991221
 0.9990402  0.99670047 0.9988446  0.99781185 0.92447436 0.8461671
 0.9963237  0.9984633  0.8611672  0.9829778  0.9554299  0.91298646
 0.9937319  0.98672247 0.97814    0.9997173  0.5925211  0.9102975
 0.8200513  0.70693165 0.9688653  0.97643363 0.95761806 0.9754226
 0.978017   0.9058827  0.9927719  0.7437259  0.9962321  0.97306865]
[0.99216944 0.883692   0.9889987  0.9995376  0.999627   0.99445677
 0.9992243  0.9494098  0.9943151  0.988172   0.91131014 0.78040045
 0.8520458  0.9891677  0.99725217 0.841367   0.98349273 0.9825842
 0.87907606 0.99649173 0.9876922  0.9578743  0.95399046 0.99659145
 0.87902063 0.9598515  0.5526569  0.94785184 0.9196229  0.9486962
 0.91183364 0.97520065 0.9818227  0.9283202  0.9931092  0.8557665
 0.99557436 0.9783176  0.7776958 ]
[0.99932754 0.9278654  0.9972994  0.99969566 0.9998105  0.99536973
 0.9973991  0.92963725 0.9679317  0.9574102  0.896148   0.91091913
 0.5512355  0.5969851  0.99666756 0.99447775 0.6976819  0.9681648
 0.9848663  0.99279624 0.9495498  0.99621224 0.5235151  0.99359894
 0.95062363 0.9836447  0.7903782  0.97580975 0.7333664  0.9789131
 0.51552945 0.9664479  0.923738   0.96090364 0.84945226 0.93868446
 0.97731745 0.9967294  0.9985612  0.92151135]
[0.99434894 0.9135095  0.9844083  0.9996681  0.9995894  0.9983852
 0.9993979  0.9436477  0.9809583  0.9821524  0.96498257 0.8837729
 0.94818586 0.9859336  0.9991291  0.8805074  0.9408434  0.9662723
 0.92953336 0.99488705 0.9785035  0.9829726  0.9361484  0.76577985
 0.92182463 0.9514111  0.6373719  0.63756514 0.81075746 0.9864552
 0.8861695  0.9693996  0.96955216 0.87462354 0.9958664  0.9242738
 0.9872732  0.99063945]
[0.90610015 0.90564847 0.9821514  0.99965024 0.99979204 0.9982999
 0.9989675  0.9458128  0.98749346 0.9752172  0.69744897 0.7981473
 0.93540853 0.9891754  0.9989083  0.79077494 0.57068336 0.9702641
 0.79549044 0.9944326  0.9864477  0.9824254  0.9843785  0.94972646
 0.800298   0.9646346  0.9693354  0.9012973  0.9856065  0.64538187
 0.9342483  0.9894071  0.97709024 0.9963883  0.87741125 0.9985393
 0.98925614 0.67236906]
[0.9607467  0.90906537 0.9933838  0.9998975  0.99915946 0.9986234
 0.9982576  0.9631112  0.96952504 0.9606091  0.947868   0.9670037
 0.99375147 0.9967535  0.97907853 0.83522207 0.97963184 0.9204589
 0.90025485 0.990312   0.98992294 0.98011243 0.8977248  0.98768884
 0.961043   0.73614895 0.9416301  0.937951   0.9040862  0.9532729
 0.90799797 0.8836985  0.9867828  0.99862874 0.7717205  0.9989262
 0.98125595]
[0.9830048  0.89721256 0.98765403 0.9996569  0.99949217 0.93353707
 0.99884546 0.9213229  0.9614606  0.993222   0.9866023  0.66832167
 0.8201439  0.99154186 0.9941678  0.99830735 0.9795928  0.71337086
 0.8307817  0.71177113 0.98752207 0.8975201  0.93812317 0.9365521
 0.7188708  0.97154534 0.95171154 0.6910013  0.76183987 0.8807527
 0.9853931  0.50996774 0.99119747 0.85885483 0.8318277  0.99579406
 0.9584272  0.5897871  0.99276626 0.9619998 ]
[0.9974541  0.8773022  0.98583096 0.999658   0.99923956 0.9949772
 0.9994241  0.9597135  0.9767826  0.9697834  0.9238782  0.8884281
 0.9454613  0.6831392  0.99485934 0.9986651  0.9794531  0.9810883
 0.962057   0.9555049  0.99421084 0.99281174 0.68794113 0.9163333
 0.51562834 0.8123183  0.81102294 0.72757643 0.59495217 0.88186085
 0.8886737  0.9368315  0.9531276  0.9780296  0.99670875 0.86369264
 0.98856413 0.9849427  0.9801777  0.69873226]
[0.9970156  0.9278551  0.9721858  0.9986986  0.9989888  0.9466821
 0.99933904 0.9298227  0.9183758  0.95831865 0.8737632  0.86663496
 0.85204804 0.72784793 0.9879511  0.99894124 0.7965454  0.9526973
 0.93324274 0.95893323 0.9913305  0.985581   0.9804434  0.95254385
 0.97966355 0.7887763  0.7293471  0.6260843  0.9593867  0.9798835
 0.8500629  0.9634159  0.9693276  0.9954927  0.9835471  0.97572756
 0.99518114]
[0.9976826  0.90639764 0.99200714 0.999892   0.99932647 0.99910396
 0.9979868  0.9681644  0.9514174  0.9837082  0.8329357  0.5619431
 0.94258505 0.98899347 0.9993831  0.68310356 0.98145264 0.98731333
 0.89681095 0.9526056  0.9895382  0.8276167  0.98043364 0.6449054
 0.7658883  0.6675025  0.9088883  0.7819091  0.9397433  0.9544268
 0.914899   0.97971606 0.98640174 0.99288696 0.9980921  0.64277667
 0.9973278  0.9814418 ]
[0.98581356 0.91456014 0.98725057 0.99959    0.99951637 0.99845946
 0.99850357 0.96036226 0.9725945  0.9797625  0.9814076  0.84823114
 0.8943483  0.9951782  0.99708325 0.5967047  0.9850286  0.98179895
 0.9741391  0.9705433  0.9916875  0.9621421  0.9085276  0.5379716
 0.89120424 0.7331879  0.5270146  0.7786592  0.94948256 0.94753236
 0.86507565 0.9819405  0.97353405 0.9409736  0.9952543  0.9490333
 0.99814284 0.965859  ]
[0.9350064  0.9388622  0.9875616  0.9996524  0.99949384 0.9995759
 0.9991103  0.9952898  0.9962759  0.99901605 0.76409644 0.76859266
 0.95912915 0.8638766  0.9968176  0.9958526  0.6563797  0.990941
 0.9920642  0.9283537  0.9928387  0.9815832  0.9952142  0.9188492
 0.9131607  0.75196165 0.873422   0.9856076  0.8557473  0.9992601
 0.8156771  0.9600718  0.8799711  0.9894533  0.95224303 0.95551354
 0.9874988  0.9784225  0.9980964  0.9528279 ]
[0.9765014  0.94034934 0.982383   0.9994978  0.99951494 0.99919206
 0.99848276 0.92873883 0.9212124  0.9849916  0.8885861  0.9980083
 0.99779713 0.8543585  0.9269802  0.9908104  0.9890981  0.92463595
 0.9901653  0.9973345  0.98378134 0.9769398  0.8422532  0.9288661
 0.9410336  0.9814833  0.96537524 0.8537209  0.97351766 0.83314973
 0.96758455 0.9670998  0.98749095 0.9955273  0.9985221  0.9571597
 0.9908737 ]
[0.99645007 0.90944356 0.99042773 0.9998361  0.9996903  0.99466175
 0.99878246 0.95513076 0.96436334 0.9535517  0.8933076  0.84926426
 0.9578396  0.9949715  0.99511355 0.66441417 0.9699383  0.79307866
 0.98875976 0.9359711  0.9915821  0.99438876 0.9837608  0.9536878
 0.8220243  0.962266   0.8121683  0.91311854 0.9260543  0.8729226
 0.92806965 0.9065891  0.9330319  0.8933923  0.9962812  0.8957435
 0.9975956  0.87680334 0.9871836 ]
[0.993722   0.9674887  0.98112065 0.99984336 0.9996474  0.99855024
 0.9991196  0.9671581  0.9538204  0.96882576 0.8804974  0.92433375
 0.9909518  0.9975726  0.7748503  0.9580339  0.9431784  0.9496239
 0.994241   0.9489871  0.98666316 0.97208023 0.96773535 0.804466
 0.55996764 0.86359227 0.87802243 0.9671971  0.90625095 0.980033
 0.95599765 0.9955421  0.9714688  0.73104036 0.99522877 0.9903206 ]
[0.994414   0.9210328  0.9868107  0.999821   0.9995316  0.9998142
 0.999246   0.9376462  0.9866455  0.9641592  0.950305   0.7310064
 0.87104505 0.9963187  0.99893385 0.9373322  0.84362316 0.9668882
 0.9884241  0.9086701  0.70792294 0.98836285 0.994649   0.9395183
 0.9188188  0.9693049  0.8566358  0.82592326 0.81496775 0.8342474
 0.9117411  0.98390305 0.8607931  0.96715397 0.8893516  0.9782482
 0.9965301  0.9181415  0.58770543 0.9968516  0.86910236 0.96130806]
[0.9975581  0.8919912  0.9602703  0.99923515 0.9991019  0.99142754
 0.9988782  0.9516965  0.9522172  0.98382115 0.9213327  0.85830885
 0.99659073 0.9989912  0.74901116 0.9534051  0.9867345  0.9558869
 0.9946102  0.9883879  0.99363434 0.9679108  0.9845947  0.9818539
 0.7886358  0.9647866  0.9857085  0.8864239  0.9857464  0.9493594
 0.9976332  0.9871104  0.64736897 0.99801    0.507546   0.988389  ]
[0.9994597  0.9454131  0.99071527 0.9998698  0.9994338  0.99892247
 0.99855095 0.9699645  0.9472995  0.977105   0.5173896  0.92671895
 0.7274483  0.9963182  0.998162   0.58460784 0.99082    0.9454711
 0.947883   0.9972518  0.99023986 0.9252101  0.97290796 0.92730093
 0.6818332  0.8791973  0.5727578  0.5564026  0.95842576 0.93967885
 0.9585019  0.7925455  0.9659908  0.94537616 0.9956311  0.98275095
 0.9983974  0.57863706 0.9813929 ]
[0.9972025  0.95530415 0.9673702  0.9994301  0.998672   0.9627754
 0.9990355  0.9490471  0.93863887 0.96889323 0.7914267  0.80852115
 0.9083226  0.98970896 0.99871516 0.97973174 0.9837113  0.91757596
 0.993761   0.9809714  0.8235122  0.98438036 0.9938414  0.86711
 0.9412171  0.81819504 0.95108914 0.86002743 0.81105256 0.9864922
 0.98727334 0.9578984  0.99764365 0.92800075 0.9972753  0.96140295
 0.99805945]
[0.9922604  0.9115154  0.9763556  0.9995666  0.9980616  0.9955049
 0.9992781  0.9382907  0.9655649  0.9544575  0.5791414  0.94886154
 0.9264202  0.9827403  0.9976593  0.9988127  0.78468525 0.6932359
 0.9383543  0.9604165  0.90433306 0.99432594 0.9883188  0.99670714
 0.875188   0.9738603  0.5701057  0.8609602  0.85986394 0.96511793
 0.96467876 0.9345768  0.97603863 0.8759147  0.99165803 0.98194295
 0.93026626 0.9986155  0.9270932  0.9944325  0.9764715 ]
[0.9993875  0.9399253  0.9905122  0.99988174 0.99949145 0.99971694
 0.9988279  0.9591918  0.95599437 0.9878715  0.93483436 0.83652675
 0.85547036 0.56439036 0.98779607 0.9983125  0.8886369  0.98437566
 0.97173643 0.87866753 0.8448848  0.81294334 0.9890531  0.93462926
 0.96000385 0.7675955  0.773058   0.88937724 0.885257   0.9745524
 0.924586   0.90956855 0.9834921  0.9596005  0.97431654 0.93803096
 0.9937551  0.98630965 0.69335526 0.99668235 0.8516047  0.94084936]
[0.9821422  0.90548563 0.98695755 0.99897754 0.9993955  0.9214093
 0.99907756 0.92198515 0.97473437 0.9891177  0.66794986 0.85205317
 0.67540205 0.9662388  0.9935694  0.99939203 0.8088736  0.84793866
 0.9826729  0.9083623  0.9912442  0.985495   0.9827794  0.9416245
 0.7531197  0.97385806 0.81937146 0.6240665  0.9836558  0.8949977
 0.9725938  0.9767423  0.8220685  0.9741262  0.93532187 0.9761587
 0.99752706 0.6439546  0.9964406  0.98990333 0.70070845]
[0.99786144 0.88325024 0.9917197  0.99960524 0.9995254  0.88914853
 0.9992685  0.9266616  0.9858306  0.95740473 0.9362219  0.93824476
 0.9298411  0.9962366  0.99911946 0.97363436 0.9889319  0.9566802
 0.9863556  0.9859489  0.98267454 0.9708307  0.8495657  0.90501845
 0.96481955 0.83593285 0.7781531  0.87146163 0.9641472  0.9839991
 0.86239576 0.98500735 0.983889   0.6645499  0.99649376 0.77360713
 0.9958038  0.98387295 0.5016864 ]
[0.9940882  0.91896045 0.993729   0.9999285  0.999762   0.9993831
 0.9976954  0.9668332  0.9358993  0.973515   0.81788087 0.9951271
 0.9933431  0.5820153  0.8343504  0.8888397  0.984704   0.9661578
 0.9933669  0.9955735  0.9606161  0.9092251  0.7259517  0.93030256
 0.9752814  0.9379274  0.7397194  0.9912013  0.9440202  0.96580774
 0.89452744 0.98945624 0.9668231  0.93303037 0.99572146 0.8229713
 0.99878496 0.9950736  0.95467836 0.7141101 ]
[0.99834466 0.933199   0.99162745 0.999723   0.9995209  0.9944174
 0.9990644  0.96776015 0.9732363  0.976152   0.9533456  0.8849385
 0.9234855  0.96548605 0.9969831  0.9975758  0.6157933  0.93384224
 0.98620516 0.9473209  0.9792489  0.9946725  0.98261285 0.93522215
 0.70550895 0.92938083 0.78474236 0.81819206 0.9110897  0.93069434
 0.72636265 0.58205    0.96293986 0.83155334 0.97726655 0.9963232
 0.9755554  0.99842834 0.61829257 0.5790657 ]
[0.98676807 0.92402107 0.9923712  0.99985635 0.9995646  0.9971842
 0.999424   0.9473775  0.9648597  0.9903044  0.82825845 0.9913078
 0.98807144 0.9968676  0.9620163  0.9938148  0.955814   0.96460986
 0.9934716  0.9827922  0.8306958  0.96067595 0.5647876  0.79846823
 0.98599005 0.9419601  0.9578502  0.93733233 0.9855097  0.8721568
 0.9976012  0.98794484 0.9233818  0.9481431  0.9218921 ]
[0.9981993  0.92759395 0.9884432  0.9997731  0.9992792  0.9994791
 0.9993092  0.93759656 0.9232535  0.9671966  0.8253355  0.5383233
 0.94844437 0.99606687 0.99894875 0.53869236 0.89024085 0.6154714
 0.9916222  0.83267206 0.9916937  0.9871159  0.993313   0.97078687
 0.9292795  0.7894974  0.8322939  0.76132816 0.9415629  0.9815793
 0.86039644 0.9656771  0.8502887  0.87071633 0.994156   0.9623694
 0.993775   0.99085367]
[0.9008859  0.9320089  0.9835286  0.9995073  0.9995789  0.91258955
 0.9989976  0.9395816  0.9899485  0.9890583  0.8946572  0.83068585
 0.88255495 0.99528533 0.9988086  0.9872897  0.8849776  0.94844455
 0.9006494  0.9714291  0.9120707  0.993359   0.9910342  0.8621965
 0.9793204  0.9947147  0.8738574  0.8602008  0.9197929  0.75480217
 0.9204353  0.9843462  0.8533441  0.9362072  0.9566341  0.9663408
 0.99738234 0.8912547  0.99662244 0.9913935  0.72127384]
[0.99784815 0.88659376 0.9615151  0.9998969  0.99940073 0.99839824
 0.99905795 0.9694939  0.9705893  0.9766103  0.73891044 0.65591955
 0.99545246 0.9991032  0.93080384 0.53695333 0.96967703 0.6277309
 0.96613777 0.93469924 0.9962894  0.9834731  0.9942036  0.9742206
 0.9514611  0.56682205 0.9760005  0.79408085 0.950118   0.7995752
 0.6433333  0.8505583  0.96255463 0.9286689  0.98667645 0.8159198
 0.9756395  0.9978073  0.99144804 0.9897295  0.99743277 0.5261059
 0.97748125]
[0.99748296 0.9458313  0.9885439  0.99981636 0.9992353  0.9679272
 0.9994541  0.96828127 0.94888026 0.9831987  0.806584   0.97722435
 0.9979202  0.99558866 0.808492   0.95088387 0.9867792  0.93495274
 0.9444374  0.71972555 0.71260756 0.9934196  0.8819304  0.9959786
 0.90003484 0.9654575  0.94167274 0.9518056  0.5346992  0.9790947
 0.9583135  0.97505856 0.9762383  0.9741168  0.9971089  0.91646546
 0.9591956  0.90916264 0.9889053  0.8229178 ]
[0.9979248  0.9121973  0.99727076 0.9993861  0.999241   0.9830632
 0.99936897 0.9700998  0.99114215 0.980477   0.8696835  0.77369666
 0.7225377  0.9644707  0.9937733  0.9986619  0.7813145  0.9750997
 0.946858   0.896228   0.98435265 0.5772374  0.9941962  0.96830875
 0.9333501  0.71168476 0.94738597 0.7700247  0.7108472  0.9545168
 0.90484315 0.9795594  0.9158293  0.9859629  0.942503   0.7868576
 0.99430907 0.7175743  0.9879159  0.97792095]
[0.99387956 0.9419217  0.9858554  0.9997063  0.9994454  0.999663
 0.99897516 0.94636065 0.9912662  0.9973762  0.85086834 0.7835119
 0.8416539  0.9913368  0.999027   0.86157084 0.98217577 0.9618893
 0.9936075  0.9765495  0.8881059  0.9578963  0.99595153 0.94161826
 0.9902463  0.73717487 0.910019   0.9621783  0.9502464  0.8673125
 0.9806702  0.8760318  0.89548355 0.98903286 0.9977494  0.76689315
 0.99708563 0.9795314  0.8080275 ]
[0.94008535 0.93763196 0.99246126 0.9996257  0.9995497  0.9857325
 0.9987674  0.89117575 0.9716393  0.9784359  0.9343864  0.9927464
 0.99599093 0.9386128  0.9736039  0.9819323  0.941833   0.9955094
 0.9931005  0.93840617 0.97894806 0.8977027  0.8634443  0.5085766
 0.93940735 0.92732954 0.95218134 0.9279085  0.93704134 0.9660271
 0.9691281  0.99537057 0.9677569  0.8005183  0.998293   0.9392061
 0.88177365 0.9771649 ]
[0.99575835 0.9837065  0.9906284  0.99948955 0.9992723  0.9940708
 0.99869055 0.96185493 0.9650598  0.9918566  0.67494315 0.9674287
 0.99671894 0.9990785  0.9175121  0.9312185  0.9839189  0.97051424
 0.9904834  0.9931137  0.99302095 0.93688196 0.9831997  0.98395133
 0.9333382  0.8894295  0.9536473  0.9694164  0.9737355  0.836474
 0.95815045 0.89222723 0.9669858  0.9966779  0.6625621  0.99849117
 0.9735212  0.9544142 ]
[0.9965113  0.93580693 0.9868003  0.99970716 0.9996055  0.9968919
 0.9989724  0.9398537  0.97556883 0.9712687  0.8971668  0.8849424
 0.6435786  0.9403952  0.9545469  0.9982552  0.98921776 0.98311746
 0.929351   0.96896446 0.986034   0.9363313  0.9765994  0.8322586
 0.8587247  0.8234867  0.8179762  0.6688907  0.9547152  0.95440805
 0.8629745  0.9619111  0.9896741  0.7556711  0.9958834  0.9737879
 0.9953194  0.9801922 ]
[0.9968413  0.940267   0.9931038  0.9999368  0.9991379  0.9991726
 0.99912614 0.9946243  0.9863171  0.99796766 0.8695882  0.9375884
 0.9957059  0.999303   0.9913594  0.9909559  0.97038627 0.9868508
 0.9955401  0.98271585 0.9983485  0.8079509  0.8899309  0.8365692
 0.6640199  0.60238934 0.94071996 0.9676626  0.9293283  0.55706203
 0.9573574  0.94071335 0.8769136  0.99662846 0.99569607 0.95003366
 0.86820984]
[0.91683364 0.8799537  0.9875886  0.99897444 0.99937075 0.97201836
 0.9992817  0.96495193 0.98069006 0.9684406  0.979652   0.7626275
 0.993469   0.99528944 0.8995399  0.989391   0.9676001  0.90065926
 0.9909106  0.99220407 0.9753823  0.96391034 0.98955685 0.75074774
 0.96524864 0.97594225 0.82621735 0.94595706 0.9677998  0.68649274
 0.824526   0.992634   0.8144714  0.9572619  0.9938398  0.5733603
 0.9968561  0.9838119  0.9873258  0.7179176 ]
[0.9936162  0.9236189  0.95934254 0.9996965  0.99957174 0.999589
 0.9986615  0.974192   0.95318085 0.9674893  0.87104946 0.5709623
 0.9791262  0.9993001  0.98416877 0.89663696 0.64848477 0.9678869
 0.58633476 0.98365456 0.9100668  0.84181505 0.8961194  0.649369
 0.7789554  0.8392796  0.5304287  0.99123573 0.9868825  0.9735467
 0.9969273  0.9947404  0.99268603 0.9977373  0.9638709 ]
[0.99569404 0.9320427  0.99060047 0.99957496 0.9995523  0.9968868
 0.99950266 0.9420898  0.97651654 0.96206385 0.63165015 0.95061713
 0.8649731  0.9272631  0.98693347 0.9987734  0.9564887  0.9738061
 0.9682575  0.9900401  0.983148   0.98394114 0.9176836  0.8565651
 0.7768028  0.94486225 0.96869755 0.8194939  0.9219805  0.9654609
 0.9856581  0.8767142  0.99582654 0.9681299  0.878597   0.99339974
 0.98711306]
[0.99310994 0.93952024 0.969984   0.9994881  0.9996075  0.9605072
 0.99818856 0.91421986 0.9466829  0.9933664  0.96723247 0.9218805
 0.8139377  0.9949155  0.99848    0.9495104  0.939664   0.98354244
 0.7990682  0.9870847  0.9929236  0.9724224  0.985873   0.9656644
 0.96917343 0.86335915 0.98261815 0.9367076  0.96998256 0.9291464
 0.95724434 0.74410695 0.98842025 0.9958727  0.99410015 0.7803368
 0.99870026 0.93548477 0.79253536 0.9620804 ]
[0.9375574  0.9086659  0.9948696  0.99990666 0.9996101  0.99924856
 0.9964851  0.95385736 0.9523758  0.9845132  0.8845975  0.9225879
 0.7906066  0.9969194  0.9992092  0.70960647 0.8980102  0.9603836
 0.91901267 0.9805108  0.99480057 0.98644197 0.7779622  0.97218084
 0.9563571  0.93617505 0.9714286  0.9704161  0.9674224  0.9962488
 0.99713147 0.68743044 0.99875426 0.97675586 0.85174024]
[0.99855345 0.94166607 0.99519277 0.99920624 0.9997377  0.9710036
 0.99935406 0.9652804  0.9631627  0.98398006 0.78818226 0.9942035
 0.99752384 0.8016995  0.9793906  0.97542804 0.9526494  0.9948768
 0.98822147 0.9824128  0.58372915 0.6108901  0.8428072  0.9217946
 0.8896457  0.95041347 0.95804715 0.9065584  0.8396048  0.6435917
 0.97727656 0.9447236  0.8082309  0.9940135  0.9943863  0.9648381
 0.95329034]
[0.99871707 0.93546766 0.9866476  0.9998847  0.9998379  0.9988807
 0.9992772  0.93107533 0.9734933  0.97806793 0.9712794  0.8348905
 0.9198372  0.8852538  0.9969236  0.99803895 0.81181604 0.5230333
 0.97122914 0.9277814  0.9907713  0.8035965  0.9907355  0.9281292
 0.9569456  0.9790854  0.58714974 0.8492116  0.9552394  0.9242632
 0.77888435 0.9570089  0.96379286 0.96825165 0.52020717 0.985775
 0.9289964  0.61108404 0.98333883 0.9842614  0.99706984 0.9852931
 0.97368973]
[0.9910711  0.933542   0.9942086  0.99969184 0.99962366 0.99939764
 0.9992248  0.9332666  0.9757229  0.9667322  0.89377904 0.6006237
 0.9748951  0.98359203 0.99877805 0.80763847 0.98405993 0.9663697
 0.9624238  0.6516097  0.862635   0.9837     0.77213746 0.5860302
 0.98736066 0.96514887 0.9133451  0.6301326  0.8398688  0.9135895
 0.96770245 0.89237845 0.9583147  0.98770964 0.77005583 0.99485636
 0.7764951  0.9959221  0.98707587 0.97896975]
[0.9963744  0.9414718  0.9895908  0.999587   0.99927884 0.99734724
 0.9993272  0.9341637  0.95344377 0.97397995 0.81040144 0.56633955
 0.83787197 0.91126776 0.99562883 0.99888045 0.982635   0.9056394
 0.9541948  0.9929208  0.55054253 0.9881627  0.92629653 0.9590196
 0.9692747  0.8191235  0.7943407  0.53310573 0.79311806 0.94301885
 0.8363499  0.88639104 0.97504264 0.88799375 0.997474   0.7911353
 0.98312587 0.9435996  0.9752045 ]
[0.99012125 0.95106226 0.99308985 0.99981445 0.9979341  0.99936765
 0.9993907  0.9781828  0.99536246 0.9782065  0.9939036  0.9994325
 0.93686473 0.8643881  0.9765841  0.97359526 0.98447615 0.95974755
 0.95243627 0.99532914 0.9432887  0.9596822  0.72455835 0.920242
 0.9380322  0.5430799  0.99630606 0.86506796 0.89139056 0.9831982
 0.9677413  0.98363113 0.9929476  0.9778071  0.9368186  0.9985
 0.9868831  0.9854548  0.9501574 ]
[0.9909642  0.9463705  0.9925404  0.999608   0.99941456 0.90158623
 0.9993611  0.94334596 0.9796637  0.9608039  0.9263849  0.87829924
 0.8955331  0.95100063 0.99455833 0.9993043  0.87142104 0.9874499
 0.96620566 0.6106558  0.9890751  0.9483735  0.985357   0.8770043
 0.9520014  0.60989475 0.93765295 0.98071676 0.88545287 0.9424715
 0.98517865 0.97447157 0.99615073 0.72104776 0.9938998  0.68002623
 0.9331837 ]
[0.9945986  0.9056562  0.9821891  0.99951863 0.99946576 0.9985374
 0.9992841  0.9755297  0.95173657 0.98854756 0.9069738  0.77453166
 0.98559266 0.9908077  0.8742469  0.92915857 0.9074787  0.98109186
 0.97162896 0.9725901  0.95428836 0.8947105  0.9488769  0.8255683
 0.9188983  0.66471905 0.8380509  0.9225417  0.96305865 0.9362778
 0.96425736 0.98278606 0.91575193 0.98742896 0.90318304 0.99732
 0.67700624 0.98396885]
[0.99705756 0.90790004 0.99346715 0.9998503  0.9995915  0.9988304
 0.99931407 0.9652259  0.99399066 0.9779805  0.9735     0.8465732
 0.66305876 0.9267249  0.9930628  0.9987608  0.64329    0.97525036
 0.9763341  0.92478883 0.6085654  0.98458743 0.942446   0.94982827
 0.8050306  0.8640403  0.9623093  0.5957769  0.9495927  0.98073316
 0.90762687 0.90546364 0.92263126 0.9375146  0.9922879  0.91139686
 0.99639124 0.96707773 0.928991  ]
[0.9977502  0.89411914 0.99292845 0.9998622  0.9996722  0.9982723
 0.9991528  0.953687   0.97558695 0.9595449  0.8568693  0.903028
 0.92543894 0.89430004 0.9849155  0.9977309  0.8240555  0.9750631
 0.97643286 0.93347245 0.9945996  0.7867802  0.9792076  0.9599427
 0.97452694 0.87556285 0.5498663  0.9447796  0.91434    0.7041255
 0.5853655  0.93306357 0.98226947 0.85556877 0.91525394 0.97901744
 0.8364143  0.9955878  0.92733914 0.7102153  0.9975447  0.5870619
 0.9910444 ]
[0.9996848  0.89454097 0.9694979  0.9995819  0.9991911  0.9781526
 0.99919516 0.9361918  0.93215746 0.98110723 0.86378354 0.80854934
 0.5495255  0.91641176 0.9956766  0.9988053  0.5932432  0.96152925
 0.9633269  0.5678495  0.9863042  0.77503043 0.99297076 0.94446504
 0.96264577 0.95988756 0.75205296 0.9563811  0.532502   0.93736994
 0.9720123  0.9704569  0.9882796  0.91956204 0.9822337  0.9923637
 0.5297081  0.9954059  0.97711253 0.9843053 ]
[0.8910185  0.92665964 0.9742337  0.99959415 0.9996774  0.9604231
 0.9974069  0.9431432  0.9360165  0.9840373  0.98436075 0.8382047
 0.9963069  0.9951206  0.8372859  0.9272426  0.9908331  0.97607523
 0.9900607  0.9911418  0.984298   0.9841882  0.8342555  0.8051203
 0.67862785 0.9585308  0.8406349  0.9710921  0.8786676  0.87861246
 0.9818153  0.85708815 0.9804314  0.9927417  0.71765876 0.9980508
 0.9640479  0.99348205]
[0.99673575 0.9136449  0.98631454 0.99977535 0.99943584 0.9990139
 0.99918634 0.9756141  0.9981249  0.99099636 0.7871319  0.77697647
 0.906075   0.99082804 0.9989611  0.9081153  0.967524   0.97149277
 0.99300027 0.99025565 0.9776898  0.9512082  0.99867165 0.93163985
 0.9850697  0.5218108  0.9856878  0.96520084 0.96312946 0.9976914
 0.95065194 0.9953695  0.99364907]
[0.9986557  0.9019233  0.98240227 0.9997869  0.99950576 0.99807906
 0.99951243 0.9632205  0.9554873  0.9762508  0.9179943  0.92013574
 0.9978714  0.9983387  0.80612785 0.9692777  0.96812415 0.99290764
 0.9274504  0.9947743  0.52166086 0.9946695  0.9002094  0.95448947
 0.7944425  0.9058208  0.7512104  0.8766425  0.88569576 0.95849127
 0.9317307  0.68874586 0.62930286 0.97576594 0.96929103 0.71421903
 0.9253395  0.995057   0.9892932  0.99678373 0.9771566 ]
[0.9973991  0.9294104  0.98166394 0.9997346  0.99899405 0.9868814
 0.998116   0.91496855 0.9661853  0.97022575 0.9623584  0.9218443
 0.99314064 0.9990013  0.9885345  0.9862797  0.89575005 0.9934843
 0.99007857 0.93315655 0.9835385  0.9598278  0.52556556 0.9267589
 0.92664963 0.52589923 0.9711415  0.91286284 0.92450804 0.97219545
 0.9624018  0.99650156 0.9925016  0.99881685 0.98945636]
[0.97905743 0.92949563 0.996029   0.9994338  0.9994454  0.9832117
 0.99825054 0.9026906  0.97852886 0.9822842  0.7786868  0.9038715
 0.9902623  0.9989548  0.6864333  0.96404415 0.9418527  0.985946
 0.9842276  0.9666944  0.97426987 0.97457945 0.6197474  0.67485934
 0.91741765 0.95166403 0.8221494  0.8271948  0.93380165 0.9774021
 0.8707546  0.9441511  0.9649907  0.9871481  0.99784076 0.8275199
 0.9977749  0.97642285 0.74193144]
[0.9975042  0.8892745  0.98997587 0.99991405 0.99928683 0.9984163
 0.99809915 0.97587943 0.96699756 0.99005336 0.9696604  0.86347336
 0.6733766  0.9849428  0.9987985  0.8455008  0.8752732  0.97177595
 0.92913467 0.9690579  0.9504826  0.9801389  0.9526489  0.8823885
 0.92687774 0.95567983 0.59514713 0.96622413 0.97303164 0.97390604
 0.94846064 0.97796804 0.9963863  0.924258   0.9988495  0.93086827
 0.7799243 ]
[0.9950324  0.9001218  0.9878512  0.99976987 0.99970347 0.9979874
 0.9994429  0.970335   0.98282385 0.99057466 0.71910286 0.9963887
 0.9990619  0.8607977  0.9897153  0.97803736 0.96784556 0.99264634
 0.98633236 0.9970336  0.78985476 0.9453838  0.67695093 0.98873574
 0.61477405 0.8858121  0.9615834  0.96598613 0.9289037  0.5251952
 0.98662984 0.8139066  0.9501249  0.99525636 0.8720913  0.9926353
 0.9916046  0.8612572 ]
[0.9383311  0.9310867  0.9887671  0.99975985 0.9993511  0.9997868
 0.99786866 0.9609429  0.98517716 0.9725743  0.9644863  0.9043628
 0.9973838  0.9990144  0.85593385 0.9864116  0.98221993 0.98531693
 0.9210182  0.99453413 0.9878214  0.7241     0.97719747 0.998372
 0.6480674  0.98394233 0.9054555  0.95155317 0.979512   0.88304484
 0.9592926  0.9661005  0.9656184  0.9892089  0.99199086 0.9974859
 0.96378595 0.9960057  0.87100726 0.96615565]
[0.8868918  0.9471542  0.97724813 0.99966455 0.99938595 0.99882585
 0.99906975 0.9560125  0.9514492  0.9714153  0.88155854 0.69320685
 0.9409991  0.9917253  0.99860114 0.90905446 0.960987   0.9912204
 0.9405241  0.9650011  0.9575029  0.9350864  0.9885634  0.9790748
 0.7934001  0.84440076 0.71971774 0.75349426 0.9618062  0.97555804
 0.9932367  0.82549196 0.86244905 0.90087485 0.9067747  0.9981546
 0.9920033  0.99518013 0.9875279 ]
[0.9985513  0.93021774 0.974732   0.9993963  0.9992662  0.9423549
 0.9992084  0.94367415 0.936644   0.961214   0.975874   0.64065915
 0.7291743  0.9830672  0.9961689  0.9991703  0.9734823  0.8704747
 0.9226504  0.89582735 0.93031543 0.99561656 0.9949767  0.989805
 0.9812688  0.6617528  0.93843514 0.8780294  0.76220006 0.9449362
 0.85914326 0.6729555  0.8914054  0.95367736 0.95039177 0.733371
 0.9725112  0.95428044 0.9981888  0.9915569  0.63122195 0.99580353
 0.9793577 ]
[0.99952996 0.906248   0.9854681  0.99936396 0.9994956  0.9966875
 0.9994161  0.9319165  0.9610582  0.97126997 0.88009834 0.8581954
 0.99511755 0.99844956 0.8927199  0.8995817  0.88317144 0.9189909
 0.9485002  0.96672094 0.9924908  0.99214184 0.9575807  0.91082036
 0.92633295 0.8856339  0.8928966  0.9221338  0.9624621  0.97083473
 0.9060819  0.8331216  0.82635516 0.99471384 0.9833862  0.9539296
 0.99446326 0.68303305 0.97682047]
[0.9976464  0.9201854  0.9948361  0.99956316 0.99961865 0.9166545
 0.99896586 0.9433217  0.9824661  0.9707343  0.95898545 0.8748825
 0.9319582  0.7412504  0.99731654 0.99900395 0.55535996 0.89541477
 0.9890982  0.73176676 0.9916467  0.9857632  0.9949399  0.58200985
 0.9339157  0.91256267 0.9466521  0.5014578  0.9221914  0.9179016
 0.9373157  0.97707534 0.94369596 0.99231887 0.9976375  0.9156764
 0.7079306  0.9988637  0.88742447 0.6864505  0.96914345]
[0.99537367 0.98547584 0.9968244  0.9999435  0.9997372  0.9986149
 0.9989268  0.91789013 0.9745826  0.9696984  0.63557255 0.7714363
 0.9205089  0.9975677  0.8704971  0.9920831  0.9884654  0.96031004
 0.9929103  0.99526864 0.87004095 0.97718143 0.5456425  0.9448392
 0.9425176  0.9314174  0.86932003 0.9888809  0.89251477 0.9625953
 0.57654756 0.9960634  0.9950052  0.96425617 0.93360853 0.9423835 ]
[0.9581002  0.89308214 0.9910138  0.9995658  0.9994455  0.90881854
 0.9985184  0.90245837 0.967792   0.9657518  0.9850904  0.653894
 0.84704685 0.97954595 0.9972078  0.9986129  0.8613263  0.95279217
 0.96813536 0.8546503  0.95958614 0.97852486 0.9907025  0.72270596
 0.9753981  0.97838634 0.9347855  0.78792846 0.8984841  0.909421
 0.9350241  0.95405364 0.97834915 0.9809771  0.982249   0.9975483
 0.7384339  0.99714917 0.9343258  0.9337156  0.7172811 ]
[0.9972433  0.8921925  0.99500906 0.99975234 0.99938667 0.9989998
 0.99877936 0.9366623  0.9620124  0.9692385  0.6195547  0.9084249
 0.92461485 0.9978521  0.9983146  0.84328645 0.98281014 0.98670316
 0.7242291  0.9933681  0.9921267  0.9679443  0.9843143  0.7948681
 0.6741073  0.6956959  0.9696425  0.9499282  0.9743188  0.9492333
 0.84909487 0.96946466 0.7336475  0.9857815  0.99606174 0.52736217
 0.9977315  0.6848677  0.98381823 0.844985  ]
[0.9909781  0.92889166 0.98914796 0.9996669  0.999585   0.99632674
 0.99894816 0.95977104 0.9858789  0.9622689  0.62494594 0.8568302
 0.960435   0.98153573 0.9901197  0.9991855  0.7358631  0.9598773
 0.9845659  0.9499861  0.98518777 0.983273   0.9193758  0.9737318
 0.84881526 0.86627245 0.962498   0.57660055 0.6565548  0.9322368
 0.938872   0.7460984  0.6228683  0.98500407 0.94320947 0.9886541
 0.9974017  0.9628112  0.85152185 0.9978321  0.55869687 0.9843737 ]
[0.8771822  0.89414984 0.98925996 0.9995499  0.9992017  0.9993709
 0.9991641  0.96033096 0.94402754 0.9909276  0.79646707 0.89696026
 0.90822554 0.95353425 0.9953818  0.99849796 0.9898419  0.97688067
 0.9355315  0.99176085 0.9942601  0.9534497  0.97076875 0.6258474
 0.89838684 0.8307538  0.6838789  0.86942554 0.52805275 0.6652018
 0.61186475 0.90406716 0.9743533  0.9126717  0.9789403  0.97695595
 0.99602294 0.7887508  0.99718165 0.98753756 0.9289428 ]
[0.99325883 0.9198016  0.9789659  0.99966717 0.9994771  0.99751174
 0.99930584 0.96650755 0.98897225 0.9821124  0.68551654 0.9054395
 0.6243441  0.96689266 0.99836427 0.7783347  0.66106343 0.9445064
 0.9831544  0.9913721  0.5946123  0.9835524  0.98660976 0.9749444
 0.9079995  0.87684804 0.8595729  0.7953958  0.58344984 0.52349555
 0.9628923  0.8822785  0.94084525 0.9869314  0.86348134 0.9978947
 0.7283452  0.9927267  0.98479617 0.99142414 0.83108485]
[0.99943024 0.93323284 0.99506134 0.99958163 0.99921703 0.94121987
 0.99922466 0.9404304  0.97750175 0.9726553  0.8762141  0.8256668
 0.9196459  0.5377185  0.99105436 0.9982388  0.90466    0.98446804
 0.957501   0.9944661  0.9898286  0.98437333 0.96901244 0.8959938
 0.7793013  0.69635403 0.64725804 0.9594066  0.94745666 0.9333183
 0.96917075 0.94935477 0.70794946 0.9976133  0.9097551  0.99526274
 0.98914087]
[0.9967719  0.9141675  0.9956542  0.9996637  0.9988661  0.97319657
 0.9991991  0.9237944  0.9663553  0.9983462  0.92464614 0.7115937
 0.9924556  0.9194085  0.9987903  0.9849295  0.701684   0.98916686
 0.6345068  0.99041593 0.9244389  0.99827194 0.96175975 0.87452334
 0.97568434 0.9756183  0.7575639  0.9829054  0.51631975 0.9958145
 0.8838925  0.969667   0.8355206  0.9601342  0.99402857 0.9738351
 0.7002164  0.9947423  0.9935981  0.9708316  0.92319554]
[0.99529785 0.8987647  0.9926082  0.99980444 0.99953663 0.99922323
 0.99943453 0.9560881  0.9836917  0.95492244 0.88679117 0.7633158
 0.99742943 0.99909353 0.6891733  0.7704133  0.80270195 0.9517455
 0.88146204 0.99471277 0.8757549  0.9327711  0.992069   0.8121519
 0.8399619  0.93500125 0.98951644 0.8287168  0.93259925 0.98669785
 0.9443434  0.8687041  0.99867094 0.78441685 0.98633647 0.7341838
 0.9826972  0.8601802 ]
[0.91722023 0.9852483  0.98825836 0.9998647  0.99972266 0.998706
 0.9989373  0.97522336 0.9666731  0.98201996 0.8143805  0.70926726
 0.82133573 0.98224163 0.9940064  0.99814963 0.88415724 0.9894517
 0.96729606 0.9300334  0.99553984 0.9861298  0.9691619  0.9613836
 0.9334286  0.92937976 0.93670905 0.95584285 0.9151355  0.9766605
 0.9682311  0.92298347 0.98129106 0.96475875 0.59840304 0.99412715
 0.91249067 0.9972235  0.9807633 ]
[0.926522   0.9109356  0.99010944 0.99987614 0.9996755  0.9997172
 0.99905735 0.97056323 0.9700825  0.9746098  0.9655173  0.83394337
 0.9725556  0.9992767  0.98601377 0.9637223  0.95236003 0.8354021
 0.9828541  0.60937554 0.951741   0.8994904  0.78504735 0.9263624
 0.88778335 0.96906585 0.5288646  0.89651024 0.9570127  0.80761606
 0.9758775  0.9865545  0.9802824  0.9959974  0.9235339  0.9792261
 0.9956874  0.8023149  0.986736  ]
[0.99739134 0.9524643  0.9886606  0.999729   0.9995753  0.9994343
 0.9988205  0.9858079  0.955263   0.9925016  0.8590209  0.90584135
 0.9978126  0.9989986  0.97822565 0.94413006 0.9558406  0.9363611
 0.96585256 0.9898353  0.99494165 0.9317727  0.95171845 0.8831618
 0.9187736  0.8667278  0.96942097 0.7454275  0.96119803 0.9757651
 0.9863418  0.6978098  0.96111786 0.99745494 0.75724703 0.9892931
 0.943008   0.97043186 0.74426824 0.8558405 ]
[0.9941895  0.89909726 0.9942046  0.9996909  0.9996013  0.89263225
 0.99879813 0.9585631  0.9381047  0.96155614 0.9376037  0.8786839
 0.8732742  0.99467033 0.9983695  0.9823554  0.9928762  0.9451909
 0.9948901  0.9877208  0.80083853 0.9523373  0.90107626 0.8137542
 0.9614901  0.8865161  0.8329788  0.9490561  0.91023815 0.9890337
 0.8782528  0.9678279  0.885505   0.96464837 0.9931358  0.95742244
 0.9984971  0.9864959 ]
[0.9867778  0.9502505  0.9920299  0.9991934  0.9988807  0.99183965
 0.99937624 0.9244497  0.9859321  0.98497725 0.90282923 0.79293287
 0.9873841  0.994474   0.99943    0.8150409  0.94713134 0.9476732
 0.9866283  0.8931547  0.94674057 0.99479115 0.7617882  0.9234728
 0.90092355 0.9741166  0.8858638  0.71598417 0.97257316 0.9711339
 0.93666583 0.98090196 0.9295689  0.88632154 0.99414426 0.8798491
 0.99593925 0.78452015 0.9572734  0.7545508 ]
[0.9973652  0.94559705 0.9893895  0.9995703  0.99960667 0.8619657
 0.99931145 0.9425972  0.985238   0.96610504 0.8794906  0.9014411
 0.9511695  0.95276046 0.9967223  0.9983419  0.9084851  0.9836848
 0.97800946 0.8706741  0.9965879  0.9932493  0.95769066 0.9747542
 0.99046284 0.9155535  0.90328497 0.8822917  0.5541835  0.9156442
 0.9753107  0.94092196 0.9752662  0.967133   0.9575487  0.9949426
 0.99761343 0.98023236 0.8210211 ]
[0.99718446 0.9039936  0.9923131  0.9998134  0.9997155  0.999468
 0.9988927  0.9567351  0.99079096 0.97779673 0.78438085 0.92689997
 0.91924906 0.78131807 0.99730647 0.997531   0.86134464 0.9934428
 0.8778825  0.8342177  0.9962399  0.9127354  0.99257267 0.79917246
 0.9724243  0.9859098  0.56791776 0.9172645  0.9175582  0.75270075
 0.98402506 0.95413357 0.7504928  0.8637241  0.87680525 0.8620774
 0.99513394 0.96409047 0.7307015  0.99532074 0.8074133  0.50644886
 0.96415895]
[0.9966798  0.91744107 0.9954775  0.99978334 0.9995994  0.9988906
 0.9990729  0.9737316  0.9830723  0.97803944 0.8941573  0.920585
 0.66085887 0.99400795 0.9982481  0.9806522  0.91808665 0.9846713
 0.9517262  0.9925897  0.54698366 0.99265224 0.97513765 0.858032
 0.97872525 0.9608827  0.91549087 0.7872145  0.96613955 0.83459634
 0.942566   0.9864964  0.98481226 0.9960653  0.9654199  0.78505707
 0.9966936  0.9525432  0.97123915]
[0.99218714 0.8840645  0.9960337  0.9997212  0.9996835  0.99358517
 0.99918336 0.97135127 0.97945696 0.97669744 0.878329   0.91057
 0.89331067 0.9008818  0.99355716 0.99734724 0.81936306 0.9922809
 0.98534334 0.9391366  0.99680483 0.9907204  0.99293655 0.94796747
 0.96980125 0.70969    0.7250949  0.9505202  0.68611264 0.8678553
 0.95323986 0.9678591  0.84175676 0.9965044  0.9950836  0.57208157
 0.9646125  0.5410797 ]
[0.98101854 0.9319783  0.9934429  0.9990528  0.9994362  0.9249516
 0.99906546 0.9758952  0.9745532  0.97856516 0.69957685 0.9123072
 0.89724386 0.98268974 0.9966588  0.9964367  0.8618896  0.9702994
 0.9805817  0.9278411  0.9944528  0.650051   0.9929924  0.9909731
 0.96960807 0.7275155  0.82751733 0.9682442  0.9004983  0.80652094
 0.7414813  0.95627624 0.96657884 0.9263908  0.95002264 0.8949292
 0.94640195 0.9945756  0.9985746  0.98015565 0.5226139 ]
[0.9991418  0.9762649  0.9954131  0.99982005 0.9996586  0.99985194
 0.99840814 0.92651033 0.95456886 0.98724824 0.84175026 0.85100186
 0.8346554  0.9946455  0.9989561  0.57038575 0.92603445 0.9331858
 0.9930655  0.93167907 0.96657515 0.994056   0.84775937 0.9682882
 0.72011447 0.95760477 0.5152423  0.8851694  0.83568394 0.9473677
 0.94424707 0.871712   0.9748253  0.95452356 0.98337907 0.9939194
 0.9015752  0.99848795 0.523608  ]
[0.99178207 0.91008586 0.9852114  0.9994184  0.9995524  0.99903166
 0.9993358  0.9837     0.9731953  0.99058867 0.8305159  0.7302058
 0.9934831  0.9969807  0.773759   0.9769106  0.9850455  0.94938165
 0.9921773  0.8216378  0.985336   0.94607323 0.93576026 0.7899548
 0.90473443 0.59988385 0.98359436 0.9898372  0.92775226 0.97930074
 0.89174116 0.9762157  0.9495354  0.93332964 0.9905252  0.97625357
 0.9967085  0.51052403 0.98844993]
[0.93307203 0.91792375 0.99133307 0.99985015 0.999624   0.9996494
 0.99875057 0.94814247 0.99772567 0.99252313 0.86201036 0.8022414
 0.95436555 0.8261999  0.99620515 0.9955323  0.57575274 0.9412683
 0.98067987 0.84292734 0.9953898  0.99112916 0.97430134 0.9262754
 0.87122065 0.962541   0.80289406 0.99790144 0.65376425 0.7817013
 0.9526296  0.90683615 0.9668648  0.94344646 0.99469334 0.96265143
 0.9977344  0.98871744]
[0.9964496  0.90973806 0.9914954  0.99973637 0.9997179  0.9125846
 0.9994117  0.97154105 0.9629924  0.97986597 0.90906566 0.99578345
 0.99871135 0.8037173  0.9662221  0.5932719  0.98089164 0.8443956
 0.9961093  0.9882677  0.99674076 0.95472616 0.9193031  0.58018744
 0.9343293  0.7341521  0.9126672  0.9096964  0.9821915  0.8066851
 0.989002   0.9433408  0.5618711  0.9932736  0.94954777 0.9919344
 0.9893253 ]
[0.98939437 0.90960425 0.9890161  0.99986553 0.99966276 0.99861395
 0.9993943  0.9603716  0.9748259  0.9697731  0.9488927  0.8918382
 0.7055634  0.96315444 0.9959961  0.90181226 0.9586871  0.77270967
 0.9746772  0.98138535 0.9859648  0.54920083 0.87346065 0.9050298
 0.8119254  0.90194935 0.9677261  0.93658984 0.94028395 0.9574906
 0.76525074 0.82148916 0.93340355 0.9955823  0.97765213 0.99625885
 0.9962037  0.9873913  0.8554523 ]
[0.996482   0.8726598  0.9394273  0.99968946 0.99969363 0.9448625
 0.9981717  0.95537424 0.90508986 0.9934881  0.9565401  0.8665903
 0.90827304 0.99057215 0.99927086 0.5792665  0.9586264  0.98351467
 0.95590377 0.992092   0.9855106  0.9900595  0.97980005 0.9870896
 0.92838186 0.6101963  0.79654163 0.6261869  0.9199318  0.9725558
 0.95250255 0.96454144 0.9682201  0.91775054 0.99361813 0.99728763
 0.99820733 0.98339486 0.9982362 ]
