Mprobs for dataset 2 (BIC)

[0.9952749  0.9365112  0.9852631  0.99991167 0.9994462  0.99969625
 0.99895346 0.97999454 0.9872612  0.98730147 0.53828317 0.7756062
 0.9737683  0.9991887  0.67570615 0.9080634  0.91693765 0.98846346
 0.97202533 0.5398057  0.98025525 0.9183206  0.93479997 0.85728884
 0.7708241  0.97406435 0.79928493 0.9877735  0.85369563 0.64948195
 0.9856538  0.94246167 0.99866974 0.6595839  0.9983261  0.9742857
 0.69520295]
[0.91870147 0.90567684 0.9897859  0.9992716  0.9994438  0.94406104
 0.99859816 0.950487   0.97471386 0.98347753 0.838374   0.75666237
 0.82551455 0.9978282  0.9954277  0.94714195 0.98754543 0.945181
 0.9932922  0.9943522  0.9056576  0.97602385 0.9632868  0.85372764
 0.97191703 0.9659959  0.937626   0.8475239  0.9609764  0.9421242
 0.89935714 0.99471396 0.9975666  0.96169615 0.7466636 ]
[0.9448995  0.95424724 0.9908642  0.9996668  0.99946874 0.99818784
 0.9989029  0.953223   0.9721552  0.9573064  0.7925108  0.64390594
 0.9951466  0.9980775  0.98147213 0.9420343  0.81950414 0.98429686
 0.99034226 0.9907555  0.9851972  0.9608002  0.98222566 0.94819474
 0.93543607 0.97835153 0.96016884 0.88889945 0.8175882  0.99519867
 0.8465131  0.99546343 0.9619896  0.65419686]
[0.9765539  0.9889921  0.99466044 0.9998061  0.99973625 0.98828584
 0.9990651  0.9684171  0.94924325 0.99239963 0.9825943  0.6794181
 0.6494458  0.99707735 0.99027914 0.94810796 0.91248363 0.6322619
 0.95477647 0.8705763  0.99302435 0.8364403  0.9055275  0.68768746
 0.5386759  0.98887616 0.88977355 0.9251567  0.86590135 0.9702206
 0.60992706 0.99392223 0.8047425  0.9959233  0.8952019 ]
[0.99196285 0.9242267  0.9866679  0.999676   0.99947816 0.9986085
 0.9988668  0.9742468  0.9805587  0.9871796  0.89246804 0.83515954
 0.9924785  0.99721473 0.9403513  0.9582461  0.981121   0.97813064
 0.989961   0.92274153 0.98152953 0.8647795  0.8456831  0.74323624
 0.94768864 0.974901   0.75416154 0.9035767  0.95875746 0.9945427
 0.7542238  0.9964886  0.95555913]
[0.999521   0.9118296  0.9501194  0.99953103 0.9992455  0.9983559
 0.99926716 0.9828355  0.9222751  0.9995548  0.59633005 0.98696786
 0.9979456  0.9855317  0.9912048  0.97524107 0.9880827  0.94673926
 0.9459151  0.87363076 0.7186456  0.6790486  0.62869227 0.9712218
 0.9367829  0.8240354  0.9210203  0.8497792  0.9722568  0.86514395
 0.9953738  0.5960664  0.991905   0.99791604]
[0.99810314 0.9211518  0.9944035  0.9997335  0.9995159  0.9976198
 0.99930334 0.9617701  0.9789848  0.98809904 0.9424261  0.5289362
 0.803094   0.99669904 0.99824715 0.9339016  0.9879782  0.94522095
 0.9876512  0.9899221  0.9670543  0.71851707 0.93326163 0.9329603
 0.6009521  0.98904794 0.82734776 0.99367875 0.85122854 0.9952924
 0.9487738 ]
[0.9993735  0.9076321  0.9923369  0.99953663 0.9997186  0.9844535
 0.9994573  0.933824   0.9722139  0.97102934 0.8184367  0.9444375
 0.9925248  0.9980268  0.98101634 0.98117733 0.92951304 0.99102086
 0.9834306  0.8563392  0.8472448  0.7988995  0.5389047  0.96715254
 0.93199193 0.9137352  0.97686356 0.95645154 0.94231206 0.9909293
 0.98406374 0.9929986  0.94874525]
[0.9808292  0.9421265  0.9903362  0.99963915 0.9994671  0.9979602
 0.99900097 0.95006967 0.95269454 0.9936173  0.99609417 0.924654
 0.88456774 0.9895097  0.95460135 0.9961416  0.9882284  0.97929746
 0.937553   0.8173334  0.963347   0.97073853 0.60121626 0.894598
 0.6385174  0.9030002  0.8854288  0.9583397  0.99382716 0.504657
 0.9880514  0.96955764 0.9701114  0.9816938 ]
[0.99711645 0.91204005 0.9701325  0.99941874 0.9993868  0.99246997
 0.9993838  0.9781844  0.951891   0.98911065 0.6803903  0.94784355
 0.996709   0.72574294 0.82204336 0.65306354 0.9725969  0.97972804
 0.98257035 0.99295104 0.8985779  0.84181994 0.64470464 0.8015569
 0.70982015 0.9919918  0.9500076  0.96277374 0.8520228  0.99781007
 0.9964049  0.98830867]
[0.98418695 0.94071376 0.9896102  0.99962187 0.99955636 0.99896204
 0.99940073 0.93198794 0.9616444  0.9693961  0.9290308  0.60849476
 0.9872251  0.9050382  0.6843627  0.9630924  0.7278587  0.64379245
 0.9798242  0.948062   0.9109869  0.82646793 0.9778715  0.6178285
 0.84459877 0.9342905  0.8255499  0.8715398  0.9800091  0.75183016
 0.992029   0.8491012  0.99336207 0.98727477 0.87811005]
[0.9995503  0.91286296 0.994548   0.9994886  0.9990558  0.90963644
 0.99953604 0.94451785 0.9782431  0.9800162  0.8293859  0.8429133
 0.99543226 0.9981858  0.94797    0.9854988  0.9924821  0.92892593
 0.9945846  0.9923543  0.97645104 0.91180474 0.8817476  0.60887355
 0.5330021  0.8559472  0.9079053  0.78719205 0.6204862  0.7541218
 0.9972518  0.95649517 0.9932422  0.97143954]
[0.98921293 0.9765578  0.9880002  0.9998989  0.9989791  0.99519956
 0.9992932  0.9201925  0.96132517 0.96495795 0.9162115  0.7301877
 0.9877914  0.99915576 0.75760984 0.93959063 0.84259814 0.9695794
 0.9879929  0.99079204 0.9766585  0.88778335 0.72765297 0.67612624
 0.5626792  0.9432496  0.9764009  0.9192581  0.9710721  0.957835
 0.96729696 0.99658304 0.66848326 0.9931706  0.9660136  0.97465974]
[0.96911544 0.9034959  0.9662337  0.9997751  0.99957234 0.99932957
 0.9961629  0.9562309  0.8981135  0.9752328  0.8104147  0.5164446
 0.78569293 0.99173963 0.99935263 0.94616425 0.98257357 0.9628524
 0.99196553 0.9820758  0.9728055  0.9796229  0.6373529  0.8311928
 0.9603186  0.83279884 0.9680715  0.7981149  0.96993536 0.7491263
 0.99569416 0.99816763 0.79564005 0.99803823 0.8841498  0.96993744
 0.99667454]
[0.9284007  0.922796   0.9953818  0.99987996 0.99962366 0.99971086
 0.9971616  0.959644   0.9610491  0.975636   0.98383373 0.8807284
 0.9944354  0.9975884  0.9523597  0.88541514 0.90815306 0.9898643
 0.88969105 0.9089125  0.752031   0.99453956 0.9842737  0.9572665
 0.89017916 0.7559774  0.98051137 0.91705406 0.98521996 0.99478203
 0.85072863 0.99741554 0.9201407  0.89035255]
[0.99937254 0.8927037  0.9866066  0.9998567  0.9996598  0.99857163
 0.9989919  0.99034405 0.96149033 0.95997465 0.7215919  0.7950887
 0.9982369  0.94277275 0.96809244 0.5557597  0.99010766 0.911559
 0.9132407  0.9658594  0.6254854  0.93766    0.9784451  0.9191558
 0.97036314 0.98736805 0.86805224 0.6490547  0.96277165 0.9301511
 0.9940737  0.9887735  0.9767055  0.969071  ]
[0.99870515 0.9480351  0.99028194 0.99981016 0.9996259  0.99793434
 0.9993131  0.97709525 0.9146011  0.98266196 0.98513097 0.99318427
 0.9986712  0.60843176 0.9795989  0.96779287 0.70245564 0.9924573
 0.6480668  0.94548005 0.9107515  0.9540603  0.5987928  0.50348574
 0.88627774 0.9519447  0.89279556 0.650239   0.97807544 0.8905066
 0.5412574  0.99455863 0.89341146 0.99192107 0.9795109 ]
[0.9971136  0.9232927  0.9939313  0.9997451  0.99973696 0.9995091
 0.99902284 0.9604134  0.975298   0.9768033  0.7526769  0.9225635
 0.99254274 0.9984322  0.93081063 0.98915416 0.94026047 0.9946413
 0.9636351  0.95421034 0.84715074 0.8690678  0.8759995  0.90765023
 0.9477533  0.9580664  0.78872234 0.9573184  0.9963014  0.9216002
 0.9983342  0.83328074 0.639019  ]
[0.9986469  0.96015143 0.9950375  0.9998754  0.99945146 0.9994462
 0.99931073 0.9422662  0.90138143 0.9696923  0.9098718  0.6157452
 0.8455496  0.9953673  0.9982021  0.9710306  0.9705686  0.9113784
 0.9850487  0.9153808  0.9891276  0.8187281  0.9000961  0.8883151
 0.92476827 0.86409897 0.9465186  0.6404054  0.9131215  0.99632436
 0.9937457  0.99386024 0.98904127 0.97660965]
[0.9980552  0.91403913 0.9949126  0.9996451  0.9993561  0.99928755
 0.9971456  0.96333736 0.9844431  0.9777809  0.9955367  0.9005668
 0.99729735 0.9990434  0.8246974  0.53635585 0.9192754  0.96883285
 0.9138486  0.9977176  0.9897411  0.9746232  0.9781025  0.9597551
 0.8281827  0.75760293 0.9724926  0.79082936 0.9783965  0.85985875
 0.97859555 0.9968156  0.9671611  0.9986866  0.92285985 0.6383246 ]
[0.99861944 0.9335806  0.9882394  0.99976796 0.99928087 0.9840475
 0.9992237  0.93994343 0.98950255 0.9832712  0.8653555  0.8027192
 0.9954709  0.9950777  0.9848599  0.9893764  0.96387887 0.99576133
 0.9827793  0.9195853  0.9730803  0.76754344 0.5987226  0.8777991
 0.62689966 0.98432964 0.8668     0.9333621  0.94759077 0.81899583
 0.993587   0.7412643  0.99591357 0.9606321 ]
[0.97593963 0.8817962  0.98498327 0.9996501  0.99924016 0.99888843
 0.99917823 0.9764256  0.95804155 0.96711886 0.9107278  0.82811093
 0.99926    0.7199761  0.68635124 0.9691599  0.89381933 0.8204647
 0.96936554 0.95219594 0.7926324  0.59530467 0.81532615 0.9391834
 0.98311204 0.7411481  0.9588018  0.99321306 0.99089056 0.9980952
 0.83168435 0.9967024  0.97797215 0.9366492 ]
[0.9984168  0.9158202  0.9950765  0.9997439  0.99964464 0.9984194
 0.9993561  0.9248287  0.98037237 0.9668804  0.63770056 0.7932931
 0.9965076  0.9983133  0.8931436  0.94917923 0.956475   0.99020165
 0.7914235  0.95128065 0.67156637 0.7751203  0.92111486 0.98070955
 0.9849126  0.9498186  0.9960747  0.92201686 0.9944834  0.79614323]
[0.9816062  0.9123034  0.9902416  0.9997104  0.999173   0.997491
 0.9987373  0.9244636  0.96429217 0.9684995  0.8075582  0.9206924
 0.9950529  0.99758935 0.9655075  0.96184623 0.88875693 0.9910033
 0.99466527 0.96277994 0.9839877  0.6835294  0.87336737 0.6903487
 0.8540946  0.9758497  0.848978   0.93686986 0.9251534  0.95894665
 0.9954222  0.9973678  0.9760753 ]
[0.9337509  0.9875794  0.9921605  0.9996482  0.99959177 0.999587
 0.9990858  0.94602746 0.98058105 0.9478986  0.5137941  0.83574265
 0.6569122  0.996863   0.9924804  0.64568716 0.9073629  0.97543484
 0.956444   0.9899232  0.8922555  0.99137574 0.9459175  0.9556395
 0.6876679  0.9176073  0.94623107 0.88816744 0.8454411  0.7875251
 0.5591513  0.9914692  0.75384027 0.9957653  0.97865754]
[0.90970224 0.9065935  0.98957527 0.9991898  0.9993587  0.99899703
 0.99868923 0.9701016  0.9566526  0.98281467 0.5245207  0.91916794
 0.9895354  0.99699545 0.97996026 0.966137   0.9594369  0.5178414
 0.86068404 0.9776853  0.98816586 0.96885455 0.86689174 0.9331913
 0.9635494  0.5473234  0.95550305 0.9328563  0.8888093  0.85941386
 0.73591626 0.9580499  0.99672556 0.8271192  0.9978271  0.938636  ]
[0.99422294 0.9434267  0.99261004 0.9994531  0.99977475 0.99942434
 0.9977906  0.9457386  0.9720081  0.9595924  0.9665816  0.9083577
 0.5107774  0.5376291  0.99497104 0.96583265 0.99184227 0.95764047
 0.9929807  0.93095183 0.97376925 0.9492368  0.9379476  0.9567439
 0.92494863 0.9602587  0.9780016  0.9524837  0.9321423  0.99283534
 0.95442736 0.9988261  0.8850989 ]
[0.9950576  0.92507887 0.97095484 0.9992812  0.9990067  0.99478865
 0.9995449  0.9250646  0.95823354 0.987433   0.9262993  0.9273857
 0.6411486  0.99500966 0.9989254  0.9354749  0.6780814  0.9655876
 0.87853354 0.98723376 0.82810616 0.9474679  0.7854284  0.80296016
 0.9405899  0.9889803  0.9047361  0.6612405  0.9513183  0.9843258
 0.7348289  0.9977265  0.5479008  0.97912496 0.9832771  0.6719016 ]
[0.9989208  0.94160515 0.9817625  0.99986315 0.9995689  0.986445
 0.9991708  0.9890999  0.98395824 0.9981483  0.96118087 0.9716475
 0.77749646 0.9949805  0.9261008  0.9634488  0.96991223 0.9628174
 0.98941934 0.8804038  0.7682725  0.8907904  0.9947866  0.81340104
 0.9948047  0.95751804 0.8970621  0.80353177 0.97186553 0.9716349
 0.99412256 0.9884398  0.99577636 0.96989787]
[0.9973815  0.9405256  0.9947583  0.9994474  0.99946374 0.9964449
 0.99898595 0.9698036  0.9960536  0.9805267  0.90354943 0.6859231
 0.9950818  0.99361837 0.943497   0.9910222  0.8810149  0.9778902
 0.9887     0.9634642  0.88305485 0.6478138  0.9342305  0.79020935
 0.88888246 0.80470365 0.5805114  0.674929   0.9781044  0.9940684
 0.86103934 0.9961953  0.9231309 ]
[0.998898   0.9409193  0.99456894 0.999438   0.9992747  0.9009079
 0.9994603  0.94665927 0.9754469  0.9761111  0.9512075  0.7955177
 0.9930506  0.9987993  0.9810064  0.89810634 0.96863705 0.98749137
 0.97050685 0.9720206  0.936744   0.6948262  0.7305097  0.5616176
 0.9512015  0.90168333 0.98774207 0.9775239  0.9787314  0.9964457
 0.95476454 0.9945009  0.9489366 ]
[0.99937445 0.98255205 0.9568268  0.999723   0.9989749  0.9986125
 0.9992766  0.91777074 0.91429955 0.9871898  0.58138126 0.831086
 0.992126   0.9985663  0.631271   0.959965   0.9774594  0.93699366
 0.9958139  0.99321014 0.98653734 0.98022115 0.9904641  0.9547536
 0.8812352  0.98579025 0.84518087 0.96891576 0.9977295  0.9956756
 0.97143483 0.9985165 ]
[0.9965264  0.8989913  0.9773187  0.9996586  0.99954563 0.9128433
 0.9994469  0.9733869  0.97653383 0.97697634 0.8891201  0.9936884
 0.99841285 0.91611326 0.96814865 0.93105197 0.9946879  0.98506004
 0.9603987  0.9301602  0.98111767 0.83081716 0.9548318  0.9825829
 0.92037886 0.85078216 0.94875276 0.94766825 0.9973857  0.96813923
 0.9944883  0.99144965]
[0.99776566 0.9318257  0.99304646 0.99982554 0.9991242  0.9977203
 0.9994061  0.9274943  0.9860101  0.97199416 0.8379294  0.5959194
 0.9930549  0.99918765 0.9646073  0.7227532  0.94054055 0.9940826
 0.98861444 0.9775449  0.9693532  0.9281066  0.9413271  0.87773913
 0.92674065 0.92887366 0.87902284 0.9975146  0.9312886  0.9842316
 0.96372473 0.9871071 ]
[0.9985116  0.99294466 0.9804205  0.9998876  0.99977154 0.9963229
 0.99712926 0.96355116 0.962869   0.96846884 0.99140453 0.8829189
 0.9961516  0.6590728  0.9947103  0.89358246 0.99417865 0.9942889
 0.9644962  0.9886764  0.9047353  0.9605159  0.93629783 0.97381014
 0.964744   0.90904754 0.9686583  0.93701136 0.8843396  0.9912726
 0.86464655 0.7623122  0.99873084 0.97700477]
[0.95551723 0.91158414 0.9836369  0.99970955 0.9997038  0.9975649
 0.9989518  0.9596661  0.97182083 0.9699524  0.7566053  0.524695
 0.9965576  0.7833001  0.94362986 0.9935893  0.9539818  0.99036294
 0.99707687 0.9724514  0.8844673  0.9618822  0.89199525 0.64811647
 0.93929124 0.92114574 0.92783254 0.993313   0.958068   0.80787075
 0.99900836 0.96308744 0.844173  ]
[0.996378   0.90579194 0.9870948  0.9997222  0.99953544 0.99876934
 0.99914575 0.92132676 0.9825361  0.9743304  0.88937473 0.78573817
 0.6369994  0.99655616 0.998862   0.73285663 0.98614883 0.8763142
 0.9842353  0.99229336 0.881502   0.97472453 0.822975   0.9670852
 0.9580375  0.9801481  0.9813452  0.9233739  0.93388635 0.9974986
 0.99502796 0.95630807]
[0.94839084 0.90306515 0.99405885 0.9997886  0.9995634  0.99842346
 0.99896073 0.9099037  0.97152066 0.97352207 0.88462454 0.50662076
 0.9967049  0.99858594 0.99503595 0.98453265 0.9791986  0.99245024
 0.9897377  0.507013   0.97663224 0.8512002  0.9698704  0.975355
 0.9055085  0.9964135  0.92083156 0.80205727 0.9967719  0.89796054
 0.9616754 ]
[0.9596465  0.9033233  0.9928203  0.9997676  0.9997259  0.9992914
 0.99736565 0.9745814  0.98779106 0.9922429  0.7618954  0.9828467
 0.99879587 0.86635107 0.98937726 0.9892592  0.8096415  0.97796875
 0.9870924  0.9863694  0.92716193 0.877827   0.90635264 0.6169302
 0.95064    0.893504   0.925701   0.96970963 0.9813198  0.8813943
 0.9915298  0.7942977  0.99877435 0.80464804]
[0.99291927 0.9576467  0.9944734  0.99972457 0.9994443  0.9968851
 0.99904436 0.92689735 0.9515118  0.98781186 0.5721655  0.99694604
 0.9975672  0.97146827 0.9329854  0.9737645  0.9769866  0.90161645
 0.98416305 0.98995155 0.8913115  0.8456178  0.9621169  0.95869786
 0.5203205  0.9296867  0.9438508  0.974226   0.97879994 0.96350646
 0.87374246 0.9958983  0.9102382  0.97090685 0.99776316 0.97005874]
[0.99932146 0.91560006 0.99138266 0.99970466 0.99951816 0.9422875
 0.99928695 0.97282517 0.9346921  0.9846905  0.8903984  0.91156036
 0.9459135  0.9957967  0.9992601  0.8987214  0.96928823 0.90842295
 0.996194   0.9929644  0.97052884 0.97936696 0.9237487  0.94995725
 0.9771075  0.9757193  0.97617674 0.7852956  0.96868056 0.99795425
 0.90383476 0.9960706  0.9865411 ]
[0.9972162  0.8776053  0.9831769  0.99981624 0.9996592  0.99930716
 0.9990951  0.95455843 0.9812516  0.9925621  0.7346928  0.9186044
 0.96193975 0.9935597  0.9985933  0.967276   0.98519856 0.8387304
 0.99113536 0.9343052  0.99542856 0.9471566  0.96913433 0.8508923
 0.5359298  0.9621031  0.957886   0.7994247  0.9388207  0.9526997
 0.9776577  0.99744993 0.92865807 0.997757   0.98280245 0.98967654]
[0.9375193  0.88029283 0.964912   0.9996711  0.999398   0.9992995
 0.99850357 0.96165466 0.9304376  0.9875767  0.6445385  0.99256456
 0.9959382  0.9940811  0.97557575 0.8958615  0.9964611  0.9661541
 0.9933587  0.94655204 0.9597853  0.58295095 0.973838   0.6812766
 0.99612    0.5576888  0.92232025 0.9244978  0.8326334  0.95996046
 0.711138   0.97203    0.9949462  0.9980394  0.9378758  0.99915695]
[0.99980646 0.9947924  0.99504447 0.999311   0.99900514 0.9987639
 0.99788994 0.90518546 0.9779886  0.9515464  0.8979405  0.7105162
 0.9971782  0.99829906 0.91971374 0.9655948  0.87994415 0.89277655
 0.98919094 0.9951639  0.9885621  0.52672005 0.58714825 0.97326976
 0.89104277 0.989273   0.9546509  0.84489846 0.8999327  0.9954032
 0.90635115 0.9980477  0.94891983 0.71699333]
[0.9373651  0.87897587 0.9880364  0.999752   0.9996063  0.99951804
 0.9988004  0.92456216 0.9329363  0.9829441  0.7848648  0.9207966
 0.99438345 0.99876153 0.93002236 0.96074    0.94957936 0.99149245
 0.99390876 0.98582315 0.9646561  0.9521283  0.72934145 0.88168967
 0.8138688  0.9258747  0.97274077 0.7805245  0.969799   0.92973423
 0.9965911  0.9915696  0.99627256 0.6472258  0.98728263]
[0.9954265  0.919428   0.9819764  0.99965787 0.9990752  0.9980692
 0.999015   0.94444394 0.9715999  0.9810847  0.50308424 0.7267859
 0.9703438  0.9973761  0.99846303 0.94448173 0.9789252  0.9520261
 0.6845894  0.99151456 0.9271387  0.6075568  0.96666723 0.91767293
 0.93693125 0.98618954 0.9146037  0.96436524 0.99821556 0.9385185
 0.9973808  0.88063383]
[0.99882406 0.93289346 0.9927806  0.99983716 0.9995697  0.9993476
 0.9989668  0.979254   0.95418787 0.9379969  0.9884278  0.82627153
 0.6971584  0.86767846 0.9972345  0.9442921  0.97493297 0.9834262
 0.8455001  0.9931378  0.9292901  0.88287497 0.92304903 0.97414225
 0.9856397  0.8504936  0.9756791  0.88825524 0.9623633  0.9650169
 0.88346285 0.9929757  0.998374   0.9721628  0.98170394 0.8623341 ]
[0.9102334  0.9065979  0.98866165 0.9998628  0.9997445  0.99979156
 0.99873954 0.96207976 0.95542973 0.99354964 0.8424173  0.776475
 0.9432729  0.9944319  0.9963658  0.99018306 0.99158573 0.81645167
 0.99345595 0.98783714 0.80507517 0.95425415 0.8057896  0.84075546
 0.9727242  0.98342043 0.9653788  0.8785275  0.9755604  0.85615355
 0.9125553  0.9886108  0.99060094 0.5352601  0.99746907 0.72937286
 0.9477957 ]
[0.99841094 0.8863832  0.98720455 0.99973184 0.99973375 0.98756975
 0.99909866 0.96476126 0.963484   0.97033024 0.66851944 0.9945234
 0.99862623 0.98506445 0.8692991  0.90475416 0.9857304  0.9889964
 0.96748704 0.624918   0.6610654  0.87794083 0.93424404 0.9795568
 0.98128945 0.9809038  0.98591936 0.90714514 0.9938305  0.9939301
 0.98168373 0.7093673 ]
[0.999754   0.92583525 0.98617715 0.99958855 0.9996867  0.9946666
 0.99928087 0.970156   0.98170173 0.9830494  0.5227444  0.770189
 0.7873383  0.991488   0.99827695 0.97384936 0.9629088  0.9550139
 0.99240935 0.626067   0.9929323  0.9429596  0.876317   0.88486457
 0.6125137  0.90377295 0.9770478  0.92679    0.9634672  0.90291554
 0.70971775 0.9970968  0.97890955 0.98577523]
[0.99153626 0.9463995  0.9740108  0.9998035  0.99978274 0.99889946
 0.9992643  0.91881716 0.9420851  0.96227705 0.98157966 0.6453513
 0.6800672  0.98866826 0.99777263 0.93890005 0.70336986 0.9761353
 0.8737185  0.9843501  0.7695757  0.8388845  0.8116284  0.98184067
 0.9394028  0.85649    0.7125546  0.9844578  0.98696506 0.9879352
 0.99247205 0.99382    0.975371  ]
[0.99336505 0.93403393 0.9950712  0.9998354  0.9995739  0.99954337
 0.99767524 0.9726288  0.92758363 0.9933416  0.8574945  0.6639234
 0.57145107 0.9985557  0.9855112  0.98770565 0.93915766 0.985255
 0.9129588  0.84268403 0.97771055 0.97006464 0.958703   0.9288722
 0.96715873 0.7690536  0.7948515  0.9965088  0.8393248  0.99850947
 0.64139277 0.97361946]
[0.99417406 0.9122274  0.9914396  0.99971324 0.9996761  0.9982961
 0.9988906  0.9606468  0.97755253 0.98480713 0.7983943  0.8872902
 0.9955297  0.64498436 0.9870668  0.97168136 0.96647716 0.99316883
 0.9858019  0.89422727 0.9385518  0.71032715 0.838444   0.921998
 0.87033844 0.88092023 0.8409724  0.86427355 0.8774366  0.99488837
 0.613181   0.9967894  0.9095491 ]
[0.99437934 0.89325607 0.9902918  0.9997212  0.99891245 0.9971336
 0.99800366 0.9913106  0.97675145 0.9977132  0.8698988  0.758179
 0.65115166 0.9954171  0.9992926  0.9869423  0.970159   0.9036893
 0.99206245 0.9888325  0.96859837 0.94141686 0.6222082  0.67031705
 0.88295144 0.99266934 0.9006203  0.97035015 0.8357016  0.9423272
 0.93250686 0.99489355 0.99830997 0.9589703  0.998662   0.98590785]
[0.94381535 0.9888314  0.9766148  0.9999908  0.99958795 0.99929726
 0.9992304  0.9526592  0.91875875 0.99633235 0.98520666 0.75299495
 0.6916362  0.98478216 0.99931586 0.96120024 0.91669005 0.7819036
 0.95239115 0.98700804 0.96977097 0.93139434 0.979852   0.95380855
 0.9824737  0.7162246  0.9764364  0.5475617  0.9971873  0.661632
 0.9937279  0.963812  ]
[0.99704486 0.9536108  0.9816319  0.9989203  0.99945766 0.9523421
 0.99931955 0.9413805  0.9703696  0.9686526  0.94404316 0.5375574
 0.7914716  0.96270657 0.9916694  0.99917775 0.82437724 0.92612326
 0.9859678  0.7261183  0.9523476  0.9742138  0.93908596 0.9114413
 0.8096272  0.9576381  0.7146347  0.9677558  0.9385166  0.9838501
 0.91764754 0.9978816  0.8013122  0.7788446  0.9967931  0.9838701
 0.9635629 ]
[0.996005   0.9347175  0.9901281  0.999793   0.9996301  0.9990528
 0.99878365 0.9443014  0.97898895 0.97264594 0.787828   0.7190237
 0.9934256  0.99789655 0.9771772  0.9811014  0.90601754 0.9944593
 0.9886402  0.96904236 0.90252644 0.93777215 0.95046335 0.96541214
 0.8914736  0.9353077  0.968362   0.9306053  0.99343127 0.88103074
 0.997661   0.9753787 ]
[0.9983759  0.9878826  0.98837274 0.999845   0.9995314  0.99955755
 0.99906653 0.9352132  0.9778502  0.9569325  0.74998885 0.8773387
 0.9942451  0.99842864 0.9512726  0.9845088  0.8503507  0.9101193
 0.9858731  0.83716655 0.9763387  0.8449178  0.92600274 0.94454795
 0.96494275 0.8484629  0.9067438  0.9264376  0.993612   0.82528573
 0.99787307 0.9790084  0.9610661 ]
[0.9982893  0.94577485 0.9810879  0.99967635 0.999574   0.99846435
 0.99919325 0.97430396 0.96570534 0.965939   0.9198762  0.81408596
 0.9946926  0.99664426 0.6719921  0.9733698  0.86503273 0.9924219
 0.99134    0.9871668  0.976757   0.7108812  0.945517   0.5503063
 0.9148494  0.9700301  0.88908803 0.95626426 0.8357049  0.75753
 0.99573106 0.99741554 0.98719484]
[0.9977089  0.9242455  0.98244745 0.99975914 0.9996141  0.99981946
 0.99892956 0.9229919  0.9533857  0.9716896  0.6759732  0.72275084
 0.9940274  0.9989912  0.9323228  0.98005396 0.92501    0.9933478
 0.99240124 0.9071532  0.9652389  0.809754   0.93906915 0.971301
 0.8865579  0.9770483  0.948168   0.9978131  0.9729822  0.99554515
 0.9850075 ]
[0.99396706 0.9369436  0.9944243  0.99954873 0.99931765 0.9981012
 0.9993629  0.97254395 0.9630466  0.9769108  0.6432934  0.65502554
 0.9970336  0.9927771  0.7607096  0.95811445 0.9871387  0.9038372
 0.99529666 0.9875901  0.75883114 0.8839711  0.6816856  0.95993227
 0.9593456  0.87550515 0.8528927  0.93377334 0.7561534  0.9828707
 0.86140054 0.9948302  0.9662261 ]
[0.9184498  0.9032101  0.9939262  0.9991716  0.99935955 0.9952461
 0.9994698  0.97075146 0.9655808  0.9970433  0.9950051  0.9886917
 0.911364   0.967099   0.83366036 0.92957354 0.978872   0.9935335
 0.9347331  0.58657295 0.9941034  0.9906346  0.9047095  0.984991
 0.96085644 0.8696156  0.9950885  0.5603614  0.98911244 0.9648529
 0.80533725]
[0.9961068  0.9462821  0.9939569  0.9996364  0.9995845  0.9981781
 0.9992581  0.9625298  0.96706724 0.98230237 0.9236603  0.80503887
 0.9857518  0.99709034 0.89293754 0.9695933  0.99036765 0.9206743
 0.9913503  0.93262297 0.9873018  0.9470809  0.9715936  0.9632479
 0.96499634 0.97440886 0.5464241  0.9077629  0.9739125  0.9063784
 0.9749358  0.957683   0.84476054 0.99602973 0.99684477 0.9747317
 0.5598096 ]
[0.99665546 0.9199076  0.99499714 0.999744   0.9989844  0.95544994
 0.99863774 0.932936   0.9722734  0.96736497 0.6406116  0.98929286
 0.99913293 0.95867145 0.79009724 0.9847008  0.9252246  0.9961696
 0.9805479  0.9888919  0.96611404 0.5400039  0.85080683 0.6817021
 0.9467288  0.9428982  0.95605236 0.9860676  0.9051315  0.9754709
 0.9976761  0.6215504  0.9964226  0.97719395]
[0.9295564  0.9467136  0.9942865  0.99829763 0.9997396  0.9580448
 0.99678314 0.93827266 0.987117   0.9452908  0.70934033 0.82289916
 0.6497757  0.9933036  0.9964508  0.744271   0.98894715 0.90114504
 0.75675786 0.98623234 0.974477   0.9585622  0.9118525  0.97446525
 0.874009   0.934064   0.9553654  0.84188247 0.96330804 0.90812886
 0.99488574 0.99237037 0.8801543  0.9992273  0.79925156]
[0.99949884 0.9413202  0.9939121  0.9998258  0.9995407  0.986047
 0.9993057  0.95713544 0.9792818  0.9654245  0.8042902  0.597852
 0.9913668  0.99904317 0.9881131  0.9828828  0.94310397 0.9929478
 0.9840529  0.95892197 0.52961147 0.93223494 0.89932597 0.6959085
 0.9820165  0.96500236 0.9429162  0.994949   0.8112465  0.9939336
 0.9551322 ]
[0.99930847 0.9048366  0.9919744  0.9996147  0.9991823  0.9988393
 0.99858415 0.9450761  0.89445436 0.99795485 0.97207415 0.8829312
 0.9086822  0.7578136  0.96713    0.97977805 0.9396512  0.99565
 0.8750878  0.9920278  0.9546046  0.9350659  0.9916037  0.99683845
 0.97463566 0.9461212  0.9698813  0.8975321  0.9493147  0.5750658
 0.93143386 0.9974585  0.8497538  0.9946843  0.9960134  0.9709942 ]
[0.99745613 0.9059384  0.98280656 0.99983406 0.9991272  0.998487
 0.9992729  0.931749   0.9560589  0.970359   0.6727523  0.59103525
 0.993804   0.9983296  0.9870566  0.97295547 0.90175325 0.9927585
 0.98914623 0.734885   0.9209716  0.8083617  0.9096827  0.9640653
 0.5189898  0.9320624  0.96699476 0.9976782  0.6171304  0.9765204
 0.9819962  0.96369195]
[0.99694484 0.93711907 0.990717   0.9996791  0.9990669  0.99773335
 0.9988907  0.9343942  0.97511286 0.96259654 0.687859   0.603785
 0.98483825 0.9992749  0.9787748  0.95086867 0.9909479  0.98265713
 0.92778426 0.9144113  0.8985917  0.97565633 0.9751092  0.92637694
 0.9192793  0.90982795 0.9643345  0.90991604 0.99842155 0.81052375
 0.99575114 0.9733521  0.94423294]
[0.9899732  0.93936086 0.9943744  0.9997992  0.9992459  0.9996061
 0.9991667  0.9488532  0.9805058  0.95771974 0.75441235 0.9141812
 0.9919109  0.9982383  0.9513969  0.97341365 0.92268044 0.99212474
 0.9810752  0.9442746  0.9547519  0.97221035 0.9037178  0.8480799
 0.9691721  0.9018378  0.9952732  0.99734265 0.59390575]
[0.89242893 0.9114241  0.991271   0.9998448  0.999741   0.99948835
 0.9975116  0.96683073 0.9327868  0.9912505  0.91406155 0.9945468
 0.99757916 0.8342845  0.9877089  0.96630627 0.95077115 0.9618836
 0.98713624 0.9447552  0.5445906  0.958492   0.9035339  0.96052086
 0.9360509  0.82133585 0.98166347 0.99156463 0.9964439  0.99691236
 0.96634734 0.5877791 ]
[0.9810682  0.93485    0.99318814 0.9998293  0.99954826 0.99682355
 0.9993462  0.9592292  0.979705   0.96353245 0.814414   0.5745746
 0.90856785 0.97306406 0.99883395 0.6561271  0.7661101  0.7368577
 0.9678427  0.94357973 0.89053434 0.9768167  0.9742907  0.9593785
 0.9503112  0.9955172  0.8655108  0.929646   0.8982187  0.773362
 0.997171   0.8568453  0.9892579  0.9570198 ]
[0.92924243 0.93297637 0.98754126 0.9996301  0.99917823 0.9989949
 0.9991831  0.9614388  0.9545237  0.9801159  0.88810307 0.98035735
 0.99618274 0.99681276 0.84942037 0.9729549  0.98784584 0.9076754
 0.9945363  0.70413977 0.9735816  0.7764687  0.9841084  0.9172085
 0.9385716  0.5583763  0.9669321  0.9621622  0.9940678  0.9961361
 0.9657439 ]
[0.99639183 0.8781798  0.98780835 0.9996519  0.99893457 0.90308195
 0.99913824 0.9729835  0.9691162  0.98253995 0.89504796 0.8927919
 0.674343   0.9905669  0.9984249  0.96564907 0.8713413  0.9925962
 0.9821848  0.9813731  0.9200916  0.7966201  0.8516983  0.8966583
 0.90977186 0.7009071  0.92439455 0.9724681  0.99752635 0.8414239
 0.9857675  0.9870761  0.99266386 0.56570685]
[0.96031314 0.90423256 0.9919292  0.999579   0.99943405 0.9990295
 0.998755   0.92364085 0.9797586  0.9650391  0.83440024 0.9900299
 0.9988902  0.97725976 0.91356623 0.8092501  0.9960659  0.9917142
 0.98676246 0.96037287 0.50484693 0.72137266 0.5898539  0.8734369
 0.54517674 0.94346035 0.9680734  0.87395155 0.9732646  0.9348756
 0.85298216 0.99806577 0.97980976 0.98217666]
[0.9961514  0.95866114 0.99410546 0.9994823  0.9997135  0.99596727
 0.99913055 0.97395986 0.94246006 0.9835776  0.9905855  0.9912663
 0.9985392  0.9943948  0.8739525  0.98263425 0.5020651  0.9953727
 0.9615558  0.82053226 0.8170282  0.8464063  0.65202254 0.9940241
 0.5956014  0.8643442  0.98249024 0.88368976 0.9742013  0.9806943
 0.9146314  0.77810085 0.9976063  0.84806657 0.69800174]
[0.9906679  0.92313284 0.9868853  0.99923146 0.99966574 0.9938099
 0.9991586  0.9731948  0.9807148  0.9841809  0.9630952  0.8725173
 0.9970471  0.7696738  0.8878511  0.98196054 0.90988004 0.97152734
 0.95488864 0.8859067  0.9219791  0.93170017 0.9735641  0.9573167
 0.9656733  0.9853079  0.97570354 0.8817895  0.97480065 0.8302478
 0.9257866  0.993228   0.9682067  0.9105103 ]
[0.9924952  0.91256285 0.9735563  0.9997485  0.99941766 0.99844533
 0.9992605  0.94932264 0.9945716  0.9835956  0.58995116 0.7464531
 0.9853876  0.99736494 0.9304468  0.9512496  0.9685497  0.86340046
 0.9945009  0.9520838  0.80358297 0.9640098  0.8096155  0.7027153
 0.996405   0.6700548  0.9812602  0.9807232  0.9798115  0.997375
 0.9827026  0.805252   0.9934268  0.9912321 ]
[0.98837364 0.95902675 0.9954542  0.99965703 0.9990932  0.9984456
 0.9992611  0.9467721  0.97492504 0.9412788  0.6569974  0.6952765
 0.9750196  0.5268243  0.99453294 0.9980763  0.86082464 0.98170185
 0.9881698  0.9638123  0.9888875  0.98997915 0.95276684 0.7622992
 0.7553993  0.963807   0.88333195 0.920363   0.97844785 0.9554939
 0.84643006 0.99708325 0.8644982  0.9944811  0.976117   0.8883598 ]
[0.9740888  0.9787579  0.9923356  0.99947804 0.9997348  0.99969816
 0.9991134  0.98427564 0.99159604 0.99845874 0.978566   0.8119375
 0.992305   0.99915886 0.92977834 0.7761171  0.97760844 0.83926433
 0.9914512  0.83808136 0.9533309  0.69732624 0.5882934  0.99627787
 0.9318585  0.98017704 0.8139142  0.9649165  0.9141801  0.9872032
 0.99618524 0.5205305  0.9973847  0.94771606]
[0.9415055  0.9226182  0.9953608  0.99934393 0.9996723  0.99753404
 0.9991296  0.954437   0.97716105 0.98049074 0.8895301  0.9731786
 0.8149552  0.99264234 0.96090627 0.97739285 0.96413946 0.9592408
 0.99478465 0.9887806  0.7865633  0.9945966  0.9831929  0.64096844
 0.93111604 0.9060941  0.77673906 0.9809472  0.97417045 0.96575236
 0.9978174  0.851923   0.9977221  0.9335623 ]
[0.99881697 0.9262487  0.99527526 0.9995826  0.9992015  0.99657214
 0.99899536 0.96448565 0.9602417  0.9630537  0.54794776 0.73186505
 0.9940215  0.9989833  0.9817994  0.9866063  0.89068675 0.9916156
 0.9943798  0.89948857 0.9587662  0.63124394 0.59764737 0.9673228
 0.9390598  0.84430885 0.98342174 0.9744848  0.9843806  0.99474394
 0.9977781  0.96831995]
[0.99335736 0.93362975 0.99607867 0.9998504  0.99943143 0.9993594
 0.9988714  0.97398484 0.9892812  0.97495735 0.898964   0.996548
 0.99855965 0.99345315 0.954202   0.94845945 0.99318886 0.97873473
 0.9950702  0.9148043  0.98042494 0.96535504 0.8930251  0.9759926
 0.89959055 0.76524156 0.90705186 0.9342809  0.99752766 0.5383058
 0.9927124  0.91860974 0.98626536]
[0.90339345 0.913909   0.9948009  0.9998572  0.99988747 0.9991516
 0.9991061  0.94148135 0.9707408  0.9684003  0.7674123  0.793301
 0.9945064  0.99720615 0.99670225 0.9679548  0.9651258  0.9979826
 0.9566786  0.9913073  0.99303895 0.90777767 0.9260874  0.9412467
 0.7660997  0.8630274  0.89916176 0.5308132  0.9631437  0.97934943
 0.7821369  0.9197063  0.92990243 0.7937343  0.9965252  0.96079344]
[0.98831975 0.94026995 0.99421436 0.99984336 0.9998006  0.99574137
 0.9989201  0.9298514  0.96556896 0.9895906  0.94708675 0.99479055
 0.9842253  0.9879738  0.89422125 0.99364024 0.64314073 0.8600566
 0.967139   0.80076647 0.994603   0.97590804 0.9163285  0.95646614
 0.82462084 0.932232   0.98803675 0.966141   0.97278523 0.9318171
 0.9647365  0.9983712  0.9203929 ]
[0.99376947 0.885885   0.92480916 0.9988984  0.99905556 0.91014403
 0.99935323 0.9441663  0.92789954 0.9878044  0.5614995  0.8683425
 0.97741675 0.99287194 0.996496   0.78115183 0.6948407  0.9677779
 0.9765885  0.92156994 0.9941953  0.9716572  0.93421304 0.9699637
 0.943895   0.7378105  0.6607017  0.92848456 0.9816211  0.8408584
 0.9057126  0.8273899  0.99788874 0.9867051  0.9973768  0.95626444
 0.99383754]
[0.9990694  0.9227489  0.9822196  0.99966466 0.99928004 0.9994405
 0.9982749  0.89388305 0.9858592  0.9763623  0.9619312  0.84248286
 0.5426982  0.9972324  0.92860097 0.89428794 0.8312515  0.99176496
 0.9877351  0.9789216  0.80448174 0.9956365  0.85252076 0.62089175
 0.87761974 0.9113313  0.91253    0.9012458  0.89074427 0.95639056
 0.88619363 0.9984114  0.9974878  0.9692611  0.6033307 ]
[0.9906433  0.95353425 0.98623115 0.99966514 0.99970156 0.9139757
 0.99946314 0.9537729  0.97364074 0.96923023 0.94990164 0.82762694
 0.71594983 0.91414124 0.99705625 0.9967159  0.8130815  0.96099555
 0.88097435 0.97295105 0.9666117  0.9920185  0.99267536 0.9410162
 0.7611867  0.64590186 0.95131594 0.94256943 0.70002955 0.9808554
 0.92792183 0.5905582  0.9915336  0.8808087  0.987849   0.9611046 ]
[0.93227524 0.93440723 0.99021786 0.9998068  0.99972874 0.9994467
 0.9934203  0.914433   0.93826836 0.97410595 0.986521   0.9986285
 0.98837864 0.9029026  0.9489555  0.98722327 0.98524415 0.94307005
 0.9478544  0.83748174 0.9813539  0.95778316 0.8283164  0.9802005
 0.97878736 0.9911543  0.9963159  0.99416393 0.9988569  0.65149534
 0.8501499  0.9860408 ]
[0.99781823 0.93462396 0.98824    0.99938893 0.9996884  0.9964424
 0.9989826  0.9682721  0.94419885 0.98022044 0.87685466 0.6554223
 0.9957606  0.9988557  0.6841358  0.969456   0.9726778  0.99129397
 0.96956104 0.9573213  0.57554454 0.69152445 0.5395641  0.92275745
 0.97707134 0.90030044 0.98499554 0.65210223 0.95931894 0.99622464
 0.9908598  0.9644416  0.86244583]
[0.99930525 0.91990507 0.9924326  0.9997656  0.9995347  0.99135673
 0.99895775 0.95679444 0.97701865 0.97773665 0.9450938  0.8765064
 0.68743134 0.9927604  0.99823296 0.9382307  0.9815014  0.603203
 0.66201854 0.9861391  0.9678131  0.96248806 0.83167255 0.7487884
 0.6951734  0.64036965 0.8053492  0.95195633 0.8906996  0.9290216
 0.95828956 0.9956136  0.8038349  0.6653581  0.99537647 0.8960723 ]
[0.9946673  0.9845211  0.9921934  0.9997142  0.9995933  0.9996234
 0.99918264 0.94325817 0.97359234 0.9769628  0.9887045  0.78074634
 0.9944759  0.96703565 0.97331357 0.99131024 0.9944629  0.9523893
 0.936843   0.8586158  0.98695487 0.93860376 0.9719411  0.95859134
 0.85668457 0.9328749  0.9898928  0.95703214 0.9929415  0.70706356
 0.99569076 0.90826505 0.68924886]
[0.99523926 0.9396202  0.99519604 0.9997732  0.99974614 0.99901545
 0.9992725  0.9664777  0.9725427  0.9765455  0.758717   0.9124851
 0.99252945 0.9981432  0.9540545  0.9637628  0.9430785  0.9877958
 0.9756355  0.97354454 0.9476112  0.8958468  0.79385376 0.92337483
 0.97311044 0.59312606 0.97827315 0.8131847  0.99552506 0.83511674
 0.62349844 0.996201   0.9836014 ]
[0.99845016 0.88719565 0.9879908  0.9996     0.9996501  0.999383
 0.99905986 0.9310677  0.98006594 0.97516143 0.5251171  0.9952781
 0.9988438  0.76610404 0.9564368  0.65534985 0.9064713  0.99396646
 0.99334586 0.9704441  0.7919383  0.9720972  0.5933966  0.8874027
 0.94534016 0.9422752  0.9801579  0.85906684 0.9955243  0.83578527
 0.9966635  0.89114326 0.961161  ]
[0.9976876  0.8924669  0.99133074 0.9999727  0.99931526 0.99306935
 0.99916327 0.91512007 0.9830966  0.9585572  0.8886776  0.99452066
 0.9991887  0.98197675 0.9736734  0.87434196 0.993869   0.69495535
 0.9921407  0.96506697 0.96210116 0.9549228  0.9370691  0.88264364
 0.97886354 0.9505799  0.9588576  0.99771774 0.5206505  0.98965305
 0.98683316 0.85017025]
[0.9980148  0.9413892  0.9919503  0.9998472  0.9995788  0.99961555
 0.99895763 0.94479436 0.9500332  0.96443397 0.6161113  0.67845696
 0.9956821  0.9984926  0.7376307  0.9602694  0.9850912  0.85489494
 0.9925558  0.99424666 0.9210534  0.76491857 0.7224833  0.9093581
 0.95597786 0.85114574 0.8815939  0.9547514  0.9251998  0.99391574
 0.8379282  0.9654627  0.99411255 0.96670645 0.9928865  0.9634194 ]
[0.9128431  0.9179901  0.98110294 0.9996025  0.9997446  0.9906606
 0.99911433 0.9571064  0.96654296 0.97932726 0.99419    0.99855727
 0.7915527  0.78358793 0.9861622  0.9900899  0.91118443 0.9853532
 0.5284488  0.9093835  0.56097084 0.95307374 0.95598936 0.75578743
 0.98066324 0.9845888  0.92165154 0.996872   0.99745184 0.9649343
 0.9288854  0.969697  ]
[0.99584913 0.9415923  0.9806733  0.99975544 0.9991998  0.99732506
 0.9992888  0.962804   0.9611037  0.9782542  0.80425423 0.93380165
 0.99314123 0.9994437  0.5986352  0.9879192  0.9634321  0.93452495
 0.9944237  0.9909821  0.962059   0.95704263 0.9816347  0.90357524
 0.7053921  0.9155551  0.97084314 0.9933564  0.97898656 0.87209785
 0.9982823  0.9758203  0.9937032  0.97998613]
[0.99865794 0.93589675 0.9929677  0.99969554 0.999236   0.99869674
 0.99915075 0.9874392  0.9678198  0.9978557  0.83276784 0.9957982
 0.9986565  0.802095   0.98472244 0.97509116 0.9832549  0.9491393
 0.9475207  0.9909428  0.56360126 0.9210721  0.9720659  0.7653436
 0.9635384  0.90292215 0.9154585  0.9947758  0.9131911  0.994468
 0.95576185]
[0.9834704  0.90819436 0.9802767  0.9999635  0.99953675 0.99939835
 0.9957094  0.9613385  0.9662574  0.96284735 0.9671331  0.9958438
 0.9980413  0.72819394 0.99485046 0.96915454 0.99385613 0.98919684
 0.7759989  0.9809536  0.93679494 0.9395231  0.8391174  0.9527678
 0.94352233 0.9669843  0.9963527  0.99926084 0.98976946]
