Mprobs for dataset 2 (AIC) (Mean-Field)

[0.96214354 0.9494688  0.99338335 0.9944319  0.9967944  0.86435753
 0.99874616 0.99369156 0.99063605 0.99604404 0.9170433  0.9071085
 0.8701517  0.9177998  0.9964414  0.99920374 0.8850595  0.9969043
 0.9424134  0.9835828  0.98363924 0.9976998  0.8938361  0.9965828
 0.9845383  0.9782422  0.997554   0.93075943 0.9814387  0.60513705
 0.9890441  0.9562617  0.9524935  0.9423104  0.987844   0.9576478
 0.98501635 0.9811375  0.8581922  0.98113865 0.99725753 0.7596799
 0.99867517 0.9488592  0.94202626 0.98377985 0.9178778 ]
[0.9517995  0.95674783 0.9957991  0.99241406 0.9945104  0.8862956
 0.99941385 0.97786474 0.99307233 0.9897372  0.9354518  0.8328045
 0.7961863  0.9880432  0.9969086  0.99919397 0.5311794  0.92172915
 0.9962852  0.8719034  0.9588574  0.9634853  0.99721575 0.9870166
 0.9962488  0.86295366 0.97877043 0.92837745 0.84684587 0.79076266
 0.98789585 0.9641719  0.9967487  0.96512926 0.9381652  0.9881343
 0.97318876 0.9851238  0.9160285  0.98415184 0.8975596  0.98713833
 0.99752253 0.68226707 0.99860615 0.9608397  0.9880206  0.8408036 ]
[0.96808285 0.92840385 0.9971323  0.9938731  0.9945462  0.87655807
 0.99911565 0.979411   0.9899441  0.99343675 0.9029524  0.90552366
 0.8337736  0.9504719  0.9966858  0.9991708  0.8230377  0.99509394
 0.9036758  0.98070705 0.9709725  0.99889356 0.96631885 0.99492997
 0.91908383 0.9777728  0.9785749  0.995974   0.9432439  0.71294653
 0.99140644 0.9388515  0.9730291  0.9570329  0.9939177  0.89769983
 0.99121934 0.9573685  0.98565197 0.85017544 0.99171525 0.99853647
 0.82585126 0.99837816 0.9538986  0.9858504  0.6744399 ]
[0.940991   0.9279618  0.9961803  0.99284726 0.9953063  0.88536596
 0.9991704  0.99524647 0.98620206 0.996191   0.852318   0.8351806
 0.8004483  0.9803019  0.99788266 0.99934417 0.54193753 0.91402876
 0.99598557 0.8709236  0.97596747 0.9847739  0.99829286 0.973196
 0.9967175  0.87016004 0.98878586 0.9727825  0.9982944  0.85087276
 0.8553847  0.99357116 0.94031054 0.94859076 0.9417153  0.9957759
 0.93352884 0.9934608  0.9874062  0.9648578  0.98543787 0.9971198
 0.83313054 0.9991499  0.97260576 0.9422762  0.99213284 0.9596475 ]
[0.99715817 0.9539817  0.9968611  0.9997501  0.9996031  0.9959943
 0.99986506 0.99232715 0.9985536  0.99066633 0.6140705  0.9366611
 0.9971317  0.99977714 0.9999285  0.910868   0.99898225 0.98947436
 0.9887687  0.9997813  0.999236   0.99978095 0.99657804 0.98596394
 0.9997236  0.9539607  0.860658   0.99252313 0.9814416  0.99017745
 0.98355293 0.9934823  0.9733462  0.99820364 0.99668235 0.99889886
 0.9987294  0.99979573 0.9991621  0.9998381  0.9886613  0.99617225]
[0.99811745 0.9937458  0.99847835 0.9998399  0.9995461  0.9947503
 0.9997625  0.9842492  0.99526644 0.9992448  0.56673896 0.99037594
 0.99977165 0.98500985 0.99994636 0.9984113  0.99956244 0.99892247
 0.80009085 0.9981329  0.8233724  0.99970967 0.999172   0.999413
 0.73097825 0.998331   0.99767715 0.9997975  0.9583882  0.99905497
 0.9912855  0.97398496 0.9601918  0.99662846 0.8346915  0.9989196
 0.9925815  0.99869895 0.9923915  0.9996662  0.99901366 0.797981
 0.9998054  0.9839399  0.99736905]
[0.9957528  0.9700104  0.9965527  0.99971765 0.999723   0.9880248
 0.9997856  0.99695265 0.99876654 0.998519   0.60586673 0.9772993
 0.9988624  0.9997613  0.9999448  0.9985417  0.9983664  0.9913599
 0.99968684 0.9994727  0.9997695  0.99761236 0.9827974  0.9998828
 0.91919655 0.9536265  0.99735427 0.98617595 0.99260825 0.98748326
 0.9964887  0.8705877  0.9971903  0.9772948  0.998899   0.9737205
 0.9980259  0.99959344 0.9996549  0.99983025 0.9852584  0.9966967 ]
[0.998517   0.9687826  0.99942744 0.9998171  0.9995191  0.9826582
 0.9998281  0.9986141  0.99867094 0.99951756 0.9876436  0.9131434
 0.99823904 0.99965835 0.9999546  0.99904317 0.9977501  0.9887875
 0.9997682  0.9983973  0.9996737  0.85956436 0.9973078  0.985053
 0.99977845 0.9855693  0.9970278  0.9889283  0.99510694 0.93337333
 0.99678445 0.9950439  0.9991887  0.7083225  0.9936859  0.9997489
 0.9916618  0.9998311  0.9952188  0.9918487  0.98115826]
[0.998073   0.9794892  0.99862814 0.9997271  0.9995946  0.9800475
 0.99978894 0.9907733  0.99922085 0.9951068  0.9614346  0.9979697
 0.99971956 0.9999337  0.9992531  0.802709   0.99807346 0.9931409
 0.9996426  0.9990901  0.9997234  0.74287915 0.99810517 0.9976513
 0.99986875 0.5622084  0.9683783  0.96635044 0.99312055 0.9752442
 0.9682238  0.9854614  0.99826884 0.7571071  0.9991066  0.98770756
 0.9966577  0.99900264 0.5859027  0.9957503  0.9995982  0.9990575
 0.999713   0.9414456  0.99804014]
[0.9978557  0.99539787 0.9926952  0.9997391  0.99938977 0.9759472
 0.999808   0.99785304 0.9989256  0.9985447  0.9903081  0.91319305
 0.99836046 0.99964464 0.9999517  0.99877006 0.9987074  0.9882238
 0.9995752  0.999419   0.9996001  0.9772372  0.99630153 0.6055451
 0.99982977 0.91550314 0.8478721  0.99666995 0.9906234  0.9866947
 0.99033    0.9966648  0.9614339  0.998769   0.9517713  0.9992193
 0.9827032  0.99869114 0.99981457 0.9997553  0.9998074  0.8981676
 0.9974853 ]
[0.99791926 0.9839027  0.99614775 0.9996921  0.9997024  0.993211
 0.99977833 0.99905545 0.9812128  0.97907835 0.9974153  0.99158454
 0.99786335 0.9997603  0.9999292  0.99442    0.99905044 0.99890006
 0.9989759  0.9943375  0.99941075 0.99962413 0.99975246 0.9983552
 0.5253892  0.99977833 0.9861856  0.50997394 0.9961706  0.974836
 0.99687934 0.98732215 0.9959336  0.73733956 0.9878419  0.9981223
 0.99924254 0.993751   0.9985385  0.9997868  0.992235   0.99964345
 0.9954839  0.9997999 ]
[0.99614596 0.98796463 0.9991823  0.9998392  0.99948275 0.9452875
 0.9998456  0.9967648  0.9991731  0.999129   0.988889   0.985364
 0.9983456  0.9996462  0.99995065 0.7574104  0.99899703 0.99606043
 0.992305   0.9995639  0.77936184 0.99952555 0.8915509  0.99867356
 0.9977342  0.99974746 0.9838579  0.9987098  0.5675069  0.9928879
 0.98792505 0.989254   0.9927027  0.9978465  0.978286   0.9986714
 0.9887939  0.9994752  0.9900933  0.99962926 0.9226256  0.99966943
 0.9308436  0.99856216]
[0.9967619  0.9559784  0.99764    0.9998486  0.9996288  0.989078
 0.99987876 0.99733883 0.99916756 0.9979589  0.98514646 0.9988863
 0.9997825  0.9999521  0.99936765 0.9964295  0.98597324 0.99979275
 0.99905545 0.99969554 0.997693   0.982509   0.99990857 0.8646163
 0.964694   0.9963767  0.9840874  0.9867584  0.98532665 0.9975193
 0.9374638  0.9976393  0.9948527  0.9992866  0.98092425 0.9956448
 0.99973744 0.9995092  0.99965334 0.98784435 0.9980107 ]
[0.99802506 0.99626356 0.9989749  0.9998524  0.9997352  0.9880634
 0.9998223  0.99694294 0.99909747 0.9992561  0.99443614 0.98944783
 0.9913715  0.96284664 0.99976486 0.99994683 0.9386102  0.99850035
 0.99452907 0.9808303  0.8671865  0.9997763  0.9718298  0.9997713
 0.9905675  0.9975407  0.99607134 0.99983656 0.98338956 0.9769273
 0.99708575 0.87995136 0.99158937 0.99637043 0.65719086 0.9742888
 0.9937681  0.99891055 0.5123743  0.9965186  0.9997608  0.9438735
 0.9996051  0.91392165 0.9970843 ]
[0.99819344 0.9897967  0.9961396  0.99979156 0.99958116 0.9907608
 0.99982077 0.9983077  0.998618   0.9992624  0.98879844 0.9064185
 0.9988481  0.9997242  0.9999074  0.998985   0.98554426 0.9848375
 0.9996184  0.99474156 0.99966633 0.98863715 0.9985978  0.9920449
 0.9997665  0.9794463  0.8995675  0.9964804  0.9868759  0.9916712
 0.9898671  0.99713445 0.97753775 0.99872154 0.9946287  0.99949944
 0.6210798  0.99328905 0.99960357 0.9995338  0.99965215 0.96802336
 0.9985475 ]
[0.9979588  0.99362856 0.99888855 0.9998241  0.99956363 0.9875493
 0.99983144 0.99897087 0.998248   0.9992656  0.95956933 0.7036409
 0.9506638  0.9942258  0.9996724  0.9999428  0.9974228  0.99806553
 0.82436174 0.9979603  0.9837928  0.99793905 0.99894255 0.99965537
 0.9983021  0.9849996  0.99974185 0.8582093  0.9709428  0.9965515
 0.9838928  0.98495966 0.99433845 0.99658656 0.9461864  0.9987143
 0.99150956 0.9990951  0.86353624 0.9980227  0.9996269  0.97953117
 0.99972886 0.9912306  0.9968796  0.93225163]
[0.99516606 0.99125797 0.99876463 0.9997789  0.999694   0.98728126
 0.99988997 0.9991492  0.9955674  0.9997147  0.99310195 0.9989599
 0.9996779  0.9999479  0.99911505 0.9923011  0.99876934 0.9445115
 0.99963224 0.9997757  0.9790916  0.99689037 0.99590117 0.99985635
 0.9953831  0.8658457  0.9928104  0.9788169  0.98835564 0.99664825
 0.98632646 0.99691474 0.98985755 0.9990382  0.98195857 0.9981218
 0.9996755  0.9998079  0.99857605 0.9920414 ]
[0.99665725 0.9944834  0.99817896 0.9997607  0.9993586  0.9923419
 0.9998841  0.9963581  0.99931717 0.9992131  0.9891833  0.9385664
 0.99774915 0.99977213 0.9999248  0.9989066  0.99870515 0.9880717
 0.99973184 0.99932444 0.9997124  0.9810333  0.9972256  0.98100877
 0.9998118  0.97270864 0.5810707  0.99583375 0.98425734 0.9860765
 0.9875916  0.9980981  0.93790823 0.9990157  0.9813023  0.9994356
 0.7354503  0.9983164  0.9995442  0.9983871  0.9997291  0.97856355
 0.9974412 ]
[0.99651104 0.9706872  0.9987447  0.99968815 0.99959487 0.9457493
 0.9998685  0.99440634 0.9995264  0.9963062  0.9909984  0.97431606
 0.9987784  0.99943095 0.9999573  0.9990177  0.9978751  0.95387524
 0.99971217 0.99885666 0.9996207  0.9969759  0.9792239  0.9997991
 0.8786393  0.6061891  0.9968585  0.9935134  0.9877807  0.9898347
 0.9988576  0.9554809  0.9986732  0.9873426  0.9993006  0.9942789
 0.96759015 0.9997844  0.9996357  0.9737529  0.99657106 0.9657674 ]
[0.99856734 0.9760237  0.99643815 0.999835   0.9996829  0.9874362
 0.9998734  0.9970114  0.99914443 0.99676335 0.8932663  0.9981065
 0.9996141  0.99993634 0.9990429  0.9981298  0.987768   0.9997577
 0.9992895  0.99973756 0.9926253  0.9914819  0.97274345 0.99991417
 0.85413843 0.8746242  0.9937348  0.98769623 0.9862087  0.98289675
 0.9979025  0.93586373 0.99784017 0.98736006 0.9992829  0.9167659
 0.99665415 0.99978787 0.99954295 0.9997253  0.9857745  0.99708444]
[0.9987515  0.9670953  0.99646604 0.9998337  0.99967396 0.98637253
 0.999863   0.9884039  0.9969388  0.99766386 0.94268745 0.9837196
 0.95623064 0.99761707 0.9997727  0.9999447  0.9293411  0.99895895
 0.5536204  0.9941806  0.9954259  0.9996309  0.9990121  0.9998061
 0.9986082  0.9866991  0.9826597  0.96092397 0.9949728  0.98977906
 0.9997836  0.9824274  0.9909663  0.9972203  0.9555684  0.99744725
 0.6794268  0.99937135 0.99854636 0.98719984 0.9997875  0.99966455
 0.99961853 0.9870237  0.9966732 ]
[0.9979249  0.9876671  0.9950354  0.9998381  0.99961    0.9858584
 0.9998841  0.9970175  0.9979797  0.99871147 0.99334186 0.989869
 0.9985518  0.9997098  0.9999244  0.9988109  0.8707978  0.9971174
 0.9995402  0.99914145 0.9997365  0.78728867 0.99710196 0.9798672
 0.9693867  0.91873026 0.99524915 0.98729694 0.9998716  0.9745414
 0.99074614 0.9949057  0.9714788  0.9973132  0.99128306 0.99847895
 0.9985499  0.9997795  0.9997453  0.9997631  0.9953343  0.99797124]
[0.9967776  0.9791686  0.99857354 0.99982506 0.9997422  0.9851704
 0.9998511  0.9991202  0.99728096 0.99966383 0.8296128  0.9976521
 0.9997925  0.9999411  0.998033   0.9989085  0.9943394  0.9997912
 0.9885725  0.9995696  0.9943857  0.9975331  0.6418455  0.99976987
 0.99466187 0.6389958  0.9953892  0.98676306 0.96474254 0.9841615
 0.99664646 0.9861953  0.9976948  0.99643624 0.9989391  0.99849236
 0.99826556 0.99975437 0.9947673  0.9998281  0.97859657 0.99783736]
[0.9981541  0.9846544  0.9977023  0.99953485 0.99920696 0.9954958
 0.99979097 0.968978   0.9509702  0.9940435  0.99576414 0.98850983
 0.99697006 0.99970466 0.99994373 0.9917441  0.99907136 0.99632937
 0.9072252  0.9996644  0.99876165 0.99971884 0.8749361  0.9975803
 0.9937152  0.9997279  0.6617625  0.9924654  0.98085153 0.99453557
 0.9814276  0.99408746 0.90858823 0.9915175  0.9935301  0.9898023
 0.9992766  0.99473333 0.99643767 0.9997843  0.99981433 0.9567238
 0.99634093 0.99989367]
[0.9957377  0.9956642  0.9994141  0.9998048  0.99969995 0.97973835
 0.9998172  0.9977622  0.99818987 0.99856585 0.78287923 0.9989341
 0.999721   0.9999293  0.99894935 0.9937686  0.9543496  0.99971586
 0.99753165 0.9997261  0.99798954 0.9898391  0.9996691  0.99448603
 0.8699965  0.6722026  0.9840353  0.9888297  0.98672014 0.9975387
 0.97462815 0.9971982  0.99209595 0.98745584 0.99947625 0.99670756
 0.98873454 0.9997743  0.86073065 0.9995964  0.99180686 0.9971541
 0.9944938 ]
[0.9985024  0.9703197  0.9986841  0.99967825 0.9996257  0.95898277
 0.99982077 0.9988795  0.998218   0.9992155  0.91255164 0.5127927
 0.9869915  0.99708074 0.99962795 0.9999176  0.9991365  0.9958961
 0.95515263 0.99967265 0.9994234  0.999683   0.99616647 0.98108256
 0.9997702  0.8292428  0.8751976  0.9959487  0.988467   0.9904331
 0.99126816 0.9934223  0.95835423 0.99836844 0.9962262  0.9990982
 0.9479087  0.99712676 0.99976677 0.9997247  0.98945284 0.9976063 ]
[0.9965448  0.99231887 0.9989505  0.9998222  0.9996742  0.9703193
 0.9998234  0.99633056 0.9976659  0.99921393 0.9925465  0.99212366
 0.9635317  0.9985135  0.9997526  0.9999263  0.71433574 0.99742776
 0.93309456 0.99965286 0.99899226 0.99967873 0.9988662  0.99805224
 0.9661565  0.99977523 0.9776489  0.8245627  0.99715984 0.99231225
 0.98849803 0.98359203 0.9971002  0.9879688  0.99879694 0.99318165
 0.9992644  0.99499893 0.9995944  0.9996984  0.5395555  0.99769247
 0.9661764 ]
[0.9960334  0.9852667  0.99895525 0.99973255 0.9996512  0.9596108
 0.9998148  0.9990314  0.9991242  0.999711   0.9957711  0.98659444
 0.9981522  0.9998203  0.99995124 0.9993794  0.9933697  0.86625123
 0.99897766 0.99957746 0.9973968  0.99918467 0.94144225 0.9245373
 0.9975184  0.98919326 0.99987376 0.5614582  0.9915167  0.9947299
 0.9838414  0.9991036  0.99406624 0.9989039  0.9993352  0.99517953
 0.9979699  0.9997421  0.9944206  0.9997968  0.83769023 0.99774855]
[0.99882835 0.99452966 0.99584985 0.99965775 0.9994808  0.977836
 0.9998801  0.995672   0.99861944 0.99754363 0.9923414  0.91779786
 0.99851173 0.9997986  0.99992883 0.9987556  0.9973762  0.9937
 0.9996087  0.9992889  0.9997688  0.99669856 0.9956808  0.98463863
 0.9998227  0.96414113 0.8827016  0.9976041  0.98559153 0.992023
 0.9862472  0.9991749  0.95018464 0.9969735  0.9878963  0.99878544
 0.97644776 0.9995964  0.99973685 0.99966216 0.615577   0.99713206]
[0.99884605 0.9894248  0.9985104  0.9998198  0.99948645 0.9784937
 0.9998192  0.9979108  0.9992393  0.99868566 0.996053   0.99723047
 0.9997974  0.99995434 0.9723736  0.9980159  0.79280424 0.99791795
 0.97484213 0.9995098  0.9991985  0.9997924  0.9987562  0.9960318
 0.99982053 0.96748894 0.99315476 0.9851194  0.99049497 0.98175585
 0.9977071  0.9144321  0.9976726  0.97945464 0.63093996 0.9995431
 0.66600144 0.9868977  0.9997851  0.99929905 0.9998196  0.96429724
 0.99750036]
[0.99860793 0.9857503  0.99849284 0.99982977 0.999408   0.99405104
 0.999808   0.97149885 0.9950995  0.9994628  0.99893767 0.5088032
 0.99374455 0.99991083 0.79876083 0.9999397  0.71983826 0.99910945
 0.99899226 0.99040425 0.99638796 0.91627514 0.9994868  0.9995691
 0.9754656  0.997693   0.9992009  0.99947506 0.71612006 0.98977077
 0.9175521  0.8077864  0.96170485 0.9891543  0.94144297 0.9988864
 0.9927457  0.99893516 0.9964503  0.9525867  0.9969495  0.99970824
 0.99861825 0.9997888  0.99883634 0.99875176]
[0.9973424  0.98803884 0.99714065 0.9997085  0.99935657 0.9778171
 0.9998066  0.99757093 0.9976162  0.9992686  0.99553925 0.9945088
 0.99957794 0.99992716 0.9986816  0.94053036 0.99813086 0.9748102
 0.9991186  0.9995629  0.97833145 0.9974015  0.9977197  0.9998417
 0.9890665  0.96129286 0.9942094  0.9512236  0.9990866  0.9942022
 0.91180444 0.9969338  0.9891049  0.9993599  0.9993266  0.9709265
 0.99643624 0.99965775 0.9997009  0.97857535 0.9998369  0.98783976
 0.99802554]
[0.99763846 0.98522294 0.9991366  0.9998097  0.9997191  0.9939169
 0.9998161  0.99862134 0.9986658  0.9996724  0.9262738  0.9928866
 0.996906   0.9996061  0.9999441  0.9587972  0.9993161  0.9964438
 0.9852123  0.9995969  0.99926203 0.99965453 0.99760675 0.97725517
 0.9838012  0.99450654 0.9677011  0.9998579  0.986942   0.9796571
 0.99690944 0.8779105  0.9983468  0.99508274 0.9985232  0.99601847
 0.9956506  0.9997887  0.9982911  0.9997408  0.9901322  0.996229  ]
[0.99717927 0.98699164 0.9972939  0.9997944  0.9992207  0.9863506
 0.9998005  0.9713301  0.9878136  0.9854338  0.99891376 0.9943401
 0.9986897  0.99606895 0.9999374  0.9724141  0.64619505 0.9987147
 0.9987766  0.9968419  0.99256176 0.9998634  0.99159557 0.9994023
 0.99613285 0.99408084 0.9988324  0.99465746 0.9956729  0.98956805
 0.97875357 0.99350834 0.99472505 0.8894119  0.99798775 0.995535
 0.993915   0.99953675 0.99908316 0.9972705  0.9994753  0.9997521
 0.96622944 0.9997032  0.97697884 0.9992193 ]
[0.99765575 0.97630835 0.9962023  0.99953556 0.9994597  0.99324644
 0.9996544  0.9760199  0.9810098  0.9964886  0.99887174 0.9942186
 0.9949473  0.99960333 0.99992526 0.9950656  0.998585   0.99841475
 0.99946374 0.9993272  0.99961615 0.99802303 0.9992756  0.99981076
 0.98924875 0.99745065 0.9991715  0.99550265 0.86490124 0.9921349
 0.6977159  0.9991129  0.9960156  0.9942321  0.9997837  0.9985758
 0.9768892  0.99978656 0.9998288  0.99670523 0.9998846 ]
[0.99662566 0.9729802  0.9936893  0.99970883 0.9997433  0.992898
 0.9998578  0.99844825 0.99234045 0.9993616  0.9587222  0.99818987
 0.9997205  0.9999453  0.99914587 0.9955968  0.9891025  0.9997756
 0.9991086  0.9997942  0.99874926 0.9921802  0.9998292  0.7185745
 0.93698704 0.9951149  0.98559254 0.99032545 0.9922323  0.99813396
 0.88277745 0.9977701  0.99540377 0.9993925  0.98837787 0.98856926
 0.99968374 0.99983215 0.9997099  0.9924677  0.99663574]
[0.9982323  0.98958474 0.99805236 0.9998305  0.9996873  0.9878445
 0.99988544 0.9976776  0.9951245  0.9990337  0.9908298  0.999728
 0.99992657 0.8004514  0.99878424 0.9935002  0.99923027 0.9936259
 0.9996247  0.99929965 0.9998048  0.98615426 0.99662185 0.9790283
 0.9997999  0.9101654  0.964188   0.9974191  0.9863652  0.9683705
 0.99501425 0.95203966 0.99911386 0.99212766 0.9994822  0.969877
 0.9981516  0.99953055 0.999244   0.99824786 0.9996772  0.98166937
 0.99608   ]
[0.9972121  0.9916647  0.9989355  0.99985445 0.99973935 0.9944991
 0.9998517  0.9889464  0.9986659  0.99900347 0.99695694 0.9976037
 0.97642386 0.9986895  0.99966633 0.999943   0.7219118  0.9975285
 0.9981964  0.9919431  0.9985171  0.9809241  0.9987656  0.99824595
 0.999686   0.99613357 0.996761   0.99974304 0.92344075 0.9886735
 0.9943566  0.95039475 0.97960633 0.9956654  0.7788908  0.9988851
 0.99049264 0.99886465 0.99525154 0.9966425  0.99981505 0.9993148
 0.99027014 0.9997764  0.9971117  0.99243516]
[0.9974542  0.9866214  0.9948484  0.9996233  0.9994399  0.99359506
 0.99979013 0.99856454 0.9974753  0.99862707 0.9932421  0.9764325
 0.99760604 0.99963903 0.9999186  0.99905103 0.9980319  0.9917311
 0.99957067 0.9990784  0.9998209  0.99342656 0.9795782  0.9782039
 0.9998864  0.8767877  0.801589   0.9937715  0.98549634 0.99436885
 0.9717463  0.99764425 0.9437376  0.99798334 0.99486476 0.9848203
 0.99933785 0.56086    0.9987392  0.9997296  0.99977833 0.9996898
 0.84581697 0.99813795]
[0.99898785 0.9940461  0.99845886 0.9998266  0.9996455  0.993323
 0.999902   0.99515307 0.99674714 0.998855   0.7735061  0.9988686
 0.9997936  0.9999604  0.9981964  0.9979936  0.99167305 0.99963593
 0.9992975  0.99961406 0.9676385  0.99820244 0.99971    0.8493582
 0.966927   0.99426067 0.9857044  0.96125215 0.9890742  0.99794275
 0.9489691  0.9991092  0.97452265 0.9991123  0.9243425  0.9889608
 0.9996637  0.99932957 0.99971384 0.99831724]
[0.9970771  0.9960026  0.9989311  0.99967146 0.99941003 0.9706317
 0.99983203 0.99640524 0.99916255 0.9988953  0.98390305 0.93181247
 0.9987067  0.9997178  0.9999535  0.9984522  0.9915268  0.99922407
 0.992443   0.9996793  0.99897814 0.99978846 0.9974196  0.99373215
 0.99985075 0.8170018  0.7596574  0.9955236  0.9881188  0.9798307
 0.9973253  0.96610874 0.9979729  0.9449441  0.97216445 0.9994537
 0.98435855 0.9972574  0.99961865 0.9867828  0.9997863  0.9886419
 0.9978897 ]
[0.99831533 0.99161714 0.9991068  0.99973625 0.9997553  0.98451644
 0.9998487  0.99837554 0.9991812  0.9987502  0.9939574  0.97319615
 0.99799025 0.99958426 0.99995613 0.98855734 0.9992448  0.98582166
 0.99888223 0.9609153  0.99964654 0.9984112  0.9997013  0.9881406
 0.9966563  0.9962314  0.9998241  0.93258226 0.99486035 0.9782049
 0.9878983  0.9940916  0.979538   0.9985789  0.9903314  0.99953675
 0.9853597  0.9979189  0.9995523  0.993705   0.9997665  0.99333304
 0.9970657 ]
[0.9967084  0.968814   0.99891233 0.999846   0.9994803  0.9760761
 0.9997948  0.99861586 0.99852437 0.9992918  0.52454245 0.98541623
 0.9962288  0.99968815 0.9999474  0.9989543  0.9955187  0.94606125
 0.9996984  0.99936026 0.99975604 0.82181203 0.99805605 0.6854175
 0.97358876 0.8048339  0.99716717 0.97859174 0.97729206 0.9831064
 0.9972332  0.97792906 0.9986405  0.9905748  0.9998105  0.99943215
 0.6687168  0.99415284 0.99961203 0.9998233  0.9740461  0.9967014 ]
[0.9968629  0.99458873 0.9975141  0.999798   0.9994289  0.99343926
 0.9997993  0.99743986 0.99651563 0.9995921  0.98899966 0.80911434
 0.998828   0.9998287  0.9999311  0.99872714 0.9800193  0.9978867
 0.97176725 0.99976677 0.9990702  0.99982977 0.9984251  0.98665106
 0.99984026 0.9660324  0.773404   0.9958027  0.98641425 0.9914657
 0.9858226  0.9977976  0.8548341  0.9987103  0.9662928  0.9994691
 0.7091838  0.99649435 0.9997731  0.9996966  0.9998179  0.9428835
 0.9981285 ]
[0.9982096  0.9857094  0.9981048  0.99973994 0.9997131  0.9889291
 0.99986184 0.99752444 0.99340665 0.9990503  0.90438735 0.99885464
 0.99967384 0.99993145 0.9988405  0.9996582  0.9797106  0.99980575
 0.9993616  0.999624   0.96296704 0.9978707  0.9821845  0.9704367
 0.95244664 0.99541783 0.98598653 0.9880705  0.9880557  0.9978089
 0.9293275  0.9987232  0.98956084 0.99964297 0.9992649  0.98076105
 0.99238175 0.99960417 0.99936336 0.9989741  0.9997521  0.9910896
 0.9984668 ]
[0.99824727 0.9889482  0.9989807  0.999869   0.99959177 0.98260915
 0.9998399  0.9983223  0.998206   0.99949694 0.90563124 0.95014805
 0.9972922  0.99963236 0.9999213  0.9992593  0.9967643  0.97978926
 0.9997621  0.9990466  0.9998091  0.99826485 0.9891589  0.9996965
 0.9256498  0.8826553  0.99743503 0.9810792  0.99295324 0.98848057
 0.9965282  0.95459723 0.99772185 0.9877944  0.99931943 0.9908517
 0.9996977  0.99967086 0.99148023 0.9964366  0.98404986]
[0.9971154  0.9740529  0.99520713 0.9996025  0.9997315  0.9839843
 0.9998983  0.9940899  0.99911565 0.997447   0.99516463 0.93513435
 0.99793243 0.9997516  0.99991596 0.9986927  0.9514335  0.99744
 0.90134925 0.9997192  0.99940896 0.9998319  0.99797577 0.9742294
 0.99987936 0.9678045  0.7203005  0.9968225  0.98850816 0.99033195
 0.9890836  0.9967037  0.97345746 0.9976501  0.98752624 0.9993899
 0.69261694 0.9973826  0.99977785 0.9995665  0.99965763 0.94443417
 0.9982627 ]
[0.9976312  0.97083956 0.9959388  0.9998275  0.9997416  0.98509616
 0.99978477 0.9980793  0.99887663 0.9989641  0.99270165 0.9700207
 0.9977156  0.9995567  0.99991095 0.99855965 0.9979139  0.97686654
 0.9997799  0.999153   0.9996147  0.9981073  0.97749025 0.97607774
 0.9954224  0.9846628  0.9998925  0.99299    0.9886503  0.99771214
 0.9794113  0.99822384 0.983267   0.9989442  0.9948025  0.99964595
 0.99949515 0.99964654 0.9858333  0.99770075]
[0.9978294  0.9871569  0.9985039  0.99981874 0.99972385 0.9950931
 0.99980587 0.99757224 0.9986041  0.9994617  0.9990227  0.50288373
 0.8865077  0.99978596 0.9995616  0.9999392  0.9736104  0.9824889
 0.9989182  0.978112   0.9983607  0.986992   0.99955493 0.9964296
 0.9995047  0.80422175 0.99863154 0.9934011  0.9997907  0.88955325
 0.98329675 0.99774987 0.9557542  0.89330775 0.9978454  0.9691758
 0.998456   0.9559593  0.99794346 0.98715276 0.9726853  0.99975926
 0.99881613 0.99966836 0.99169534 0.9952041 ]
[0.9968411  0.977357   0.99277    0.9998043  0.99954957 0.9917889
 0.99984884 0.9897221  0.9988852  0.98967665 0.94324905 0.9152025
 0.9979747  0.9997657  0.9999434  0.99847966 0.9929335  0.99199766
 0.99972504 0.99938023 0.9995946  0.99867564 0.9418089  0.99973613
 0.96877843 0.7659887  0.9972025  0.983417   0.9856037  0.9849791
 0.9985415  0.9623062  0.99856913 0.995551   0.99869126 0.99506605
 0.9997707  0.999795   0.99962866 0.70077085 0.99811316]
[0.9981603  0.98104906 0.9986625  0.9998022  0.99944884 0.9550565
 0.99988866 0.9983353  0.9975547  0.9995447  0.95403993 0.97571146
 0.99871683 0.9996612  0.9999356  0.81851083 0.9987043  0.9977126
 0.96661067 0.99950016 0.9991221  0.9997267  0.9980311  0.9791884
 0.9998735  0.89481634 0.84018403 0.9974522  0.9914204  0.9891588
 0.9877928  0.9966666  0.98391783 0.9980742  0.9856162  0.99895346
 0.9889502  0.9968105  0.9996394  0.9948484  0.9995914  0.66181904
 0.9974038 ]
[0.99850935 0.97430927 0.9972345  0.999824   0.99923825 0.9823689
 0.9998109  0.97059435 0.99052095 0.99887305 0.997874   0.9989341
 0.99995863 0.9954385  0.9991441  0.998752   0.9363359  0.9997882
 0.99948585 0.997938   0.9965306  0.9996     0.99239373 0.99866354
 0.9964504  0.98265773 0.9895466  0.9953135  0.98863846 0.9977392
 0.9657718  0.9984372  0.9986052  0.99944156 0.99943846 0.9971908
 0.99949944 0.999403   0.8081185  0.9995943  0.96308386 0.9994217 ]
[0.99546283 0.98235494 0.99906915 0.99969923 0.9993387  0.99019027
 0.9998635  0.9949508  0.99921143 0.9968297  0.6648574  0.9495864
 0.9998072  0.99991727 0.9986199  0.768562   0.9995734  0.999316
 0.99965215 0.99709785 0.9986172  0.9720687  0.99978167 0.9726503
 0.92465407 0.9968556  0.99176323 0.9782542  0.9801706  0.9980609
 0.9215308  0.99895656 0.85796934 0.9996562  0.9933727  0.9997688
 0.99810165 0.99899    0.99984825 0.9965314 ]
[0.9987696  0.97302914 0.99645376 0.9997886  0.9996613  0.996779
 0.99985516 0.9977848  0.9970446  0.9993228  0.9361696  0.9538962
 0.9972717  0.9997638  0.99994123 0.9745935  0.99918073 0.9735919
 0.9954203  0.9956845  0.9998487  0.99891627 0.9997342  0.99747545
 0.98298174 0.99987066 0.8530388  0.9840082  0.99757475 0.9926555
 0.9934056  0.99748117 0.94130784 0.99826956 0.99448556 0.9993125
 0.9919646  0.9982906  0.99959964 0.9996983  0.97658134 0.99984205
 0.9929461  0.9973773 ]
[0.99722266 0.99512625 0.9993025  0.999708   0.9995178  0.98461074
 0.9998192  0.993749   0.9986093  0.9986298  0.9669926  0.99798596
 0.9997434  0.9999455  0.9860853  0.82488006 0.99877745 0.9948266
 0.98968303 0.9996618  0.9996879  0.9981653  0.9955409  0.9996898
 0.99525034 0.8173915  0.9971872  0.9755686  0.9883786  0.9879749
 0.99762243 0.91209847 0.99832016 0.9944642  0.99916375 0.92248946
 0.9971616  0.99977523 0.97068554 0.99979335 0.9536145  0.99827933
 0.9934269 ]
[0.99772173 0.9726572  0.9989641  0.99980444 0.999506   0.9342622
 0.9997948  0.9993456  0.99688345 0.9995832  0.9928242  0.8150844
 0.9989157  0.9997484  0.99995756 0.8154211  0.99916375 0.9976179
 0.9865906  0.99976426 0.9991084  0.9997849  0.9956578  0.97474074
 0.99982446 0.8934456  0.85540146 0.9939407  0.98854584 0.9926456
 0.9915217  0.9940679  0.98282075 0.99798346 0.98944944 0.9993273
 0.9703494  0.9982938  0.9997898  0.9997298  0.9755063  0.9972761 ]
[0.9987393  0.9837751  0.9990262  0.9998221  0.9993831  0.9887827
 0.9998814  0.9977927  0.99835664 0.999564   0.9886749  0.99825543
 0.9998379  0.99995935 0.9989623  0.9973361  0.9971955  0.7260513
 0.99963653 0.9992367  0.9997863  0.9775557  0.99083835 0.9998535
 0.96651334 0.97147465 0.99707747 0.99196494 0.9889542  0.9872957
 0.9981468  0.84306383 0.9984126  0.9961259  0.99950945 0.9375024
 0.99696004 0.99978334 0.99772984 0.9998066  0.9850745  0.99751115]
[0.9957866  0.99342805 0.99872226 0.9997831  0.99961984 0.9876667
 0.9998079  0.99560404 0.99856454 0.99962616 0.9963617  0.9989188
 0.99979955 0.9999497  0.9918345  0.9892675  0.9982147  0.99480975
 0.9989742  0.9929767  0.99963355 0.99796426 0.9996896  0.99755436
 0.9945359  0.99563617 0.9998696  0.9847298  0.8380575  0.99438924
 0.9831218  0.9891236  0.97223073 0.9941607  0.9783587  0.99908423
 0.99886715 0.9996946  0.97092664 0.99982774 0.99560165 0.99731547
 0.99482924]
[0.9972047  0.98000985 0.9977761  0.99979955 0.99971086 0.98681635
 0.9998869  0.9980268  0.99833566 0.99888986 0.61499506 0.9796277
 0.9912798  0.9996389  0.9999571  0.99886405 0.9931057  0.9543965
 0.9997086  0.999073   0.9998005  0.84401435 0.99804914 0.9937131
 0.99987864 0.971017   0.9953062  0.98716694 0.9882924  0.9856161
 0.995804   0.9016098  0.9983936  0.9954738  0.9988809  0.9982835
 0.99958044 0.9997029  0.70361793 0.999734   0.98466325 0.9977036 ]
[0.9968695  0.9914927  0.99924266 0.9996853  0.9995216  0.9515403
 0.99971837 0.9982324  0.9993691  0.9994136  0.98549414 0.99615085
 0.7981109  0.9995265  0.99986684 0.9986129  0.68668616 0.7899669
 0.9967866  0.99971503 0.99913377 0.9997745  0.9983613  0.9984578
 0.9794261  0.99987376 0.97487915 0.74382484 0.9944766  0.9995134
 0.98769903 0.9882338  0.9986424  0.9759966  0.99925727 0.9792931
 0.9993199  0.9996456  0.99461836 0.99950266 0.96874624 0.99978095
 0.99251324 0.9969983  0.9886324 ]
[0.99861324 0.9939619  0.9992662  0.99979883 0.99953437 0.98243445
 0.9998523  0.9947909  0.9993061  0.99783283 0.96384865 0.99030775
 0.99829835 0.99979514 0.9999348  0.99861777 0.9989033  0.9933455
 0.99978584 0.9991142  0.99979025 0.9985607  0.99025446 0.9998543
 0.8226781  0.9850515  0.9970874  0.9890056  0.9873023  0.9860357
 0.9967109  0.95459926 0.99800736 0.9557063  0.99874544 0.9951361
 0.99975735 0.6259944  0.99962044 0.98851156 0.99668556]
[0.99874395 0.9782989  0.99668473 0.9998148  0.9996406  0.9917041
 0.9998945  0.9947019  0.9986375  0.9987281  0.9944707  0.92563796
 0.66977906 0.9982753  0.99963665 0.9999416  0.95750177 0.99896944
 0.98255783 0.9973623  0.9912053  0.99957997 0.99899226 0.9996019
 0.97442186 0.9967853  0.93031794 0.7336357  0.96447897 0.99718434
 0.9791723  0.9998889  0.989307   0.99768233 0.9691256  0.9986873
 0.9885981  0.9993594  0.9930715  0.9971783  0.99962187 0.99947053
 0.9998062  0.99791163]
[0.99834836 0.99544686 0.99430436 0.99981636 0.999634   0.9849445
 0.99987185 0.9939137  0.99906915 0.9899344  0.99405515 0.9763446
 0.99890816 0.99960595 0.9999212  0.9994654  0.9925599  0.9963148
 0.9864676  0.99957794 0.9993193  0.9996524  0.9916352  0.9981896
 0.9811801  0.99985266 0.9061163  0.8345293  0.9976743  0.9931363
 0.9884505  0.98764986 0.9986871  0.65293944 0.99345917 0.97955966
 0.99956983 0.9564353  0.99068516 0.99972075 0.9998074  0.5229689
 0.997127   0.99972004]
[0.9968354  0.98759913 0.99934775 0.99960655 0.99944454 0.9612039
 0.99986887 0.99669814 0.9987562  0.9989172  0.9866122  0.98886603
 0.9987436  0.99970716 0.9999522  0.9931878  0.9989172  0.99764675
 0.98487365 0.9997781  0.9997845  0.9895752  0.9985555  0.9998242
 0.99760616 0.8600609  0.9925851  0.9860345  0.98108333 0.99622923
 0.9842168  0.9989808  0.99544406 0.9990816  0.997544   0.9958255
 0.9998068  0.99461323 0.9997156  0.98605424 0.9979962  0.99062926]
[0.99865913 0.98386776 0.99926335 0.9998332  0.9997403  0.98437274
 0.99973005 0.9966556  0.99798656 0.9984598  0.8214571  0.997726
 0.99963784 0.9998951  0.998713   0.99762756 0.99853945 0.9891102
 0.9996624  0.9956852  0.9995165  0.9984829  0.99681705 0.9998274
 0.96548593 0.98811185 0.96688664 0.97409904 0.98262596 0.9813213
 0.9904615  0.9797421  0.9995498  0.9907023  0.99865    0.8972985
 0.98187953 0.9997478  0.9856726  0.99978083 0.9967366  0.99879825]
[0.9959637  0.98920864 0.9986363  0.9997856  0.9993206  0.9835496
 0.99987304 0.986211   0.9987627  0.9828324  0.9492265  0.9977284
 0.99264455 0.9983902  0.9996499  0.9999567  0.9988187  0.99370277
 0.99878854 0.98435336 0.99962664 0.9997272  0.98189557 0.9977545
 0.9973717  0.99982554 0.9231745  0.5206078  0.9796538  0.99057806
 0.9902288  0.99681395 0.9782853  0.99783486 0.99626786 0.99915004
 0.9967468  0.99974054 0.9984493  0.9998406  0.8871721  0.99858165]
[0.998823   0.99330807 0.9993629  0.99962854 0.99954826 0.94608456
 0.99989295 0.9981262  0.9990853  0.9995838  0.98318094 0.99765885
 0.91698015 0.9986444  0.99975425 0.99994016 0.8131373  0.995445
 0.9975255  0.98896945 0.99976534 0.99850345 0.99982315 0.8366839
 0.9984524  0.96489924 0.98777163 0.9596968  0.7774496  0.99764735
 0.99000275 0.99986243 0.99026406 0.98414004 0.99673563 0.9664454
 0.9985821  0.9919286  0.99941885 0.9548447  0.99343103 0.99955136
 0.99977666 0.9543599  0.9965049 ]
[0.997323   0.9904419  0.9981495  0.99979585 0.99972683 0.9803255
 0.9998385  0.9978629  0.9982187  0.9992111  0.99411523 0.98387074
 0.99886787 0.9996971  0.9999492  0.99852693 0.97664    0.99759513
 0.9780767  0.9996464  0.99940646 0.9997917  0.9761496  0.9981055
 0.9802675  0.9997367  0.8321298  0.91406894 0.9916455  0.99027705
 0.9923603  0.997531   0.82458186 0.998059   0.9907227  0.9993279
 0.9914527  0.99813664 0.9995297  0.9984816  0.5631596  0.9996445
 0.98092353 0.99298507]
[0.9962704  0.97187436 0.99625045 0.9998252  0.9994746  0.9917093
 0.99986136 0.99725276 0.9960218  0.9994337  0.9965205  0.9889733
 0.9949608  0.99979717 0.99991083 0.9915343  0.99912375 0.9760494
 0.9950954  0.97932315 0.99971384 0.99942374 0.9998099  0.9974571
 0.7666584  0.9683233  0.9726989  0.9981931  0.9562507  0.9997807
 0.97812027 0.9953499  0.8715744  0.9990783  0.99370474 0.9990471
 0.98309857 0.998285   0.99973685 0.99979013 0.9998149  0.91427726
 0.99363375]
[0.9990307  0.9942392  0.9988819  0.999861   0.9994684  0.98255414
 0.9998704  0.97986364 0.99931955 0.9993703  0.9973084  0.65416175
 0.99849236 0.9997665  0.99993515 0.9990301  0.9956037  0.9950133
 0.99940133 0.9978453  0.99974436 0.9970643  0.98655486 0.9984097
 0.9997627  0.99305904 0.9907657  0.99212366 0.9908557  0.99271166
 0.99601823 0.9940593  0.99655306 0.9972146  0.9986755  0.9993874
 0.99800366 0.9995819  0.99198854 0.9997229  0.8234374  0.99835724
 0.95820856]
[0.9982572  0.9916038  0.9993253  0.9998561  0.9997416  0.9907454
 0.999897   0.99826694 0.99768865 0.9996214  0.99320674 0.9984847
 0.99981624 0.9999435  0.9927752  0.99869627 0.9948836  0.9988985
 0.9727551  0.9996136  0.99773645 0.99955124 0.98705935 0.9991479
 0.9970938  0.9998099  0.99059874 0.9937403  0.98537976 0.98453254
 0.9987307  0.98018324 0.9967674  0.9944924  0.99889094 0.85036844
 0.96437716 0.9996855  0.9996358  0.99821174]
[0.99913824 0.99342453 0.99606496 0.99981135 0.99966323 0.9898671
 0.99984    0.9974119  0.9979632  0.99880075 0.9690976  0.9975883
 0.9997378  0.9999211  0.99861836 0.99372417 0.97381973 0.99978024
 0.999003   0.9996644  0.99737227 0.9824295  0.9998466  0.9328894
 0.9612917  0.99683493 0.9926524  0.9904327  0.9901365  0.99626714
 0.93804467 0.9978187  0.99503136 0.9993123  0.96799    0.99753463
 0.9997578  0.9995981  0.9997662  0.990076   0.9980592 ]
[0.997214   0.9812635  0.9983443  0.9998517  0.9994211  0.99325925
 0.99985063 0.9970067  0.997869   0.9988991  0.9870653  0.96395886
 0.998509   0.9997017  0.9999521  0.99935144 0.9920357  0.99374396
 0.9629761  0.99978274 0.9990513  0.9996294  0.99845004 0.97219896
 0.99984086 0.6811863  0.87443763 0.99604493 0.98432976 0.9936041
 0.55025035 0.9981185  0.9153904  0.99837023 0.9942855  0.99946576
 0.99097437 0.9968418  0.99975795 0.9991928  0.9996686  0.9869826
 0.9937921 ]
[0.9988292  0.99145186 0.9985819  0.99986553 0.9997185  0.9623155
 0.9998323  0.99858415 0.9990422  0.99926513 0.99263215 0.9984956
 0.99971205 0.99995756 0.9988858  0.9987411  0.97860295 0.99960274
 0.9983267  0.9997769  0.99804664 0.98836565 0.9997625  0.8522435
 0.996548   0.9522514  0.9930854  0.98767906 0.9882541  0.9975299
 0.9787839  0.9954646  0.99219185 0.9993697  0.9814394  0.99851066
 0.9995944  0.9952485  0.9997763  0.9641306  0.99833006]
[0.998458   0.9757968  0.9917401  0.9995433  0.99958783 0.9863848
 0.99979895 0.99463755 0.95519334 0.9950956  0.9966562  0.9939805
 0.99775946 0.99970454 0.99994886 0.9984459  0.9988747  0.99012786
 0.9997384  0.99934036 0.9998122  0.79039127 0.9977367  0.5512422
 0.99989414 0.96602863 0.9963282  0.97615844 0.9882609  0.98540443
 0.9979395  0.6170487  0.99734724 0.9650028  0.9991667  0.9461952
 0.9979803  0.9996393  0.9995689  0.7703759  0.99504    0.99988973]
[0.99704343 0.9826444  0.9981515  0.99975723 0.9995285  0.99033034
 0.9998652  0.99731916 0.9988368  0.99721885 0.9993788  0.9980742
 0.9997911  0.9999331  0.9855538  0.98274416 0.99920696 0.9994704
 0.99426335 0.9995882  0.9991327  0.9997125  0.99889284 0.9913054
 0.9998247  0.95054185 0.9875658  0.99459547 0.99453425 0.9750547
 0.97117573 0.99848807 0.9049949  0.9985233  0.98488206 0.9982475
 0.9991843  0.99270225 0.9971867  0.9995982  0.99908996 0.98366433
 0.99975985 0.9865936  0.9942826 ]
[0.9986767  0.99550676 0.99827814 0.99969804 0.99971265 0.99216884
 0.9999063  0.99532086 0.9862808  0.99962115 0.9718256  0.71212023
 0.9899879  0.99883336 0.99980265 0.9999442  0.9287496  0.9873789
 0.99880934 0.9933676  0.99602365 0.9454987  0.999713   0.998743
 0.99981004 0.92343426 0.9974337  0.97557336 0.99968505 0.89744186
 0.99651426 0.9820386  0.9954106  0.9896889  0.99674714 0.8369654
 0.9934731  0.99142295 0.99889815 0.9510459  0.9975811  0.99969125
 0.99917066 0.9666284  0.9996061  0.99022114 0.99673885]
[0.9929143  0.9804622  0.999148   0.99977404 0.99953806 0.9966474
 0.9998715  0.9986401  0.99924856 0.9996697  0.9013015  0.99872786
 0.9998198  0.9999311  0.9777535  0.9965565  0.9989152  0.9546671
 0.99382293 0.9872224  0.99963987 0.9997564  0.9878307  0.9948791
 0.9953896  0.999828   0.99259186 0.9965958  0.99339736 0.9853356
 0.9865459  0.9412999  0.99324036 0.9844897  0.99920315 0.9929559
 0.998909   0.58781    0.9988354  0.99978966 0.99546754 0.9997141
 0.99795014]
[0.9978283  0.98859406 0.997595   0.9997298  0.9995055  0.99216366
 0.9998896  0.9883564  0.9993156  0.9936999  0.6908301  0.96585363
 0.9980751  0.99973005 0.9999391  0.99864715 0.9974376  0.9798448
 0.9996012  0.9988424  0.9996871  0.9975641  0.9893171  0.8139582
 0.9487315  0.9967817  0.9924159  0.9890487  0.9873103  0.9972722
 0.8423911  0.998872   0.9913697  0.99988985 0.99876535 0.94845015
 0.9973537  0.9997266  0.9997478  0.5122805  0.9996481  0.9766763
 0.99758565]
[0.9976673  0.9750056  0.99948645 0.9998659  0.99955255 0.94477636
 0.999838   0.99901676 0.99883837 0.9902014  0.9994437  0.966624
 0.99866855 0.99674207 0.9999459  0.9244723  0.9993285  0.987998
 0.9964915  0.995226   0.9997172  0.99922967 0.99941075 0.97837317
 0.9990368  0.9743264  0.99956685 0.9960175  0.9799396  0.9955996
 0.98420817 0.9130393  0.99132127 0.9971848  0.9213855  0.99872917
 0.9848475  0.99933064 0.9720776  0.99971753 0.99973637 0.99120635
 0.996696   0.997472  ]
[0.99774915 0.9900518  0.9995834  0.99983835 0.99975055 0.9841174
 0.9998093  0.99679154 0.9979963  0.9989221  0.99606836 0.64503133
 0.9986589  0.99963796 0.9999411  0.69658417 0.67490786 0.9986958
 0.9774739  0.9973181  0.99117625 0.99952185 0.99871397 0.99981076
 0.9958118  0.9985077  0.9997701  0.89919895 0.98369837 0.99703443
 0.9896376  0.96842515 0.9861205  0.9946891  0.95335644 0.99897265
 0.9752263  0.99884087 0.9806998  0.9953767  0.9995833  0.9998155
 0.9915047  0.9955272 ]
[0.9922544  0.98874927 0.99939644 0.9998222  0.99970907 0.97726715
 0.9998529  0.99348193 0.9991779  0.9980934  0.9850861  0.9843031
 0.9986234  0.9996679  0.9999182  0.9922477  0.99923325 0.9980667
 0.9909718  0.99963236 0.9996505  0.9979619  0.9974497  0.99974483
 0.99535614 0.996338   0.9820218  0.99444467 0.98896116 0.99710673
 0.9181869  0.998637   0.99341017 0.999303   0.9902788  0.9952931
 0.99978167 0.978794   0.9996214  0.98415715 0.997698  ]
[0.998038   0.99433124 0.998415   0.9997906  0.99938333 0.991991
 0.99987245 0.9982653  0.9976432  0.9994117  0.9921571  0.53319114
 0.9990927  0.9997105  0.9999604  0.57383734 0.944666   0.99930465
 0.99954164 0.9912197  0.9983335  0.999724   0.9332824  0.9987552
 0.99089617 0.9125548  0.9842854  0.99474335 0.9906771  0.9998417
 0.9909151  0.9973514  0.9931987  0.96823263 0.9990213  0.9726341
 0.99942124 0.9878405  0.9706607  0.99945647 0.9988506  0.9986014
 0.9997899  0.9730234  0.9976667 ]
[0.99796224 0.99709165 0.999383   0.99969757 0.99935657 0.95025146
 0.9998765  0.99884427 0.9952394  0.9997199  0.99385816 0.9363849
 0.9981262  0.99981636 0.9999528  0.7275559  0.99888676 0.99792814
 0.95068157 0.99975437 0.99932444 0.999808   0.997357   0.9919125
 0.999806   0.68559414 0.9440506  0.9970722  0.98586965 0.9816087
 0.9912451  0.99716717 0.9785121  0.99812895 0.98443604 0.99897885
 0.99726164 0.99976057 0.9928873  0.9997278  0.97874075 0.99844354]
[0.9984641  0.99072355 0.9989911  0.99986005 0.9994229  0.98860675
 0.99986863 0.996799   0.9989982  0.99831665 0.9858401  0.5419115
 0.99411654 0.9984865  0.9998099  0.9999374  0.9988814  0.99076897
 0.9988714  0.97417325 0.9997799  0.99916327 0.9997509  0.9968631
 0.97807604 0.9998455  0.98429626 0.9943316  0.9406111  0.99317235
 0.95139515 0.9878863  0.99791294 0.9300044  0.996793   0.9873949
 0.99917454 0.99412185 0.9952129  0.99976283 0.9976164  0.9997013
 0.9768883  0.99754626]
[0.9977487  0.98636276 0.99885225 0.9998179  0.9996978  0.9622807
 0.99988425 0.9967583  0.9993143  0.9987998  0.9796325  0.99828017
 0.99974877 0.99992037 0.99906427 0.998139   0.9631102  0.9997472
 0.99884915 0.999713   0.80335724 0.9984276  0.93826425 0.9997938
 0.9414163  0.86759305 0.9972627  0.9801338  0.9909813  0.99626666
 0.97252446 0.99735045 0.9937441  0.9992224  0.8881618  0.9931619
 0.9996673  0.99131596 0.99980253 0.98919815 0.99736446]
[0.9982443  0.9823706  0.99910694 0.99970704 0.9997489  0.9720106
 0.9998784  0.9959341  0.99754995 0.99959534 0.98958266 0.9965078
 0.99985254 0.999938   0.9943861  0.9963965  0.98353714 0.9997601
 0.9995192  0.99789196 0.99751484 0.999747   0.98408395 0.99947804
 0.94405985 0.969927   0.98351026 0.98396724 0.9895991  0.99459934
 0.9646345  0.997143   0.9964593  0.77147496 0.99929976 0.99702233
 0.9996803  0.9943228  0.99962854 0.9800544  0.9985014  0.94731545]
[0.9952354  0.9749594  0.99939287 0.9995994  0.9994881  0.98228204
 0.9998791  0.9966168  0.99903893 0.9987717  0.98124814 0.84714264
 0.99969304 0.9996594  0.9999279  0.9969529  0.99755317 0.999265
 0.9945734  0.9992162  0.99688125 0.99968994 0.9987488  0.99099636
 0.9996697  0.9345029  0.9929427  0.98065704 0.9822483  0.995141
 0.8857385  0.9686942  0.97226465 0.99741673 0.9992298  0.9926317
 0.99971455 0.99170625 0.99968576 0.99585235 0.9975049  0.9705777 ]
[0.9982595  0.9882609  0.99867743 0.99983776 0.9994771  0.9825503
 0.9998708  0.9905105  0.99902534 0.99830365 0.987965   0.99831617
 0.99753404 0.99973816 0.99993527 0.8961958  0.9987324  0.99798584
 0.98626745 0.9998073  0.9996362  0.99737775 0.9976398  0.99759275
 0.99972504 0.9901534  0.99618286 0.9912588  0.98318094 0.98835677
 0.98299545 0.99629396 0.96678716 0.9984029  0.9857296  0.9990742
 0.97788006 0.99764603 0.99956447 0.98915523 0.99981767 0.9524148
 0.99712676]
[0.9971449  0.98883843 0.9987709  0.99968016 0.99938166 0.9466787
 0.99988484 0.99563205 0.9991072  0.99772877 0.9846815  0.9989905
 0.9996935  0.99993515 0.8092742  0.998126   0.98659825 0.9765877
 0.999554   0.9991573  0.99968314 0.96405834 0.9979395  0.9157275
 0.99984264 0.97669786 0.9686572  0.99561983 0.98132205 0.98717344
 0.98918766 0.99579644 0.9904157  0.99889    0.9972806  0.99916816
 0.9792052  0.9971033  0.9996049  0.9996797  0.9859826  0.9976987
 0.9191905 ]
[0.99721164 0.9961987  0.99766064 0.9997805  0.9995065  0.97370785
 0.99985456 0.99824846 0.9982168  0.99918705 0.99920696 0.71059823
 0.98322564 0.9998522  0.9998062  0.99992514 0.9990791  0.99858284
 0.9559388  0.99817073 0.993962   0.9996861  0.9988741  0.9998172
 0.9871405  0.99797803 0.99904877 0.99985015 0.68398136 0.99819845
 0.98273003 0.98784095 0.99512887 0.9330283  0.9966266  0.96848476
 0.9987374  0.99687433 0.97751576 0.99402916 0.99979824 0.9992919
 0.9898783  0.99965715 0.9807164  0.99666864]
[0.9966947  0.9904169  0.99826694 0.99962497 0.9995772  0.9970099
 0.99987364 0.9941307  0.9982893  0.9958288  0.99227107 0.81133616
 0.999113   0.9996406  0.9999213  0.9971193  0.999252   0.9975024
 0.9826052  0.999201   0.9983448  0.99963665 0.99648774 0.9964096
 0.9998779  0.9954845  0.9089718  0.99598676 0.98461074 0.5312084
 0.99150264 0.994639   0.67310107 0.9988595  0.9970739  0.999567
 0.76204574 0.9950206  0.9998161  0.99980897 0.9982765  0.9997104
 0.9879628  0.9984658 ]
[0.9983765  0.99235934 0.99719125 0.999828   0.99969363 0.9884356
 0.999778   0.99902546 0.9978275  0.99953437 0.99678385 0.9978269
 0.9996277  0.99992955 0.9990959  0.9975026  0.968529   0.9996766
 0.9990176  0.9997173  0.85256606 0.9980229  0.9866714  0.9999008
 0.84867823 0.9916978  0.92016894 0.99295455 0.9865427  0.98829275
 0.99513066 0.94436795 0.99415743 0.9943877  0.99950814 0.9955728
 0.9987991  0.9995577  0.9992415  0.99967206 0.9789039  0.99720985]
[0.99858224 0.97909296 0.99927026 0.9998253  0.9997402  0.98911744
 0.9998437  0.9986047  0.9984907  0.9995246  0.9957455  0.99415356
 0.9965994  0.9996191  0.99995494 0.9994997  0.9989484  0.99636793
 0.99965024 0.97328824 0.99967074 0.9979937  0.99529076 0.9997259
 0.96062636 0.97707736 0.75452524 0.98843575 0.97538745 0.9861013
 0.99665064 0.9298588  0.9986243  0.59666955 0.99902153 0.9984457
 0.9997143  0.9981079  0.9997578  0.63833183 0.9967464 ]
[0.99873227 0.98609215 0.9977024  0.9996332  0.99957126 0.9825218
 0.9998752  0.99582434 0.99622077 0.9992015  0.9834568  0.98001087
 0.9918182  0.9997297  0.9999492  0.99917525 0.9780471  0.99786395
 0.78347987 0.9996325  0.99941146 0.99982435 0.9962656  0.9884765
 0.9997024  0.6923092  0.99674326 0.93562937 0.58493394 0.9841775
 0.99564314 0.9164999  0.9991001  0.97411525 0.9974642  0.9970987
 0.98414326 0.99763155 0.99983966 0.9996     0.9940905  0.99965036
 0.94790804 0.9956988 ]
[0.99818426 0.9944518  0.999005   0.9997521  0.99969304 0.98727024
 0.9997799  0.9982886  0.9977646  0.9989637  0.9720105  0.9992836
 0.99977463 0.9999541  0.9950572  0.90122545 0.9990097  0.9837659
 0.99678123 0.96044654 0.99962413 0.98792726 0.9997577  0.9966383
 0.99474454 0.99972314 0.9952211  0.99422437 0.9831633  0.9775767
 0.9845174  0.9902383  0.96319646 0.9986305  0.9964456  0.9993352
 0.95840037 0.99892825 0.99979895 0.9878869  0.9998104  0.973278
 0.99801207]
[0.99548435 0.98192275 0.9987225  0.9998252  0.9991844  0.96201897
 0.9997781  0.99889165 0.99883467 0.99964166 0.9985306  0.99879575
 0.9972875  0.99968207 0.99996185 0.9997402  0.9986059  0.7183138
 0.995291   0.8225572  0.9995635  0.9993862  0.9998217  0.60531604
 0.9974497  0.9844163  0.9998579  0.898653   0.9890231  0.99811745
 0.9852293  0.9906921  0.9876138  0.9974056  0.97708094 0.9989342
 0.9912077  0.99305445 0.99218726 0.9979182  0.99981374 0.9998394
 0.99165875 0.9981426 ]
[0.99729496 0.992113   0.99693716 0.9996344  0.9996333  0.9840746
 0.9999013  0.99827015 0.99910694 0.9991559  0.7612771  0.98764044
 0.9981273  0.99983644 0.9999418  0.9778311  0.9982855  0.99711275
 0.9776714  0.9997615  0.9991505  0.99963903 0.9534532  0.9987936
 0.99988604 0.9670803  0.9660256  0.99666685 0.9800795  0.95385283
 0.98488474 0.9990885  0.94146156 0.9989856  0.99532276 0.9994141
 0.9556226  0.98479503 0.99973506 0.9989606  0.99977845 0.98659956
 0.99739957]
[0.99730057 0.98438925 0.9991334  0.9996381  0.9996081  0.96503764
 0.99989045 0.9990619  0.99732816 0.9997656  0.9902722  0.5598266
 0.9865459  0.99581903 0.9996884  0.99994266 0.9989838  0.9941204
 0.76169175 0.99965096 0.99889636 0.9997589  0.9967783  0.9792666
 0.9998603  0.9738004  0.99638915 0.9914443  0.98245436 0.98998004
 0.99795306 0.9632208  0.9986817  0.99581355 0.9991053  0.95024705
 0.9984199  0.9995327  0.9996817  0.99805707 0.93231267]
[0.99723333 0.9741589  0.9987968  0.9997967  0.999521   0.98874426
 0.99989045 0.996872   0.9988133  0.9992488  0.94901484 0.85587674
 0.9984347  0.9997665  0.9999249  0.99915993 0.99754745 0.9645934
 0.9995128  0.9990884  0.9997595  0.9954882  0.9875257  0.9998103
 0.86635405 0.9473101  0.9963588  0.9819957  0.98565257 0.98574334
 0.99388593 0.89421254 0.9988758  0.99261546 0.9993881  0.98524296
 0.9988305  0.9997061  0.99967694 0.9792269  0.997024   0.996403  ]
