Mprobs for dataset 2 (BIC) (Mean-Field)

[0.9697038  0.91247904 0.99449027 0.99334186 0.9975625  0.85931313
 0.99872714 0.99097604 0.9799344  0.9966355  0.7244758  0.9247173
 0.7800598  0.97717446 0.9983175  0.9990891  0.894003   0.9956594
 0.97657734 0.96222067 0.99747926 0.94759893 0.99744    0.9672522
 0.9418664  0.7977209  0.91140616 0.9914541  0.8417421  0.9344142
 0.94486886 0.98437285 0.97040135 0.9844779  0.81727535 0.9971722
 0.9808785  0.95632726 0.99552083 0.9983144  0.98161006 0.5967085
 0.9985153  0.95914483 0.91904783 0.990559  ]
[0.9562859  0.9328304  0.99086833 0.9928108  0.99759007 0.91843927
 0.9989518  0.9796321  0.9928127  0.9879061  0.7723101  0.8756195
 0.70511657 0.79693    0.9962134  0.99840015 0.9953312  0.51796573
 0.96013093 0.9721924  0.99867564 0.88836765 0.99491334 0.9865146
 0.92194885 0.99720615 0.8524029  0.9873099  0.873334   0.9627168
 0.87019795 0.9879103  0.95873094 0.97705245 0.9520548  0.9833784
 0.9421325  0.99368507 0.9976655  0.9929716  0.5570096  0.99891627
 0.9423453  0.9908511 ]
[0.96686226 0.94590944 0.97637457 0.982949   0.9965765  0.9320419
 0.99901867 0.9631363  0.96076924 0.97178113 0.9131899  0.75967
 0.7812528  0.9949432  0.9991285  0.8614375  0.57070446 0.9953762
 0.57911843 0.9826019  0.96518266 0.9982363  0.95343673 0.9960204
 0.97308344 0.95581454 0.8371724  0.98559225 0.84941334 0.99791235
 0.9746756  0.9495491  0.9810184  0.9313436  0.9827989  0.89526594
 0.98332745 0.9603392  0.987906   0.9976949  0.5914136  0.998741
 0.8336645  0.9523809  0.98309636 0.9993259 ]
[0.9078979  0.93835336 0.9973411  0.99187416 0.9973086  0.8503468
 0.99875927 0.9908125  0.9871516  0.9944396  0.6153957  0.87601924
 0.7409783  0.99556714 0.998681   0.99056786 0.5169428  0.9329963
 0.9912629  0.99731773 0.5345293  0.99612963 0.94272286 0.98271346
 0.92264944 0.92959934 0.91026086 0.989892   0.94199675 0.998207
 0.92566985 0.929124   0.9908715  0.9655187  0.9836843  0.9590682
 0.98473585 0.98616195 0.98712224 0.9984291  0.752522   0.9988967
 0.9396602  0.9868858  0.6020919 ]
[0.9986871  0.9936633  0.99006045 0.9998524  0.9997181  0.99417984
 0.9998809  0.99053955 0.9980843  0.9945102  0.96627253 0.99588156
 0.9997378  0.999936   0.9971636  0.91324395 0.9229875  0.99935263
 0.9994112  0.99801034 0.9980788  0.99976295 0.8560557  0.99647766
 0.9765767  0.9781567  0.9953426  0.9921261  0.97364306 0.9979468
 0.503379   0.9993917  0.9980463  0.9995542  0.9995969  0.978685
 0.9997814  0.9739127  0.9983014 ]
[0.99820054 0.9932681  0.99472046 0.99984    0.9994785  0.9945911
 0.999782   0.998844   0.9943355  0.9995036  0.8994096  0.976626
 0.99969876 0.99995506 0.99892694 0.99810624 0.96309066 0.99965954
 0.9988489  0.99963796 0.9981456  0.98446345 0.99977833 0.9061357
 0.9906061  0.8579978  0.97255445 0.9971271  0.9029601  0.99690574
 0.9701891  0.99932504 0.98615485 0.99973434 0.9996629  0.9969451
 0.99968123 0.94623595 0.9961719 ]
[0.9984376  0.9916632  0.9973658  0.99984837 0.9996605  0.99534297
 0.9997856  0.9949537  0.99848914 0.9976793  0.7977332  0.99958724
 0.99994504 0.9991597  0.99668056 0.992376   0.99963284 0.9994357
 0.9995189  0.99885654 0.9998343  0.99609214 0.88187534 0.97892886
 0.9861501  0.9980362  0.8645589  0.99842715 0.9939224  0.9993709
 0.93824023 0.9839002  0.9997118  0.99939597 0.99973077 0.99805474]
[0.9960311  0.98932195 0.998801   0.9997013  0.99968743 0.99066764
 0.9998104  0.99674606 0.9990264  0.9989962  0.9841435  0.9998229
 0.99992466 0.998582   0.9983436  0.9911732  0.93718773 0.9997205
 0.9995728  0.9917208  0.99755484 0.9994394  0.9962025  0.99625754
 0.92064786 0.9843709  0.9864514  0.9982761  0.9228168  0.9970741
 0.99460995 0.99899334 0.99160355 0.9938412  0.9996669  0.99977046
 0.9973068 ]
[0.9984511  0.976585   0.9966425  0.999841   0.9995969  0.9966253
 0.99987173 0.99546945 0.9985869  0.9987098  0.99621874 0.86212623
 0.99974495 0.999956   0.9987668  0.9904336  0.9992055  0.9967719
 0.9995234  0.99970466 0.99713874 0.99718636 0.99986315 0.9876913
 0.9706796  0.5442047  0.95287085 0.98773175 0.9811901  0.9986077
 0.99235415 0.99928856 0.9984682  0.99969685 0.9990508  0.9845709
 0.99970156 0.9977323 ]
[0.9988519  0.9933442  0.9972277  0.9997414  0.99954706 0.9920787
 0.9998078  0.99892265 0.9934523  0.99965215 0.75834835 0.83039886
 0.9996376  0.9999279  0.9986823  0.99788636 0.98715556 0.99955195
 0.99891555 0.9996086  0.94375557 0.9976864  0.99985266 0.95382124
 0.9881819  0.6022985  0.96159756 0.97947913 0.9960316  0.9392577
 0.9979226  0.9881473  0.99919254 0.9967     0.9995957  0.99944955
 0.9839041  0.99973494 0.99131143 0.9982944 ]
[0.9981439  0.9890442  0.99920183 0.9997584  0.999673   0.9622761
 0.9998313  0.99612075 0.9990269  0.99883956 0.9958948  0.99979645
 0.99991596 0.9989047  0.9969926  0.9797968  0.9993255  0.9995746
 0.99776924 0.99835545 0.9997819  0.9630474  0.9880656  0.5835732
 0.9428678  0.97020376 0.99482024 0.9535705  0.99901557 0.9952868
 0.9994203  0.99460274 0.9996413  0.9996964  0.98462546 0.99553984
 0.98527825]
[0.9984919  0.99305785 0.9978326  0.99984634 0.9994967  0.99272513
 0.99977237 0.9976025  0.9934982  0.9987845  0.7317314  0.9996165
 0.99992776 0.99906296 0.9985777  0.9872186  0.9994295  0.99234515
 0.9993253  0.99957854 0.9983444  0.9966487  0.9997993  0.9596532
 0.99161595 0.9858871  0.9970771  0.8764961  0.9977748  0.9874177
 0.99942386 0.98723257 0.9939137  0.99951863 0.99948114 0.9997845
 0.9967283 ]
[0.99709654 0.9803672  0.99688894 0.9997099  0.9995727  0.9852373
 0.9998946  0.9987154  0.998782   0.9990883  0.9979513  0.99658066
 0.99774975 0.9996942  0.9999511  0.9994222  0.9929033  0.5156553
 0.9995172  0.9997701  0.9677569  0.9979128  0.9998963  0.9809842
 0.99682885 0.98777467 0.9963258  0.9737922  0.9988708  0.7844564
 0.9962555  0.99304765 0.99903023 0.99794954 0.9967122  0.9995677
 0.99930656 0.9995838  0.99694794]
[0.9988827  0.9947449  0.9986607  0.9998242  0.9996245  0.9870275
 0.9998498  0.9982529  0.9976489  0.9993906  0.69064164 0.99956733
 0.9999478  0.99907136 0.9978841  0.7777624  0.99963176 0.998841
 0.9997546  0.9958495  0.9998104  0.9955817  0.66797835 0.973976
 0.9941369  0.9653898  0.99917465 0.95451415 0.9993968  0.99853957
 0.9995666  0.99767226 0.99960536 0.9971444 ]
[0.9979924  0.9848518  0.99552923 0.9997397  0.99974304 0.9823229
 0.9998354  0.99803835 0.9918248  0.9988851  0.9958333  0.95518166
 0.9996245  0.9998958  0.9974026  0.99902296 0.999228   0.99504787
 0.999355   0.9993136  0.99930286 0.9972869  0.99971503 0.99450487
 0.98204654 0.98707205 0.9666345  0.9953343  0.72072417 0.9980081
 0.8042262  0.9986595  0.9858116  0.99760085 0.9997943  0.999716
 0.9996886  0.99608165]
[0.9991192  0.99603635 0.99449784 0.9998172  0.9997633  0.990378
 0.99985623 0.99170893 0.99862826 0.99185044 0.98924154 0.71513915
 0.9997713  0.9999105  0.999281   0.99722123 0.97178864 0.9996737
 0.9990796  0.9997564  0.99594146 0.999708   0.69197476 0.9922483
 0.8430128  0.97670573 0.9710887  0.9973936  0.9809281  0.9986701
 0.95018536 0.9995253  0.99830025 0.99963784 0.9996265  0.9998307
 0.9585257  0.99721956]
[0.9969848  0.994255   0.99852717 0.9998627  0.99958843 0.9625485
 0.9998734  0.9980179  0.9956844  0.9995492  0.997736   0.9996284
 0.9999225  0.9984863  0.9972765  0.9441545  0.9993349  0.99966145
 0.9902316  0.9965237  0.99700636 0.99973947 0.98911804 0.99760336
 0.99535215 0.91084635 0.9973322  0.98804307 0.9979978  0.9744994
 0.9990663  0.8368334  0.9980786  0.99585944 0.9967039  0.9998609
 0.9877851  0.9996439  0.99839896 0.99849975]
[0.99876547 0.97087866 0.9970114  0.9996649  0.9995604  0.98904324
 0.9997589  0.998431   0.9971554  0.9996208  0.98296803 0.8457784
 0.99982506 0.9999294  0.9986351  0.98622155 0.79107726 0.99956745
 0.9995148  0.9885799  0.9980715  0.9956529  0.9998609  0.99650747
 0.99300534 0.8927533  0.98756623 0.98100084 0.99812156 0.8930689
 0.9987404  0.997165   0.99934536 0.8860914  0.9951711  0.99975854
 0.9996954  0.9998311  0.99669254]
[0.99866676 0.99414474 0.9989316  0.99977726 0.9995041  0.97415483
 0.9998963  0.9988159  0.99810624 0.99945706 0.9297971  0.9915692
 0.9996325  0.9999207  0.9994661  0.7272016  0.99809676 0.98158306
 0.9995478  0.99845886 0.9997341  0.99543744 0.9859373  0.9998449
 0.5077108  0.99560696 0.9821666  0.97665817 0.9920407  0.942428
 0.9985689  0.9957628  0.9991934  0.9983437  0.99958855 0.9997875
 0.99630404]
[0.99868625 0.99448663 0.9978052  0.99979204 0.99955183 0.98946124
 0.99988794 0.99830985 0.9939539  0.99918205 0.96836656 0.91471034
 0.99949014 0.9999325  0.99892837 0.99508166 0.9561696  0.9996037
 0.9997003  0.99758506 0.99841785 0.9982174  0.9998091  0.98708785
 0.9928703  0.9637833  0.672037   0.9975435  0.9987205  0.9938262
 0.9977197  0.9957761  0.99980503 0.999721   0.9997625  0.9896633
 0.99789065]
[0.99863297 0.99056    0.9938228  0.9996525  0.9995466  0.9807068
 0.99987435 0.9914056  0.9981092  0.9909752  0.6964465  0.9995535
 0.9999254  0.9988379  0.99180263 0.9814136  0.99963367 0.9989753
 0.9996878  0.99806935 0.940261   0.9998362  0.99380714 0.89874816
 0.52308744 0.97448254 0.99645585 0.7261757  0.9988644  0.9953746
 0.9987997  0.9968526  0.9997768  0.99975365 0.99976844 0.9972005 ]
[0.99811375 0.9950517  0.9971565  0.9998354  0.9995733  0.98975277
 0.99983144 0.9987943  0.9949115  0.9994498  0.99981505 0.9998915
 0.99329066 0.9991059  0.9983327  0.99905306 0.7263882  0.9994313
 0.9997571  0.99559    0.99797314 0.9998449  0.99026847 0.8512627
 0.9971283  0.9988661  0.9969338  0.9980015  0.9990306  0.9546452
 0.99934155 0.9855989  0.99504364 0.9995976  0.99901116 0.99964666
 0.9937749 ]
[0.9989513  0.9891657  0.99235195 0.9997688  0.99937314 0.9905167
 0.9998672  0.9815363  0.99823797 0.9984054  0.9995832  0.99991274
 0.9968892  0.990489   0.98810357 0.9992693  0.999466   0.99961
 0.99861324 0.99861705 0.9990676  0.9998454  0.99245375 0.99966216
 0.99542564 0.98588526 0.99877816 0.9968966  0.9580935  0.9897866
 0.99201924 0.99928075 0.9158301  0.98575354 0.99966    0.9996929
 0.99974495 0.995304   0.9987471 ]
[0.9980856  0.98475456 0.9984939  0.99973196 0.99945873 0.9796735
 0.99989414 0.98840547 0.99799335 0.9942433  0.987793   0.8604389
 0.99952245 0.999874   0.9984811  0.99955636 0.9840125  0.999366
 0.99901164 0.99966204 0.9959292  0.99786747 0.9997141  0.9727998
 0.9937668  0.9153005  0.99652255 0.993489   0.9920237  0.72288567
 0.98657435 0.99777526 0.9993123  0.9987251  0.9996517  0.99928087
 0.99256176 0.9995832  0.98206115 0.9981255 ]
[0.99780697 0.99672    0.99674004 0.9997904  0.99949265 0.997623
 0.99977905 0.9951982  0.9796825  0.9943989  0.9998031  0.99994767
 0.9990688  0.99946624 0.9792645  0.9996138  0.9994848  0.9996723
 0.9974687  0.99455947 0.99941766 0.99884003 0.99255764 0.9795772
 0.9972007  0.69554836 0.9945669  0.99979264 0.9490375  0.99833775
 0.99966    0.9997069  0.999553   0.99925333 0.99450463]
[0.9981982  0.98984176 0.9984835  0.9998554  0.9995807  0.9866687
 0.9998512  0.9971302  0.99881977 0.999574   0.9978333  0.9997211
 0.99993217 0.99823403 0.9978859  0.99968326 0.9993241  0.99975497
 0.99378794 0.99848396 0.836319   0.99982905 0.9992316  0.614437
 0.6878607  0.98261917 0.9676107  0.9878221  0.99930894 0.9989895
 0.9638089  0.99957687 0.94153607 0.99062526 0.99974245 0.9971745 ]
[0.998941   0.990209   0.9949858  0.9996779  0.99973136 0.98680913
 0.9998301  0.99898213 0.99313015 0.9996395  0.8656843  0.99973613
 0.99990404 0.99786747 0.99786973 0.98486865 0.99945706 0.99933606
 0.99977523 0.99756587 0.9998103  0.891803   0.9952075  0.57293975
 0.9744845  0.9971437  0.96103233 0.9990638  0.98193985 0.9991134
 0.9927079  0.99956185 0.9996865  0.99970895 0.99783903]
[0.99893075 0.9864661  0.99764085 0.9997124  0.9996125  0.9820157
 0.9998821  0.99838626 0.99865794 0.9991856  0.99709904 0.99748284
 0.99958533 0.9999455  0.99899775 0.8860828  0.9968526  0.9995029
 0.9994529  0.99468803 0.9984231  0.9998091  0.93101263 0.5873568
 0.98810464 0.9893668  0.98317945 0.99297285 0.92140335 0.97781086
 0.9992213  0.9986695  0.9977672  0.99975365 0.9996891  0.9996376
 0.99790585]
[0.998509   0.9848791  0.99732345 0.99972385 0.9995797  0.96759194
 0.9998821  0.9940612  0.99931777 0.9978765  0.84001297 0.99959534
 0.9999037  0.9988765  0.9942736  0.98726636 0.99961674 0.99883586
 0.9997036  0.99851817 0.84188247 0.90882784 0.99125355 0.8252623
 0.9997949  0.9799905  0.99827754 0.987566   0.9987556  0.99054587
 0.9992853  0.99131584 0.9997609  0.9996377  0.99788815 0.99801886]
[0.9988997  0.9929329  0.99905163 0.9998418  0.9997298  0.97860205
 0.99988306 0.99894243 0.9983133  0.9996019  0.8581812  0.9998154
 0.999905   0.9993839  0.9949778  0.97238266 0.99938023 0.99882144
 0.9997565  0.99578947 0.99978524 0.9815068  0.995531   0.6426041
 0.96860147 0.995568   0.9567197  0.999236   0.99497074 0.9994351
 0.9952317  0.999637   0.99979335 0.99673456]
[0.9973225  0.9944876  0.9981407  0.99985504 0.99960107 0.99700576
 0.99989736 0.99560285 0.9990977  0.99716645 0.9150069  0.99976367
 0.99991095 0.9988348  0.9984921  0.9833418  0.9997447  0.9993331
 0.99979895 0.9986059  0.9998548  0.9948242  0.9303527  0.9802413
 0.96738094 0.99763846 0.828317   0.99761105 0.9834362  0.9987412
 0.9866323  0.99970573 0.99914    0.99973255 0.97333187 0.995436  ]
[0.99740124 0.96986985 0.99818975 0.9998118  0.9996196  0.9795441
 0.9998604  0.9971008  0.9958633  0.99904066 0.99577314 0.99971586
 0.99989426 0.9991903  0.9972908  0.7744295  0.9933297  0.9992508
 0.99980944 0.99874806 0.9810755  0.99731123 0.8694414  0.999699
 0.9695674  0.99750096 0.56743354 0.9988219  0.99403507 0.99957114
 0.995824   0.99235064 0.99964285 0.9994373  0.9997305  0.9943733 ]
[0.99877375 0.98314625 0.9978263  0.9998047  0.9997043  0.9874746
 0.999813   0.99717796 0.99588495 0.99923277 0.991861   0.6133546
 0.99808794 0.99991727 0.99919695 0.9998217  0.99221957 0.9831266
 0.9990802  0.9996208  0.99611664 0.9980082  0.9998305  0.99139786
 0.9951232  0.67615914 0.9837803  0.95552874 0.9942274  0.86724424
 0.99618286 0.99742234 0.9993593  0.9981944  0.9996922  0.9996929
 0.9996214  0.99962485 0.99517447]
[0.9986124  0.9953857  0.99802434 0.9998567  0.9996202  0.9891558
 0.9999038  0.99448484 0.99798584 0.99052703 0.9818555  0.9997309
 0.9998627  0.91821104 0.9985825  0.99146605 0.992898   0.99960035
 0.99932003 0.9996916  0.99670225 0.9995678  0.9791987  0.99874675
 0.92091054 0.97735286 0.9985879  0.66122246 0.99861395 0.99650854
 0.99940276 0.81432265 0.98753697 0.9995943  0.9979736  0.99703026
 0.9997297  0.99431014]
[0.99810755 0.99204284 0.99792767 0.9997396  0.9994604  0.98828286
 0.99978346 0.99746656 0.99885476 0.9981495  0.99756986 0.999724
 0.99981445 0.9969447  0.99715745 0.61091954 0.99939585 0.9997794
 0.97434175 0.997951   0.9998202  0.9978884  0.99815243 0.9743036
 0.9735615  0.99626595 0.7909364  0.99775946 0.9942029  0.99912995
 0.9896171  0.997664   0.9996455  0.9995303  0.99979717 0.9859591 ]
[0.9970373  0.98760056 0.99888045 0.99983597 0.9995277  0.97732294
 0.9998654  0.99810827 0.9979267  0.998934   0.99744475 0.9996406
 0.9999478  0.99879277 0.99773264 0.9846073  0.9993685  0.99672675
 0.99956256 0.87786037 0.99745566 0.99596417 0.9996797  0.98532736
 0.99583936 0.9971317  0.9897063  0.9877943  0.9949544  0.9774474
 0.9987589  0.99898916 0.9934323  0.9372939  0.99969053 0.9997279
 0.9976458 ]
[0.9990233  0.9955877  0.9923349  0.99975425 0.9997459  0.9941791
 0.9998809  0.9960223  0.99599934 0.9988432  0.93407166 0.9963413
 0.9995621  0.9999145  0.75413054 0.9981602  0.9995363  0.9989672
 0.9995914  0.99827147 0.9998336  0.521091   0.9129117  0.99518484
 0.9919922  0.995799   0.9986053  0.9558253  0.9988368  0.999276
 0.99819046 0.9862299  0.9996222  0.9997054  0.99964714 0.9973143 ]
[0.99842787 0.9623327  0.99743456 0.99983466 0.9997576  0.9772714
 0.9998031  0.99685633 0.9989411  0.9979233  0.99516726 0.781327
 0.9998078  0.9999137  0.99785113 0.9923649  0.9893867  0.99962246
 0.9993319  0.9998031  0.99841475 0.9997234  0.98362505 0.9929442
 0.8308596  0.9848091  0.98130465 0.9980293  0.81620973 0.9976235
 0.9971848  0.99935895 0.9929975  0.9996691  0.99933416 0.99970067
 0.99770856]
[0.99900997 0.9903888  0.9993881  0.9998305  0.99976665 0.9871335
 0.9998499  0.9933996  0.9992524  0.99654776 0.9009806  0.99976104
 0.99992836 0.9986278  0.99724895 0.9893662  0.99967754 0.99867046
 0.99971265 0.99604815 0.9443396  0.9996867  0.9960239  0.7665289
 0.9164284  0.9764746  0.99417144 0.9174344  0.99858814 0.9962745
 0.99917054 0.99645007 0.9997824  0.99969137 0.9814099  0.99708134]
[0.9977642  0.98902684 0.9992889  0.99980134 0.99967    0.9509993
 0.99988556 0.9987649  0.9976418  0.9996215  0.9840926  0.99841547
 0.99967074 0.9999238  0.99834085 0.99848586 0.99970454 0.9988269
 0.9994597  0.9131613  0.9937807  0.9995227  0.98954564 0.9926864
 0.97400814 0.9988016  0.94731414 0.9984825  0.97351915 0.9995683
 0.9994215  0.9919843  0.99283844 0.9996946  0.99980575 0.98513806
 0.99713755]
[0.9989754  0.98319525 0.9990056  0.99975616 0.9996668  0.9758675
 0.99984765 0.9983777  0.9976095  0.9994679  0.8866809  0.9997255
 0.99990034 0.98899126 0.9993211  0.9937692  0.93458056 0.99962914
 0.9992078  0.9997969  0.9947273  0.99984896 0.70683765 0.8273876
 0.98104125 0.99001825 0.95369565 0.9984775  0.99416333 0.9990114
 0.8030663  0.9983866  0.9997024  0.9996716  0.997068   0.99660885]
[0.99765354 0.9638161  0.99784005 0.9996985  0.9996977  0.9966648
 0.9997601  0.9959584  0.998486   0.9925136  0.9984744  0.99976915
 0.9999174  0.528514   0.9985385  0.998857   0.9952668  0.999694
 0.99948657 0.99701655 0.9996549  0.99702543 0.9947615  0.96347815
 0.83607864 0.9846447  0.9975535  0.8791596  0.99669194 0.9966126
 0.99831796 0.9992582  0.99880946 0.9993672  0.9996018  0.9968497
 0.99981457 0.98860174 0.99606884]
[0.99811745 0.9959245  0.99796414 0.9997826  0.9995908  0.97231525
 0.9998474  0.99853265 0.99924386 0.9994916  0.83813936 0.9893729
 0.99969316 0.9999063  0.9945016  0.99794966 0.9970438  0.9250301
 0.9992204  0.9995307  0.9987212  0.9961158  0.9998727  0.96464854
 0.9941135  0.9971143  0.99529064 0.9888813  0.99909437 0.97325915
 0.9992361  0.9886708  0.999622   0.9996735  0.99883395]
[0.9987847  0.99459404 0.9922679  0.99983037 0.9997074  0.99004984
 0.9998418  0.9970797  0.99084973 0.9995541  0.98655534 0.5452301
 0.93539405 0.9805878  0.99958855 0.99989915 0.9983695  0.5506096
 0.9993949  0.9996176  0.9983883  0.9971367  0.99968207 0.5771943
 0.9967399  0.6436582  0.9708737  0.9946331  0.9982652  0.9420018
 0.9988147  0.99859065 0.99786085 0.9915656  0.99979395 0.9996182
 0.9998192  0.9955426  0.9984269 ]
[0.99773777 0.98969907 0.9985512  0.9998355  0.9997284  0.9720232
 0.99986863 0.99810386 0.9993581  0.9993887  0.9803099  0.9827838
 0.9997254  0.9999273  0.9987344  0.98743033 0.8106831  0.9995751
 0.9990004  0.99964726 0.9965694  0.9998553  0.996007   0.973457
 0.9700444  0.98610175 0.9954079  0.95889753 0.99868566 0.99698406
 0.998979   0.99481106 0.9997032  0.9996213  0.9314385  0.99703526]
[0.9975885  0.99601233 0.99867105 0.9998264  0.99936944 0.97630286
 0.9998068  0.99808574 0.9991903  0.99930775 0.69081306 0.99984276
 0.9999033  0.9992142  0.99821293 0.9868896  0.99940073 0.99951637
 0.9997602  0.99698573 0.96204776 0.9969169  0.81285536 0.99982566
 0.9797044  0.99683064 0.96434635 0.9991172  0.98507327 0.9994655
 0.6807357  0.9944055  0.9996786  0.999808   0.99170494 0.9975241 ]
[0.99781406 0.9811968  0.99819946 0.9996619  0.99929523 0.97255313
 0.99981695 0.99841166 0.99677104 0.9988121  0.9818277  0.66026425
 0.9842812  0.9678082  0.9997533  0.99988353 0.998582   0.99781775
 0.6791372  0.99950016 0.998765   0.99964356 0.9987903  0.9998264
 0.9829116  0.998315   0.59448695 0.99878913 0.9949478  0.9992955
 0.99500895 0.99976546 0.9996866  0.99971515 0.9966987 ]
[0.99897516 0.99060655 0.9907498  0.99980074 0.9996464  0.9641637
 0.99981827 0.9960502  0.9981528  0.99845207 0.96997815 0.56734455
 0.991966   0.9996333  0.9999231  0.9983582  0.99843615 0.9947214
 0.99915445 0.9992893  0.99968505 0.9931866  0.9998379  0.95281523
 0.9930369  0.9706908  0.9981369  0.9839475  0.99588484 0.99935013
 0.99664474 0.99959534 0.99965644 0.9996636  0.9872814  0.9973449 ]
[0.99926263 0.99521303 0.998679   0.99984014 0.9994382  0.9801906
 0.99987936 0.9987972  0.99602205 0.99978954 0.9866312  0.99645257
 0.9901994  0.99947244 0.9998913  0.9693996  0.99829847 0.9985567
 0.9786042  0.99967027 0.99926895 0.9979767  0.9695361  0.9997831
 0.97709686 0.9985411  0.96236813 0.9992034  0.99780947 0.9986304
 0.9837352  0.99982065 0.9978423  0.9998242  0.9977133 ]
[0.99598396 0.9813548  0.99921274 0.9997749  0.9995584  0.96766764
 0.99978596 0.99652016 0.99924386 0.9992866  0.9912288  0.9996947
 0.9999069  0.999014   0.9737172  0.99407    0.98800695 0.9996208
 0.9993845  0.99758124 0.99711204 0.9998043  0.98343766 0.9943031
 0.7984651  0.9643477  0.99503255 0.9613883  0.9977519  0.99506193
 0.99856526 0.9970233  0.9997887  0.9996779  0.9399742  0.9966691 ]
[0.9989054  0.9722178  0.99702674 0.9998103  0.99961156 0.99391407
 0.99981934 0.9960097  0.9952285  0.98747253 0.9596807  0.93740946
 0.9978709  0.9994972  0.99992204 0.9990808  0.7427497  0.9994973
 0.99868494 0.9993662  0.9960582  0.9997639  0.99492997 0.7147984
 0.99566734 0.94905275 0.9954625  0.9418291  0.9993851  0.99101263
 0.99927    0.9949765  0.9994771  0.9996674  0.98308057 0.9997454
 0.9954456 ]
[0.9972066  0.99485415 0.99842286 0.99972564 0.99934953 0.9719214
 0.99986553 0.94853574 0.998546   0.99897987 0.99911815 0.97714543
 0.981857   0.99924314 0.9999114  0.73868966 0.9982657  0.959653
 0.9992888  0.98460245 0.999584   0.99928075 0.9928744  0.9963821
 0.99910045 0.9995497  0.97651696 0.98844063 0.98300225 0.9989505
 0.9953767  0.9993642  0.9990145  0.9992518  0.99910563 0.62960887
 0.99983704 0.9922361  0.9959319 ]
[0.9974837  0.979837   0.99453896 0.99967253 0.99974483 0.98266417
 0.99990046 0.9918218  0.9990268  0.9977557  0.9991891  0.9928959
 0.9997588  0.9999249  0.9990879  0.9939626  0.99354607 0.9996007
 0.99970216 0.9964359  0.99771035 0.99669844 0.9914625  0.9929872
 0.99503195 0.9612356  0.99982774 0.9969785  0.980584   0.9943921
 0.87598157 0.9955362  0.99876094 0.9954776  0.99961746 0.99981076
 0.99965656 0.99737036]
[0.99719316 0.9816108  0.9983032  0.99981564 0.99941266 0.98375005
 0.99979    0.99486285 0.9973742  0.99733174 0.93224055 0.9983033
 0.9997441  0.99995077 0.99866784 0.9996623  0.9818236  0.9994474
 0.99904186 0.99966145 0.9222022  0.9984875  0.9996222  0.94418246
 0.9928389  0.8236465  0.96545225 0.9976687  0.7072781  0.9981359
 0.9815393  0.99946064 0.99773407 0.9997136  0.9994074  0.99967253
 0.998026  ]
[0.9983033  0.99163353 0.99779487 0.99984753 0.99973124 0.9885401
 0.9998808  0.9958176  0.9989673  0.9976421  0.8393757  0.99955326
 0.9999014  0.9969023  0.99833316 0.9869168  0.9994823  0.9990332
 0.9997019  0.99471515 0.9976931  0.99964905 0.99698514 0.6182924
 0.9780974  0.99490756 0.9864737  0.9985267  0.9833161  0.9990538
 0.8989125  0.9980275  0.9996599  0.9997594  0.99761665 0.996082  ]
[0.9989157  0.9828507  0.99521095 0.99980325 0.9996892  0.9985166
 0.9998716  0.97525555 0.9572508  0.98108727 0.9938313  0.8699143
 0.99960977 0.99991083 0.9988673  0.99841714 0.9676655  0.9997774
 0.9994368  0.9996779  0.9988244  0.9998165  0.7508629  0.9945426
 0.95153123 0.9946673  0.9696629  0.9969959  0.986453   0.92396367
 0.9986394  0.97582906 0.9997377  0.99953973 0.9786523  0.9951658
 0.99992704]
[0.9989831  0.9959531  0.9990707  0.99985254 0.9995914  0.9871589
 0.9998579  0.99905854 0.9972276  0.9997322  0.9939032  0.99960774
 0.9999157  0.9974815  0.9976598  0.9921061  0.9996332  0.9988752
 0.9996563  0.9977368  0.94314384 0.99772316 0.97346455 0.9998179
 0.9587112  0.99700767 0.93608546 0.99589515 0.97779274 0.99894327
 0.982657   0.995478   0.99975294 0.999833   0.87868214 0.99735165
 0.8024614 ]
[0.9992525  0.99541616 0.9989273  0.9998068  0.9997093  0.99381095
 0.99974304 0.99038726 0.99935395 0.9983032  0.99969506 0.9999161
 0.9986935  0.9989998  0.9982809  0.99508613 0.99957794 0.9995802
 0.9977187  0.9967906  0.9996654  0.8765478  0.9909094  0.9767967
 0.99773514 0.9479525  0.99911743 0.89909256 0.99920124 0.9976913
 0.999519   0.9986664  0.99319637 0.9998331  0.99406487]
[0.99863166 0.9954521  0.999332   0.9997973  0.9995245  0.9913223
 0.9999118  0.9933106  0.99921167 0.99411184 0.9864688  0.9997558
 0.9999331  0.9991672  0.9980652  0.9811554  0.99960405 0.9987795
 0.9996271  0.99845517 0.99961865 0.99592674 0.9461489  0.9565088
 0.9746946  0.99758625 0.9624629  0.9986777  0.96043813 0.99944276
 0.9936434  0.9997365  0.99972934 0.99801886]
[0.99668956 0.99572206 0.9993974  0.99978596 0.99964464 0.98217785
 0.9999025  0.99778    0.9982457  0.9989241  0.71949583 0.9997389
 0.9999236  0.9983583  0.9986786  0.99186045 0.99936396 0.9994117
 0.9995346  0.9974981  0.9998448  0.9966354  0.8537666  0.953117
 0.99748385 0.9535974  0.99846447 0.9209717  0.9990287  0.9965186
 0.9997553  0.9997296  0.99587905]
[0.9989035  0.994173   0.9952034  0.9997285  0.9996482  0.99856454
 0.9996712  0.9546609  0.95326304 0.9959109  0.9973495  0.99953234
 0.99992335 0.99925727 0.99710244 0.9996123  0.9993862  0.999561
 0.99792993 0.99980444 0.98952466 0.5759668  0.9955017  0.9579025
 0.9945373  0.99159676 0.9990435  0.9968689  0.9997346  0.9996505
 0.99692184 0.9999378 ]
[0.9989705  0.9952781  0.99912494 0.99979156 0.9995291  0.99676055
 0.9998553  0.9982785  0.9970548  0.99934524 0.9345852  0.9799367
 0.99953604 0.9999137  0.9988187  0.9993954  0.9900575  0.9996655
 0.9992893  0.9995797  0.9923608  0.9998323  0.98597175 0.9927597
 0.97140235 0.9913242  0.9790236  0.994866   0.92980915 0.98873734
 0.9987907  0.9374394  0.99919957 0.99927443 0.997255   0.9996125
 0.9979988  0.9981299 ]
[0.9972209  0.99215055 0.9989869  0.9997049  0.99954456 0.9812486
 0.999895   0.99888223 0.9990048  0.99834955 0.9987601  0.9980483
 0.99726045 0.9994911  0.99990904 0.9988656  0.9994753  0.9951563
 0.99965155 0.9994419  0.99583817 0.99788034 0.9996656  0.9870385
 0.97664773 0.9927328  0.9774763  0.99830365 0.9758763  0.99883837
 0.9775468  0.99857736 0.99500614 0.99972945 0.9757     0.9996251
 0.9986148  0.9983165  0.9971118 ]
[0.99806184 0.97077674 0.99289674 0.9997745  0.99968636 0.99468946
 0.9996741  0.99312043 0.96051687 0.98740214 0.9928302  0.9986193
 0.99168736 0.9883243  0.99948466 0.9998802  0.9985384  0.9965004
 0.99952686 0.9992938  0.99970645 0.99845624 0.99100506 0.99982953
 0.9935668  0.9612901  0.92697775 0.995889   0.99868685 0.8888304
 0.999765   0.9997495  0.99433017 0.9998883 ]
[0.9988539  0.99554104 0.9968058  0.99976724 0.9996045  0.98415184
 0.9998795  0.99805593 0.9985764  0.9968027  0.8620242  0.99840623
 0.9609927  0.9997706  0.9998561  0.99947685 0.99918514 0.99648225
 0.9499466  0.9996351  0.999033   0.9997149  0.9965346  0.9997837
 0.9958741  0.9962232  0.9701424  0.99735826 0.55825305 0.9995018
 0.99186873 0.998546   0.83937675 0.99740857 0.99962497 0.99955696
 0.99975795 0.995229  ]
[0.99854255 0.9878911  0.9973496  0.99965346 0.9994542  0.99807584
 0.9997824  0.94176817 0.9872918  0.9853484  0.99404633 0.99965024
 0.9998543  0.9994394  0.99867    0.9969824  0.99955577 0.9997187
 0.989881   0.9975878  0.99980086 0.9473097  0.96199644 0.9069138
 0.9923774  0.98499554 0.99343973 0.967821   0.99912626 0.9995777
 0.9976897  0.99977916 0.99967456 0.9979551  0.99991834]
[0.99877447 0.99067676 0.9989568  0.9997478  0.9995142  0.9708779
 0.99982125 0.9962359  0.99772483 0.9986771  0.9995641  0.6911833
 0.99979943 0.9999403  0.99728084 0.9422429  0.99664706 0.9871925
 0.99976224 0.99984574 0.9757726  0.9989492  0.9832176  0.99934274
 0.99439985 0.967203   0.99650264 0.87168986 0.9986274  0.99602926
 0.9989157  0.9965843  0.9969003  0.99962485 0.9907719  0.9998047
 0.9971016 ]
[0.99815387 0.9918344  0.998458   0.9997868  0.9997372  0.9721453
 0.9997894  0.99860007 0.9989839  0.9992403  0.996505   0.9995925
 0.9999304  0.9930397  0.99874735 0.99858415 0.99244565 0.9994659
 0.9987184  0.9998     0.99803    0.9683971  0.9998273  0.8911485
 0.99102575 0.9775628  0.99781173 0.8678611  0.99910516 0.9570328
 0.99935824 0.9945825  0.9997727  0.9996542  0.99638593 0.99852294]
[0.9967435  0.99162185 0.9989693  0.9997682  0.99965847 0.9764923
 0.9998354  0.99803597 0.9992053  0.99920434 0.89179325 0.9996214
 0.99993455 0.9986198  0.99776506 0.99186605 0.99951327 0.9993612
 0.998214   0.9977285  0.9996363  0.92122334 0.9910142  0.9062636
 0.9822006  0.9975     0.9273768  0.9993356  0.9910381  0.9988487
 0.99400514 0.9996593  0.99978083 0.99801433 0.99318963]
[0.99793005 0.99331504 0.99872655 0.99971515 0.9995454  0.9574117
 0.9998354  0.99672544 0.998197   0.9986369  0.9946786  0.99576354
 0.9997757  0.9999387  0.9985562  0.99811554 0.9063713  0.99962246
 0.9993926  0.99978524 0.99811184 0.5769863  0.9578228  0.997738
 0.9874385  0.9998036  0.9894442  0.9830756  0.998604   0.66599524
 0.9946378  0.9638318  0.9990546  0.9939236  0.99977046 0.9992599
 0.9995328  0.99528223]
[0.99694663 0.97815573 0.9988172  0.99968576 0.99960726 0.95900613
 0.99988544 0.9979721  0.99914217 0.99796474 0.99484587 0.9967429
 0.994087   0.99977297 0.99994445 0.9990741  0.99869233 0.9933623
 0.98392475 0.9983644  0.9982482  0.99957734 0.99139774 0.9938638
 0.50801134 0.9996375  0.96331227 0.99753296 0.9828415  0.9771136
 0.9929011  0.9345838  0.99833566 0.99461937 0.99964774 0.99696547
 0.99968076 0.9998487  0.991446   0.989652  ]
[0.9978296  0.9680863  0.99887854 0.9997495  0.999678   0.9848899
 0.99989617 0.99694806 0.99452126 0.9997453  0.9938838  0.9014151
 0.9976095  0.99975246 0.99991333 0.9985416  0.99920076 0.99272764
 0.99966824 0.99634486 0.99783355 0.8989799  0.99758303 0.9997992
 0.9925593  0.7898486  0.97671866 0.9967355  0.9859482  0.99895906
 0.9978174  0.9994048  0.8359337  0.9978053  0.9996511  0.9996487
 0.9978048 ]
[0.9983182  0.98828095 0.996145   0.9997956  0.9996823  0.978131
 0.9998946  0.98945624 0.9892462  0.9981091  0.9364566  0.98009896
 0.9997763  0.9998878  0.9446002  0.9988667  0.9912772  0.95340204
 0.99944156 0.9713856  0.99975747 0.99828666 0.9937459  0.99406815
 0.999584   0.9929127  0.9966198  0.97807693 0.9714237  0.9206217
 0.9958165  0.65373194 0.99767023 0.997603   0.9997011  0.9935202
 0.99968934 0.99970776 0.99452657 0.9994541  0.99630225]
[0.99804723 0.99634594 0.99925774 0.9997727  0.99966455 0.99139494
 0.99986255 0.9987458  0.9990626  0.9993006  0.996442   0.99974054
 0.99991477 0.9986803  0.98748684 0.9964881  0.9759877  0.99948174
 0.99952126 0.9828205  0.9935322  0.9914643  0.99987423 0.95332545
 0.99666613 0.96524686 0.9861189  0.9964921  0.9585883  0.9993248
 0.99306387 0.99919313 0.99799734 0.99959165 0.9997043  0.9978994
 0.96223944]
[0.99846727 0.9889614  0.9983152  0.99988365 0.99955124 0.99567646
 0.99981016 0.9973339  0.9979601  0.9992329  0.99538356 0.7830746
 0.99973494 0.9998317  0.9988998  0.9983273  0.9648559  0.9994271
 0.99859256 0.9997781  0.99722123 0.9998957  0.992062   0.9950204
 0.8155788  0.99556774 0.98080474 0.99278235 0.8175504  0.97475773
 0.9987301  0.9961528  0.9998149  0.99970645 0.9995963  0.9933096
 0.9969421 ]
[0.9974118  0.9971027  0.99943775 0.9998697  0.99939513 0.9843328
 0.99988246 0.99852544 0.99924004 0.99956757 0.93554235 0.99972564
 0.999928   0.9991062  0.99365413 0.9884581  0.9994653  0.9995239
 0.9983431  0.9946031  0.9958436  0.99964046 0.9975412  0.9974475
 0.71186405 0.98010045 0.98944914 0.95819455 0.99777323 0.9911874
 0.99916744 0.9060851  0.99874437 0.9998149  0.9997708  0.9959772 ]
[0.9969542  0.9951224  0.9985682  0.9997634  0.99934274 0.98516953
 0.9998388  0.9983726  0.99926525 0.999073   0.82426244 0.9996196
 0.9999409  0.9991849  0.9969009  0.81186664 0.99964535 0.99952364
 0.9972519  0.9975     0.99986136 0.95126265 0.99255884 0.8400872
 0.9381284  0.98225164 0.9962084  0.9540205  0.9984994  0.9617521
 0.9993691  0.8571082  0.99730504 0.9996916  0.9996939  0.9974267 ]
[0.9982438  0.9939506  0.99875295 0.9997836  0.9995635  0.9677768
 0.99978644 0.9968899  0.99927324 0.9979395  0.88833654 0.9995977
 0.99992836 0.9989442  0.9981055  0.9897378  0.9996227  0.9990638
 0.9997466  0.997629   0.9997063  0.7284493  0.9950806  0.8717979
 0.9740452  0.9981711  0.88939995 0.99913687 0.99070483 0.99928683
 0.998497   0.9998042  0.9998254  0.99704236]
[0.9956369  0.9915201  0.9986374  0.99984396 0.9996681  0.9838578
 0.9998012  0.9964456  0.9980153  0.998533   0.98783445 0.9998275
 0.99986494 0.9544345  0.9992778  0.99184436 0.983595   0.9996026
 0.99927753 0.99971455 0.9987657  0.97124946 0.99877876 0.88864255
 0.9998117  0.9870188  0.99879044 0.5843544  0.99877447 0.9952637
 0.99840254 0.9989266  0.9853001  0.9996302  0.9991186  0.9994659
 0.9974807 ]
[0.99927825 0.9908482  0.99116886 0.99982256 0.99966204 0.9971192
 0.99981385 0.9902402  0.9883366  0.98478544 0.9974105  0.9908206
 0.99905246 0.9993606  0.9998375  0.9983612  0.998546   0.99525887
 0.99934953 0.99971884 0.5307177  0.99815553 0.9934428  0.9997403
 0.90566415 0.986906   0.9874769  0.9539681  0.9966395  0.9261405
 0.99164283 0.99891925 0.96906203 0.9995995  0.9997025  0.99124205
 0.996463   0.9998784 ]
[0.9983752  0.9716304  0.99582136 0.9996761  0.99968445 0.9976278
 0.99975854 0.95245624 0.97838414 0.97445494 0.9933119  0.99550843
 0.98524797 0.9995517  0.9999039  0.661173   0.99849236 0.9950015
 0.9964179  0.9995925  0.99907637 0.99962866 0.998002   0.99970704
 0.9665346  0.98845226 0.9064649  0.97108364 0.9927637  0.99212426
 0.9987381  0.95805293 0.9944238  0.99971455 0.99977547 0.9843423
 0.9999293 ]
[0.99870753 0.9873447  0.9930912  0.99973136 0.99950147 0.98843914
 0.9997757  0.987615   0.9940309  0.99574536 0.9937255  0.99964046
 0.99991167 0.9986027  0.99441296 0.99764794 0.99959916 0.9994204
 0.9997956  0.9970483  0.6725423  0.9975924  0.9607142  0.98903674
 0.96315897 0.9966634  0.99626356 0.9923658  0.98843735 0.99988985
 0.9991559  0.9953818  0.99970055 0.99956685 0.99723405 0.9999254 ]
[0.99806315 0.99717355 0.99923515 0.99969745 0.99972624 0.9783821
 0.99989283 0.99930596 0.99744344 0.99968517 0.99710816 0.99500126
 0.99786144 0.99983084 0.9991541  0.99852765 0.99785775 0.9987349
 0.99924785 0.99976546 0.99896836 0.845145   0.9997669  0.9889443
 0.99700123 0.9845547  0.997897   0.960392   0.8628513  0.99895287
 0.9976597  0.99960953 0.98548955 0.9996513  0.9962978 ]
[0.9973356  0.9932352  0.99817383 0.99984324 0.9997639  0.9915624
 0.9997602  0.997366   0.99784136 0.99942744 0.7460652  0.99965346
 0.9999256  0.9977496  0.99750805 0.5416082  0.99948126 0.5990505
 0.9994049  0.9864042  0.997844   0.993429   0.99959666 0.9911543
 0.99441385 0.8118271  0.977366   0.9981679  0.9803325  0.9991941
 0.98671526 0.99946445 0.9436361  0.9981292  0.9997142  0.9967374
 0.9998274  0.9984693 ]
[0.99880826 0.9724835  0.99867684 0.9998441  0.9991375  0.9668218
 0.9998621  0.9954235  0.998206   0.99968326 0.9663159  0.8612014
 0.99994886 0.9987766  0.99820507 0.9980242  0.99615437 0.99934703
 0.9993309  0.9966055  0.9885845  0.9970933  0.78386277 0.99960345
 0.52078307 0.9964631  0.97940284 0.9975043  0.98171645 0.9987437
 0.9950841  0.9991761  0.99493814 0.9997701  0.9996276  0.9775137
 0.99692106]
[0.99822575 0.9965385  0.9973013  0.99985385 0.9997143  0.99382246
 0.9997762  0.9964007  0.99667454 0.999688   0.8270194  0.99977225
 0.99993026 0.9984534  0.9939089  0.9983633  0.9946424  0.9964874
 0.98778874 0.9995433  0.99812967 0.9974722  0.99986076 0.8796736
 0.98932904 0.81911534 0.9775833  0.99519724 0.84666777 0.9989022
 0.9816968  0.9994134  0.99306244 0.99961746 0.9996675  0.99969554
 0.99396497 0.99596417]
[0.9971923  0.9934429  0.99810505 0.9997929  0.9997154  0.9882699
 0.9998802  0.99798065 0.9958341  0.99876773 0.9908009  0.9995639
 0.99982893 0.9987691  0.9989504  0.9984831  0.99959046 0.99713045
 0.95222825 0.99967694 0.96700555 0.9874715  0.99529356 0.99827254
 0.9747053  0.99270344 0.9794484  0.55680376 0.99829406 0.9967068
 0.99876225 0.9914324  0.9970932  0.9998085  0.9988018  0.99965656
 0.9967715 ]
[0.9982875  0.987941   0.9975084  0.99971515 0.99934167 0.99141204
 0.99988985 0.98628753 0.99518955 0.99943703 0.9991412  0.99955803
 0.9999056  0.99983394 0.9987847  0.9854255  0.99839586 0.9991277
 0.99965847 0.99777955 0.9834517  0.9998505  0.7952638  0.9873662
 0.99508864 0.982088   0.9986564  0.99545115 0.6987328  0.9968644
 0.9888573  0.99902594 0.9881493  0.9974445  0.99970883 0.999746
 0.99961495 0.9985127  0.9971643 ]
[0.99848926 0.994696   0.9989532  0.9998227  0.9993088  0.9651649
 0.9998431  0.9986645  0.9989152  0.99924016 0.9964175  0.99967563
 0.99994016 0.9946655  0.9984257  0.99885595 0.99935585 0.9991198
 0.9996785  0.99487007 0.9378751  0.971762   0.9968952  0.97876054
 0.98985124 0.9389326  0.99901724 0.8845012  0.99981457 0.9991628
 0.9477035  0.99720734 0.9996731  0.9996675  0.99358773]
[0.9982455  0.9933577  0.99906296 0.99985313 0.9994318  0.98751616
 0.9998988  0.9979982  0.99905497 0.9990677  0.5192838  0.8378842
 0.99967706 0.9999348  0.9990332  0.9959312  0.9735622  0.9997255
 0.99913067 0.99980444 0.92848074 0.9475257  0.99983287 0.9814477
 0.52060926 0.9620961  0.96717304 0.9974847  0.9746415  0.99884915
 0.99068683 0.9994777  0.99591905 0.9995801  0.99772507 0.99965477
 0.98786247 0.99653155]
[0.99463475 0.9867801  0.9985688  0.9997713  0.999613   0.98102474
 0.9998735  0.9990695  0.99662423 0.99973637 0.99580115 0.9997478
 0.9999285  0.98764426 0.99875486 0.99374783 0.9988714  0.98691505
 0.99942786 0.99979573 0.9966877  0.99625695 0.9997639  0.9882239
 0.9982632  0.9949826  0.984697   0.95546836 0.99251926 0.9873675
 0.98424613 0.9994382  0.9961773  0.99789196 0.9997975  0.9996704
 0.99847597]
[0.9971732  0.98062265 0.9971142  0.9997141  0.99974126 0.9832872
 0.99988127 0.9982811  0.99697685 0.99951077 0.95073247 0.9997079
 0.9999472  0.9956344  0.99576974 0.9693871  0.99632335 0.99930847
 0.99217343 0.9995369  0.94733554 0.99784195 0.9927549  0.9996177
 0.978558   0.99402845 0.73675966 0.9973611  0.99364364 0.9940169
 0.9991186  0.9801459  0.999215   0.9892936  0.9996984  0.9998281
 0.9990067  0.9962513 ]
[0.99829465 0.98382103 0.9971276  0.9993648  0.999635   0.9886953
 0.9999082  0.95113206 0.96557826 0.99318224 0.9934396  0.992473
 0.89844656 0.9997929  0.9999095  0.9988914  0.99785954 0.9996196
 0.99758756 0.9998012  0.90391666 0.99766916 0.9923619  0.99971527
 0.96973026 0.9975617  0.97866005 0.997781   0.9929889  0.99932146
 0.9734307  0.99906665 0.9924452  0.99957436 0.9994363  0.9886058
 0.9718625  0.9998902 ]
[0.99907637 0.9933821  0.99919266 0.9998709  0.9997577  0.96668386
 0.9998894  0.9990735  0.99819225 0.9997179  0.657349   0.9910779
 0.9997843  0.9999356  0.9988574  0.97905695 0.9996482  0.9991314
 0.99980456 0.9771978  0.9980457  0.99983823 0.98025113 0.980309
 0.9475437  0.9678095  0.9980861  0.95514315 0.9886938  0.9994715
 0.9292625  0.9997836  0.9997595  0.9993616  0.9969894 ]
[0.99878937 0.9918522  0.9980749  0.99985075 0.99949133 0.99690044
 0.9998338  0.9951504  0.9987192  0.99634993 0.8866594  0.999668
 0.999925   0.9993718  0.99772817 0.6986859  0.9996605  0.9993705
 0.9997763  0.99644357 0.9997832  0.50469685 0.9919133  0.91471493
 0.85978794 0.973882   0.9976115  0.74159116 0.9988232  0.9777305
 0.99932635 0.9984269  0.9997038  0.9995467  0.9997458  0.99773574]
[0.9955391  0.96808594 0.9989089  0.99985385 0.999683   0.98004705
 0.9998294  0.99793446 0.99881315 0.9993011  0.9978054  0.98636335
 0.9997907  0.99990594 0.99855334 0.9977017  0.99962306 0.99969685
 0.99141324 0.99842715 0.99569356 0.9793432  0.9972167  0.99724317
 0.9449133  0.99971753 0.9809729  0.998066   0.89554363 0.98307806
 0.99877626 0.9146843  0.9880663  0.9996973  0.9996687  0.9259255 ]
[0.99816614 0.9917502  0.9989555  0.99971944 0.9996985  0.9834705
 0.9998084  0.99889463 0.99817204 0.99925107 0.9948959  0.9996991
 0.9998957  0.9975721  0.99166745 0.97112703 0.99974054 0.99888736
 0.9995254  0.9971795  0.99958354 0.9972474  0.9911772  0.9798335
 0.9726996  0.9970024  0.970968   0.9981316  0.9953668  0.9992285
 0.99558604 0.9997967  0.9998048  0.9874162  0.9967539  0.8427198 ]
[0.9987379  0.9836464  0.9980293  0.99985874 0.9994236  0.9923266
 0.99991465 0.9990682  0.99841404 0.99945134 0.99143094 0.99966705
 0.9999399  0.99866045 0.9984861  0.985769   0.9993292  0.99716955
 0.9997003  0.9983479  0.997239   0.99964607 0.99570197 0.99173087
 0.98697865 0.9738386  0.99780995 0.8236172  0.9985285  0.9976903
 0.99963224 0.99307805 0.9942977  0.99979275 0.99970454 0.9895488 ]
[0.99864036 0.9963245  0.9981981  0.99973935 0.99955195 0.9948401
 0.9998871  0.9827115  0.9988532  0.9788133  0.9851223  0.9904889
 0.9997236  0.9998319  0.8652692  0.99822694 0.9939129  0.85935706
 0.9993963  0.9989618  0.99966264 0.9967937  0.98827446 0.99706465
 0.9998338  0.99150664 0.9654387  0.9985815  0.9043973  0.95170957
 0.5730976  0.9983638  0.9973041  0.99763584 0.99892056 0.95947385
 0.99720216 0.99963343 0.99931157 0.9994498  0.9967121 ]
[0.9989844  0.99530786 0.9969368  0.99974114 0.99966836 0.9860886
 0.99974877 0.99287283 0.9990559  0.99604994 0.9193031  0.99952793
 0.9999511  0.99865365 0.98335934 0.94676566 0.99979275 0.9995234
 0.99726427 0.99755317 0.9998292  0.9966073  0.9931779  0.5417031
 0.94958067 0.9978714  0.98118466 0.99811316 0.9974962  0.99942636
 0.998164   0.9962127  0.9996257  0.99924797 0.9956578  0.99974126
 0.99642    0.99875927]
