Mprobs for dataset art (5)

[0.9946731  0.98912597 0.96379805 0.9939752  0.89593434 0.9920912
 0.63479275]
[0.9988555  0.997165   0.9957359  0.9958187  0.7887863  0.74702936
 0.9738815  0.99649626 0.9610014  0.99542737 0.9951082  0.9973911
 0.98597217 0.991931  ]
[0.9977208  0.99717367 0.9974226  0.99696666 0.8759739  0.9661261
 0.9973634  0.9500966  0.99581593 0.9942498  0.9902776  0.9987386 ]
[0.9979184  0.99687874 0.9969271  0.9977494  0.9663372  0.5657888
 0.9923062  0.9976895  0.95284736 0.9852743  0.98952067 0.9982527
 0.9526291 ]
[0.99827147 0.99773335 0.997623   0.99739885 0.8620597  0.86174905
 0.98070896 0.99635625 0.9790551  0.9957776  0.9933215  0.99830985
 0.98734903]
[0.9986707  0.99739957 0.9977464  0.9974322  0.81980467 0.8890176
 0.996406   0.97568524 0.9920797  0.99458635 0.998505   0.96401924]
[0.997924   0.99665916 0.9961641  0.99646735 0.83239585 0.5622663
 0.9834764  0.9971073  0.95887876 0.99610883 0.9921812  0.9987161
 0.9880233 ]
[0.9984724  0.99539524 0.9971136  0.9957653  0.78962725 0.9311611
 0.9961481  0.9744513  0.9941269  0.99445504 0.99870443 0.93933237]
[0.99766135 0.99695575 0.9977291  0.9948533  0.87069994 0.7524776
 0.97780174 0.99610305 0.9797411  0.99490166 0.9948413  0.99881905
 0.97341806]
[0.99886835 0.9956208  0.99686986 0.99506384 0.8932629  0.90616465
 0.97205466 0.996117   0.96325386 0.9966809  0.9893526  0.9986285
 0.97469795]
[0.99846506 0.99602205 0.9971444  0.9953929  0.9225963  0.92451274
 0.9957611  0.980187   0.9930138  0.99297136 0.9989197  0.9646113 ]
[0.9978483  0.9969248  0.9966499  0.9957652  0.8693861  0.5014309
 0.9833856  0.9963297  0.9728443  0.99218714 0.9929162  0.85706687
 0.9888783  0.9983569 ]
[0.99863726 0.99635124 0.9961661  0.99763286 0.9083852  0.8927012
 0.8661863  0.8032191  0.99541265 0.96788645 0.98254883 0.99679345
 0.9981377 ]
[0.99868566 0.99669576 0.99739444 0.99534047 0.89776033 0.84190714
 0.9906566  0.99587244 0.9689641  0.99548304 0.9837372  0.99860483
 0.9798538 ]
[0.9988248  0.9954169  0.9973991  0.9972294  0.50544924 0.9826298
 0.9981705  0.9671185  0.99029446 0.9987489  0.98786455]
[0.9985461  0.9973226  0.9973242  0.99480325 0.9876474  0.9980969
 0.9366785  0.99257845 0.9981505  0.94657177 0.9526278 ]
[0.9989549  0.996664   0.99607974 0.9967451  0.55625904 0.9839697
 0.99739873 0.952847   0.95649934 0.99304765 0.9985031  0.98762953]
[0.9977858  0.9973037  0.99552464 0.9954091  0.66369265 0.5795117
 0.9982834  0.94948095 0.99729794 0.9919681  0.9983633 ]
[0.9988514  0.9976956  0.9967775  0.99674004 0.86327696 0.99167705
 0.997866   0.96499467 0.98989034 0.9983165  0.9732765 ]
[0.9975789  0.6205099  0.99672014 0.99610883 0.9967186  0.9862797
 0.99784887 0.962996   0.98136914 0.99416417 0.99807286 0.8658402 ]
[0.9986572  0.9970464  0.9964457  0.9960782  0.87311    0.9857655
 0.9974381  0.97586334 0.98890483 0.9912247  0.99800795 0.9773794 ]
[0.99889284 0.99748635 0.9964635  0.9969568  0.7942995  0.9701341
 0.99768746 0.9561186  0.9870028  0.9964888  0.99045336 0.9984659 ]
[0.9977356  0.9963217  0.99545693 0.99458885 0.70469975 0.9878243
 0.9982405  0.9730305  0.99469167 0.9791555  0.9988605 ]
[0.99840206 0.9963174  0.9953584  0.9974406  0.9830997  0.99709094
 0.9764891  0.9942526  0.99201185 0.9984459  0.9874057 ]
[0.9983602  0.79758346 0.9960968  0.9972941  0.99490416 0.86814666
 0.9171074  0.99171233 0.99645954 0.97776103 0.9960542  0.9903418
 0.9987103  0.87311214]
[0.9980946  0.99573034 0.99743336 0.99760157 0.7408215  0.8135467
 0.99648106 0.9688723  0.99637115 0.9964715  0.99880695 0.9864791 ]
[0.99898905 0.99537295 0.9972996  0.9973923  0.834568   0.7296134
 0.99817765 0.97064555 0.9854236  0.99596065 0.99842477 0.98840886]
[0.99871457 0.99716645 0.9957467  0.99582726 0.88767284 0.73637366
 0.9460314  0.995424   0.97897345 0.995069   0.99446684 0.99832004
 0.987998  ]
[0.99814165 0.9966409  0.9967817  0.9961804  0.7108715  0.9294838
 0.9975172  0.9455639  0.98553884 0.99674916 0.9990208  0.956382  ]
[0.99849737 0.9967667  0.9962231  0.99677473 0.9439211  0.78829026
 0.9857721  0.74277496 0.9965784  0.97860545 0.991882   0.99760455
 0.9525418 ]
[0.9986141  0.99791414 0.9964914  0.9962759  0.8311939  0.98566324
 0.9976671  0.9804309  0.9906723  0.993701   0.9973471  0.9852632
 0.98371416]
[0.9983047  0.9965454  0.99568653 0.9970176  0.81413716 0.9601587
 0.9969681  0.9790791  0.99345773 0.9958943  0.9985092  0.983742  ]
[0.99808276 0.99504024 0.9973309  0.99548423 0.92613727 0.98078144
 0.9892474  0.97598267 0.9974655  0.9188747  0.9939843  0.9945263
 0.98855317 0.99568653]
[0.9989248  0.99702674 0.99635386 0.995218   0.61542207 0.97650677
 0.9974227  0.97490215 0.99454206 0.99210346 0.9989786  0.97618073]
[0.9976172  0.9950669  0.9973912  0.9961994  0.8477184  0.89116836
 0.9895474  0.99591273 0.9580397  0.995288   0.9884847  0.9987514
 0.9727137 ]
[0.9977575  0.9954537  0.9973672  0.9970631  0.7072665  0.98481447
 0.99789906 0.96286577 0.985543   0.99506146 0.99830735 0.9697686 ]
[0.9981164  0.9977018  0.9963792  0.99502087 0.9967192  0.9535737
 0.98822594 0.9961132  0.9987582  0.9749429 ]
[0.9983822  0.9959306  0.99656725 0.9960573  0.96724015 0.92807347
 0.99804616 0.9724143  0.9887977  0.9934782  0.9984723  0.86283916]
[0.9987016  0.99734586 0.9958236  0.99732214 0.85592854 0.92127615
 0.97939944 0.99564123 0.9537421  0.99562526 0.9855688  0.9982089
 0.94186896]
[0.99846977 0.995218   0.9965552  0.9958982  0.85741174 0.9417793
 0.99746394 0.9795887  0.99027646 0.99808717 0.9806943 ]
[0.99850416 0.99541676 0.9971934  0.9970024  0.86430633 0.98510194
 0.99719316 0.9719685  0.9464261  0.9917984  0.9980849  0.98794866]
[0.9985447  0.995789   0.9964598  0.9956098  0.89099175 0.98626673
 0.9964948  0.9732434  0.992967   0.9918651  0.99834037 0.98058206]
[0.99866414 0.99525744 0.9959371  0.99677104 0.86733264 0.9975431
 0.9613366  0.9958397  0.9985728  0.95706415]
[0.9986412  0.8588875  0.9957059  0.9959919  0.9971307  0.7213108
 0.88220096 0.9736379  0.9967963  0.9505991  0.9953591  0.9910307
 0.9987704  0.73708767]
[0.99792886 0.9959501  0.99565506 0.99530846 0.8930144  0.67572933
 0.8699301  0.998064   0.9634832  0.9949812  0.99584794 0.9989085
 0.983226  ]
[0.99873275 0.9956109  0.9966016  0.99556714 0.8215779  0.97638285
 0.9976642  0.97254163 0.99127007 0.99379975 0.99865025 0.96291715]
[0.9977053  0.9962599  0.99703014 0.9962579  0.570271   0.99744177
 0.95290136 0.9865493  0.99633646 0.9985684  0.9738633 ]
[0.99820435 0.99632543 0.996727   0.9949073  0.63714087 0.8485796
 0.5752222  0.99661547 0.9730628  0.9931379  0.9965463  0.98485273
 0.98001    0.9976712 ]
[0.99894947 0.9959027  0.9960653  0.9952897  0.9001512  0.76871985
 0.98753566 0.9971521  0.97563994 0.99559194 0.9897714  0.998251
 0.99086916]
[0.9979457  0.99599826 0.9966185  0.9965056  0.6659712  0.9774355
 0.99744606 0.9551729  0.94041455 0.9942458  0.9982936  0.92614293]
[0.99865216 0.99558264 0.997113   0.9952247  0.92238784 0.8315811
 0.8774467  0.99390584 0.96920824 0.9964896  0.9963006  0.998418
 0.97997016]
[0.9982388  0.99734217 0.9969524  0.99620384 0.7414638  0.9062977
 0.8438993  0.9970657  0.9691357  0.9961953  0.9952924  0.9987404
 0.94928485]
[0.99762386 0.5058726  0.9953596  0.9954117  0.9951007  0.6718266
 0.51779103 0.8885856  0.9971723  0.9539246  0.99448144 0.995368
 0.9985033  0.92556053]
[0.99857783 0.9970337  0.99743277 0.9963877  0.9048637  0.8508763
 0.9661072  0.99611795 0.97128516 0.9964115  0.99224514 0.99827456
 0.9812656 ]
[0.998432   0.99545985 0.99610007 0.99726945 0.79329383 0.9887875
 0.99796766 0.9715379  0.98416835 0.9922808  0.9966786  0.9893652
 0.99242157]
[0.9979625  0.9964426  0.99606943 0.99534816 0.7126966  0.9126182
 0.99739337 0.9674777  0.9858612  0.9956677  0.98824    0.98854303
 0.9969284 ]
[0.9983885  0.99729186 0.9950943  0.9965814  0.7392348  0.9885387
 0.9982133  0.94186354 0.9947048  0.98737293 0.9983322 ]
[0.99755764 0.99625945 0.9967158  0.9957903  0.8763827  0.99025494
 0.9734201  0.997591   0.9766616  0.9925217  0.99893147 0.98099583
 0.9962894 ]
[0.99859864 0.9968772  0.99587184 0.9955512  0.787611   0.7788593
 0.9835836  0.9961333  0.9689108  0.9969784  0.9937459  0.99884725
 0.96384346]
[0.9977145  0.59063    0.9970319  0.9952193  0.9967116  0.9669812
 0.9731935  0.98010236 0.9307917  0.9980798  0.93437785 0.99688596
 0.99309045 0.9920453 ]
[0.9982834  0.88083947 0.9973387  0.99756795 0.99656665 0.8921794
 0.7002865  0.9864846  0.9962668  0.96548015 0.995952   0.9917604
 0.9987674  0.7584994 ]
[0.9979609  0.9969361  0.99601585 0.9965237  0.6128702  0.98054504
 0.9969928  0.95796144 0.99190676 0.99417335 0.9984188  0.94332093]
[0.99851984 0.9975655  0.9956358  0.99566925 0.98962605 0.99779886
 0.977229   0.9924306  0.8904631  0.99150014 0.9978065  0.9805001
 0.9900185 ]
[0.9985353  0.99544746 0.99606305 0.99672663 0.9109392  0.93610257
 0.98079234 0.9982457  0.9758031  0.9959336  0.9914249  0.97824186
 0.9978249 ]
[0.99788254 0.9968208  0.99613523 0.995025   0.6341344  0.92893726
 0.8936982  0.996798   0.97936845 0.9787064  0.9963588  0.99846613
 0.99310064]
[0.9987581  0.99762255 0.9964959  0.99486995 0.6151409  0.5399871
 0.9911294  0.9963386  0.9656979  0.9935249  0.9929716  0.9837742
 0.9866306  0.9969807 ]
[0.9984902  0.99792624 0.99475706 0.9971648  0.9405991  0.9445003
 0.62765837 0.7968728  0.99743074 0.976828   0.9948855  0.998681
 0.98939496]
[0.9987072  0.99566036 0.9964837  0.9967167  0.9152529  0.9740123
 0.997936   0.97606826 0.96945107 0.99526405 0.9984498  0.98556304]
[0.99816173 0.9970796  0.9960991  0.995408   0.9912271  0.9980907
 0.96616656 0.90145487 0.98533404 0.99790704 0.9131543 ]
[0.9986551  0.9968478  0.9969958  0.9959881  0.8992625  0.9845153
 0.9980299  0.97810787 0.9849049  0.992664   0.998635   0.9816207 ]
[0.9989598  0.9967145  0.9961876  0.99704844 0.83367527 0.7026603
 0.95789176 0.9970086  0.95703787 0.9962717  0.9952728  0.9988133
 0.97642004]
[0.9980469  0.9949116  0.99609596 0.9959699  0.9131531  0.9648523
 0.9979234  0.97193605 0.99544513 0.99751234 0.9686177 ]
[0.997943   0.99677855 0.99581945 0.9975198  0.8506955  0.60115194
 0.99822253 0.97648096 0.98446    0.9962276  0.9757971  0.9918936
 0.9979474 ]
[0.9981614  0.9947918  0.9968489  0.99751794 0.96811587 0.9958189
 0.9721968  0.98791236 0.99568653 0.9984346  0.97442764]
[0.99778396 0.99719894 0.9958902  0.9954731  0.90595806 0.8333568
 0.99763286 0.97741413 0.9355137  0.99483585 0.9982029  0.9787916 ]
[0.9981432  0.9973525  0.99567586 0.99504197 0.817657   0.97948563
 0.9983115  0.9736206  0.990859   0.9887709  0.9987465  0.9630885 ]
[0.9986319  0.9810044  0.99659216 0.99604815 0.9949268  0.69263995
 0.9308822  0.82517153 0.9965636  0.961267   0.99678135 0.9947982
 0.9983752 ]
[0.9985405  0.9962974  0.9968432  0.99622107 0.8315089  0.9349582
 0.98297936 0.9942531  0.9521779  0.99630606 0.9927933  0.9986796
 0.9879489 ]
[0.99894637 0.99600816 0.9969887  0.99536383 0.54506487 0.98220414
 0.9983442  0.9753303  0.9595478  0.9936499  0.9988255  0.9814811 ]
[0.9984444  0.99727875 0.99731195 0.9971559  0.8709835  0.5218368
 0.97815144 0.9961815  0.9653072  0.99440396 0.99403316 0.99855155
 0.98561376]
[0.9978544  0.9964903  0.99637777 0.9957974  0.8107268  0.8982282
 0.9833666  0.99689806 0.9737229  0.99607617 0.9935569  0.9891368
 0.9887532  0.99698395]
[0.99813604 0.9977271  0.99580294 0.99576485 0.8428078  0.9449694
 0.996314   0.97540253 0.992618   0.9941472  0.9986368  0.9793312 ]
[0.9978471  0.9962966  0.99611145 0.9970094  0.7909041  0.9905358
 0.9975668  0.979292   0.9921914  0.98876077 0.99832994 0.9687821 ]
[0.99825805 0.9977124  0.99536276 0.99704903 0.68849105 0.86942047
 0.9977755  0.96625173 0.9906317  0.9951174  0.99840647 0.94144285]
[0.9976839  0.9966857  0.9953869  0.9972976  0.92881185 0.6884195
 0.9971053  0.9750626  0.8836028  0.9950765  0.9984767  0.98127234]
[0.9979576  0.99760205 0.9959357  0.9959408  0.9465641  0.93377656
 0.6602862  0.87790793 0.99676716 0.9841032  0.9945439  0.9884115
 0.9821999  0.9965597 ]
[0.9981394  0.99673647 0.99679154 0.9972915  0.7993927  0.9806091
 0.99739563 0.96993005 0.97497004 0.9894851  0.9983846  0.9832433 ]
[0.9984433  0.9974602  0.9961158  0.99556434 0.78584224 0.70241296
 0.9895293  0.9964474  0.9585942  0.9956424  0.97526646 0.9991148
 0.96387666]
[0.9983181  0.99647945 0.99606305 0.9964869  0.9825873  0.99773216
 0.9702387  0.99189454 0.73267865 0.98567665 0.99875605 0.9774105 ]
[0.99842083 0.9959416  0.9960247  0.9958658  0.7625111  0.68003994
 0.9823752  0.996545   0.9341391  0.9888575  0.9958072  0.9767397
 0.9987834 ]
[0.9976624  0.99712425 0.99635905 0.99718    0.6532937  0.95959556
 0.9978623  0.96637124 0.98871905 0.5025857  0.9907415  0.99881184
 0.9728941 ]
[0.9982185  0.99541914 0.9975204  0.9956305  0.86837584 0.9724134
 0.996276   0.977775   0.99202174 0.99649554 0.9987722  0.9786799 ]
[0.99740064 0.99713635 0.9955947  0.9972447  0.9007231  0.95785415
 0.915121   0.8825711  0.8603485  0.9929443  0.9772282  0.9962022
 0.98370624 0.99346936 0.97353494 0.9971629 ]
[0.99896026 0.997437   0.9966627  0.99646014 0.84677553 0.9879643
 0.99696356 0.9614219  0.9860702  0.99392563 0.9893499  0.9988906 ]
[0.998374   0.9962031  0.9975787  0.9962226  0.5266532  0.998181
 0.9495785  0.9960393  0.98955256 0.98876125 0.99740404]
[0.9974728  0.99748176 0.99742305 0.99574643 0.6310911  0.987339
 0.9979165  0.957992   0.9868859  0.9948695  0.99901164 0.98705494]
[0.99819297 0.99684036 0.9975006  0.9966949  0.57946604 0.978957
 0.9985468  0.97904485 0.9913776  0.9978708  0.98876834 0.97758776]
[0.99806887 0.9977933  0.9961725  0.9948709  0.85687876 0.82805353
 0.9268497  0.9970798  0.97262347 0.9951125  0.9959622  0.9987704
 0.98499286]
[0.9983388  0.9965269  0.9954822  0.9957535  0.97653383 0.9968827
 0.9584773  0.96976805 0.9940357  0.99827206 0.98235047]
[0.9983217  0.99696094 0.9969892  0.9960918  0.59469795 0.99725807
 0.9683312  0.94340074 0.99675155 0.9989504  0.98347324]
