Mprobs for dataset art (1)

[0.99451387 0.97645164 0.9962786  0.99506444 0.9955864  0.9954196
 0.96620274]
[0.998558   0.99740905 0.9969379  0.9975393  0.95561826 0.99704415
 0.9969874  0.9942159  0.99532396]
[0.9984029  0.9974777  0.99755186 0.99712783 0.99691224 0.99646145
 0.9953489  0.99558747]
[0.9984664  0.9956173  0.995764   0.99568826 0.9983181  0.9878785
 0.9986462 ]
[0.99852043 0.99721295 0.9976495  0.99646676 0.99835616 0.9961494
 0.99854666]
[0.9986174  0.9957338  0.99577385 0.9969829  0.9982899  0.9954614
 0.99801576]
[0.9972235  0.9979292  0.9976496  0.9974131  0.9005852  0.9958507
 0.99256974 0.9984523 ]
[0.9981712  0.9962057  0.996906   0.9975713  0.9285371  0.99846554
 0.9893929  0.9979201 ]
[0.99763775 0.99622524 0.9974152  0.99540967 0.84403986 0.9971335
 0.9955081  0.99907374]
[0.9981312  0.9963581  0.99812764 0.9961151  0.99857116 0.99339265
 0.99862814]
[0.9988366  0.9958384  0.99737644 0.99595994 0.9775594  0.9966276
 0.98714787 0.99854857]
[0.9976593  0.9952291  0.9957     0.9964065  0.9883365  0.99839324
 0.99331325 0.99863607]
[0.9987172  0.9977022  0.9972687  0.99692035 0.9897696  0.99710685
 0.9872873  0.9984011 ]
[0.99806696 0.99587125 0.9958262  0.9978249  0.99861944 0.9896389
 0.9976853 ]
[0.9982168  0.9957092  0.99700457 0.9953198  0.8866463  0.9982546
 0.9931316  0.99896955]
[0.9987274  0.99631613 0.9969727  0.9965758  0.9816743  0.99495476
 0.9936009  0.99895453]
[0.9986131  0.9962224  0.9973865  0.99661094 0.9978517  0.99692947
 0.997556  ]
[0.9988883  0.9972945  0.99538344 0.9957624  0.9964406  0.99580956
 0.99659973]
[0.9983638  0.9977291  0.9955498  0.9955663  0.9977156  0.99525577
 0.9990835 ]
[0.9985032  0.9967583  0.9974039  0.9962262  0.9780425  0.9981811
 0.9926543  0.99372065 0.9979663 ]
[0.9982293  0.997607   0.9969495  0.9973949  0.98725533 0.9974503
 0.9883807  0.99837214]
[0.9980034  0.9972402  0.9955974  0.9950393  0.9885638  0.99845445
 0.98209065 0.9982338  0.77375126]
[0.99859256 0.9976215  0.99598974 0.99509037 0.9394794  0.9985896
 0.9902592  0.9941718  0.9977124 ]
[0.99769646 0.9971112  0.9973265  0.9969963  0.9961976  0.9965102
 0.9983791 ]
[0.9984669  0.9973501  0.99596137 0.99559313 0.9795569  0.99742115
 0.99397886 0.9980021 ]
[0.99892277 0.9978011  0.996887   0.996256   0.9067017  0.99800247
 0.99338067 0.99862206]
[0.9974899  0.99658823 0.99729854 0.9964999  0.9129749  0.99849284
 0.99525815 0.99648094]
[0.99874485 0.997454   0.9976076  0.9977424  0.9985318  0.99335057
 0.9985586 ]
[0.99878985 0.9974343  0.9967968  0.99650586 0.93864244 0.9965579
 0.9941566  0.9983993 ]
[0.99736744 0.99787366 0.9971239  0.9962226  0.93371606 0.99802834
 0.9909899  0.99829763]
[0.9988703  0.9961159  0.99615616 0.9960205  0.998166   0.98864347
 0.9974795 ]
[0.9983542  0.99659246 0.99577075 0.99675435 0.97370243 0.9976496
 0.98958683 0.99869126]
[0.99829644 0.9961832  0.995946   0.99532616 0.9975369  0.9977315
 0.996405   0.9945532 ]
[0.9987808 0.99794   0.9958548 0.9974437 0.9977399 0.9965861 0.9990761]
[0.99895966 0.99699795 0.9970258  0.9962374  0.8476757  0.9987134
 0.99362344 0.99857664]
[0.9974535  0.99530447 0.995972   0.9966325  0.9989768  0.9667391
 0.9977647  0.992601  ]
[0.9987047  0.9974897  0.99570835 0.99518013 0.9829747  0.99750036
 0.99156755 0.9987625 ]
[0.99809927 0.9960775  0.99706274 0.9960257  0.9972851  0.99626416
 0.9977449  0.99611354]
[0.99802715 0.99597836 0.99561596 0.9964065  0.9981401  0.99441874
 0.9979412 ]
[0.99858934 0.9971493  0.9969303  0.9973326  0.9981566  0.9912913
 0.9976441 ]
[0.998021   0.9975489  0.9957729  0.99568224 0.5027647  0.99786925
 0.99610525 0.9989146 ]
[0.99782383 0.99611413 0.99770784 0.9968221  0.9687525  0.99853003
 0.83212423 0.9901024  0.9988663 ]
[0.9976634  0.9978689  0.9960486  0.99494016 0.9503851  0.99864393
 0.9928058  0.9989273 ]
[0.9981501  0.9978828  0.99686474 0.99565744 0.8479253  0.9974427
 0.9946243  0.9988055 ]
[0.9986072  0.9979335  0.99757415 0.99728584 0.998324   0.9965714
 0.9984517 ]
[0.99787045 0.9977985  0.9957289  0.99777573 0.8607689  0.9974842
 0.9913959  0.99821126]
[0.9980842  0.99573046 0.996411   0.99714077 0.9689729  0.9984706
 0.9885759  0.9969001 ]
[0.9976981  0.99701166 0.9972493  0.99567777 0.96030337 0.9971698
 0.99338585 0.996757  ]
[0.9984106  0.9979728  0.99584144 0.9978271  0.7256035  0.9979711
 0.9960537  0.99881786]
[0.99857926 0.9971629  0.99675447 0.99536985 0.99869674 0.98946685
 0.99850297]
[0.99864715 0.99790764 0.9975262  0.9972063  0.76248187 0.9986473
 0.9956014  0.9989285 ]
[0.99811125 0.997118   0.9949555  0.99640733 0.9977126  0.9949091
 0.9978005 ]
[0.9987692  0.9966401  0.99679047 0.99574775 0.9767635  0.9981103
 0.9941215  0.99884546]
[0.99836594 0.9976809  0.9959965  0.9969116  0.87383217 0.9980666
 0.8482862  0.99288297 0.9990427 ]
[0.99794024 0.99793255 0.99667466 0.9973564  0.9969886  0.99657565
 0.9980039 ]
[0.9984914  0.99602026 0.9975575  0.9976876  0.99853635 0.98561364
 0.99481887 0.96947587]
[0.9983877  0.9976319  0.9972531  0.9968598  0.99825114 0.9951402
 0.9981263 ]
[0.9982247  0.9963509  0.99545753 0.99569136 0.9419195  0.9978775
 0.99491334 0.99819654]
[0.99856865 0.99737906 0.99607027 0.99508345 0.9969921  0.9969008
 0.99681795]
[0.997929   0.9979519  0.99708146 0.9962865  0.96893054 0.9976158
 0.99472886 0.9974183 ]
[0.99791974 0.99683374 0.9976036  0.9965982  0.9873976  0.9983109
 0.98796785 0.9973386 ]
[0.9983903  0.9968208  0.9968953  0.99552035 0.96372485 0.9976852
 0.9950244  0.99760854]
[0.9972675  0.9976095  0.99598134 0.99512935 0.8811826  0.99546415
 0.9960978  0.99811894]
[0.9985642  0.9966248  0.995834   0.99754095 0.9200881  0.99853015
 0.995398   0.9986796 ]
[0.9977071  0.99584526 0.9960651  0.9951291  0.9976089  0.99206054
 0.9978175 ]
[0.99861646 0.9972339  0.99760395 0.9964143  0.99890137 0.89151776
 0.99639964 0.99346936]
[0.99850935 0.9965383  0.99545103 0.99592173 0.93883646 0.9976005
 0.9899155  0.9977423 ]
[0.9985864  0.99791366 0.99769634 0.9965603  0.8574546  0.99752957
 0.9965659  0.9984674 ]
[0.99783474 0.9959033  0.9974662  0.9954021  0.99825543 0.9967282
 0.9974936 ]
[0.99794406 0.9958846  0.9963091  0.9968867  0.9645229  0.9988819
 0.9959974  0.99841785]
[0.9975205  0.996801   0.9954853  0.9969597  0.99729353 0.99575305
 0.9987962 ]
[0.99781454 0.9961288  0.9960751  0.9964468  0.9493697  0.9963857
 0.9938034  0.9977817 ]
[0.99825794 0.99806243 0.9965642  0.99698    0.9638648  0.9958741
 0.99370027 0.9985586 ]
[0.99850523 0.99692184 0.9976539  0.9972601  0.89207107 0.9979122
 0.9954489  0.9987043 ]
[0.99833196 0.99653625 0.99788433 0.99698204 0.58445084 0.99835277
 0.9362618  0.9951206  0.99884415]
[0.9988086  0.9967006  0.99735355 0.9954371  0.9987268  0.9705771
 0.99606425 0.9990244 ]
[0.9981793  0.9975986  0.9955445  0.997735   0.97147197 0.9988902
 0.99095845 0.99871075]
[0.9980913  0.9970776  0.9969061  0.99746525 0.99705976 0.9907906
 0.998293  ]
[0.99741423 0.9975169  0.99587065 0.9974718  0.83841753 0.9970385
 0.99419796 0.9988231 ]
[0.99827456 0.99619746 0.9974522  0.99679524 0.96707916 0.99871635
 0.9945127  0.9987795 ]
[0.99829465 0.99736017 0.9960898  0.9953666  0.67779136 0.9960091
 0.99481755 0.9980604 ]
[0.9977053  0.9833062  0.9976221  0.99722725 0.9964689  0.9980526
 0.99425477 0.9984871 ]
[0.99852055 0.99700636 0.99638796 0.996911   0.9990219  0.9728458
 0.997355   0.99096817]
[0.99811614 0.9964051  0.9955871  0.99661946 0.9802775  0.99855226
 0.9945083  0.998973  ]
[0.9976422  0.99619424 0.99709785 0.99602604 0.99737537 0.9909648
 0.99841774]
[0.997976   0.9958009  0.9967541  0.9963528  0.9899234  0.9964631
 0.98391044 0.99838746]
[0.9983198  0.9974657  0.99732155 0.99626875 0.9969867  0.9974482
 0.9960217  0.9952302 ]
[0.9984112  0.99593914 0.9957813  0.99530905 0.9980122  0.98956865
 0.9978276 ]
[0.99758685 0.99731714 0.99540436 0.99531233 0.9973688  0.99642485
 0.9982698 ]
[0.9983228  0.99616516 0.99735594 0.99736494 0.9986725  0.99460053
 0.9975757 ]
[0.9981692  0.9974234  0.99774337 0.9976108  0.95353633 0.99644995
 0.9869178  0.9975556 ]
[0.9975067  0.99739033 0.996967   0.99745864 0.95224035 0.9982949
 0.98947096 0.99835324]
[0.99821126 0.9965732  0.9954592  0.9954318  0.9826857  0.998672
 0.9924293  0.9978733 ]
[0.9985165  0.9960938  0.9977685  0.9971379  0.95770335 0.99774593
 0.9953295  0.9990583 ]
[0.9989938  0.9965228  0.9969579  0.99540097 0.9956059  0.996788
 0.9981958 ]
[0.9982681  0.9979122  0.9945422  0.9965765  0.9487228  0.9976732
 0.9930709  0.99793303]
[0.9986274  0.9963922  0.9966582  0.9974458  0.89422554 0.9977647
 0.9938193  0.99795866]
[0.99810696 0.9975293  0.99518543 0.99759454 0.9966504  0.99403507
 0.9989323 ]
[0.9981877  0.99599826 0.9961515  0.9963568  0.99704903 0.98728496
 0.9986388 ]
[0.99767536 0.9967257  0.9955837  0.99784374 0.52425444 0.9984195
 0.99567395 0.9989116 ]
