Mprobs for dataset art (0.1)

[0.9962214  0.98328537 0.9949774  0.9940851  0.9947554  0.996555
 0.98340225]
[0.99856323 0.99586004 0.9970969  0.99758995 0.9833506  0.9988256
 0.94816864 0.99300945 0.9985758 ]
[0.9980642  0.9956097  0.9971692  0.99537116 0.9970745  0.99496967
 0.99841666]
[0.9985857  0.9972042  0.9964952  0.99641776 0.9507784  0.9977494
 0.9917293  0.99816716]
[0.99823123 0.9976762  0.99691856 0.99699247 0.9724887  0.9976319
 0.9862852  0.99861693]
[0.9979062  0.99731135 0.99548906 0.9966769  0.998097   0.99567246
 0.9972066 ]
[0.9984824  0.99747676 0.99696094 0.9955122  0.91626275 0.99861765
 0.99378794 0.9987429 ]
[0.99885905 0.9964708  0.99719465 0.9975012  0.81080294 0.9971635
 0.99419916 0.9987863 ]
[0.9984794  0.9955439  0.996326   0.9966853  0.99826944 0.99323434
 0.99786097]
[0.9980903  0.9981324  0.9974491  0.9965076  0.9968321  0.9882681
 0.99844897]
[0.9984652  0.9977296  0.9946585  0.99519217 0.96713823 0.99746954
 0.98993134 0.9984642 ]
[0.9980421  0.9978969  0.99778324 0.99761343 0.9980342  0.9956131
 0.9962662 ]
[0.9987835  0.9968501  0.9965553  0.9961972  0.99840695 0.9952167
 0.9985933 ]
[0.99842477 0.99660134 0.9963653  0.99510443 0.85735005 0.9981901
 0.99493885 0.9981651 ]
[0.99818796 0.99633765 0.9963594  0.9968957  0.98930794 0.9975056
 0.99121886 0.9979122 ]
[0.9977779 0.9965088 0.9977858 0.9978934 0.9975079 0.9914683 0.997903 ]
[0.998606  0.9961236 0.9966865 0.997663  0.9981304 0.9942827 0.99775  ]
[0.9985575  0.99723405 0.9969584  0.9971059  0.99511623 0.9891139
 0.99830806]
[0.99772125 0.99743325 0.9956637  0.99780506 0.99849117 0.98986965
 0.9985262 ]
[0.9974624  0.99650013 0.9968988  0.997726   0.9448826  0.9985285
 0.9941906  0.9988111 ]
[0.9981893  0.99668014 0.99708575 0.9957818  0.96777356 0.9970475
 0.9900665  0.99822706]
[0.99856144 0.9961534  0.9965664  0.9973188  0.9982407  0.9665637
 0.9981317  0.99332315]
[0.9983929  0.9975038  0.99618536 0.99560994 0.99518675 0.9918303
 0.998204  ]
[0.9982363  0.99681467 0.9976394  0.9973084  0.9981458  0.99401987
 0.9967527 ]
[0.9985896  0.9972459  0.99725324 0.99663395 0.9981147  0.99485
 0.99905175]
[0.9983923  0.99791616 0.9968359  0.9974318  0.9965844  0.9942146
 0.9985862 ]
[0.99841857 0.99697816 0.9973834  0.9978872  0.99634856 0.9942725
 0.99865544]
[0.9986701  0.9956156  0.996869   0.9975478  0.9293001  0.9962836
 0.9884369  0.99847585]
[0.99877757 0.9977996  0.99663806 0.99651825 0.99763966 0.9963252
 0.99890935]
[0.9976866  0.9978781  0.99728084 0.99655545 0.9952624  0.9931417
 0.9983183 ]
[0.99801946 0.9965887  0.9949981  0.99541265 0.9975674  0.9895354
 0.9991592 ]
[0.99787223 0.9957112  0.99667114 0.9949734  0.9982462  0.99658257
 0.99875546]
[0.99782205 0.99715817 0.99716395 0.9952253  0.9969374  0.9939942
 0.99770314]
[0.99870133 0.9958081  0.99754554 0.9967362  0.9988147  0.9964779
 0.9960096 ]
[0.9979284  0.9970511  0.99632263 0.997769   0.9954651  0.9955296
 0.99631375]
[0.99800104 0.9963452  0.9955172  0.9959388  0.9972128  0.9908919
 0.998632  ]
[0.99877006 0.9962489  0.99643517 0.9955805  0.9969036  0.9903578
 0.9983228 ]
[0.9989297  0.9957425  0.9972669  0.99549544 0.99734455 0.9985097
 0.99278355 0.9963477 ]
[0.9984927  0.995777   0.99721235 0.9963832  0.92666376 0.9970879
 0.992998   0.9986325 ]
[0.9988342  0.99710375 0.99717915 0.9973091  0.99816775 0.9953609
 0.9987941 ]
[0.99734783 0.99799573 0.9970067  0.9968953  0.9513685  0.9983575
 0.99179256 0.9979608 ]
[0.9979292  0.9975073  0.9971078  0.99714535 0.99812895 0.9947272
 0.99726284]
[0.99744    0.99672985 0.9959638  0.99551105 0.7902422  0.9973853
 0.99667287 0.99825996]
[0.9986947  0.9968431  0.9973767  0.99768496 0.9985446  0.995301
 0.9986871 ]
[0.9981219  0.99810153 0.9970546  0.99748874 0.99699414 0.99171805
 0.99884415]
[0.99862266 0.99668294 0.99617577 0.9972886  0.99628323 0.9946043
 0.9981493 ]
[0.9987167  0.99679226 0.99578434 0.9962842  0.99676126 0.9952129
 0.99768376]
[0.9987748  0.9970805  0.99593854 0.99734586 0.9630519  0.9973225
 0.9915679  0.99790287]
[0.9988311  0.9969658  0.99622536 0.9971704  0.9963082  0.99506027
 0.9966581 ]
[0.99851257 0.996644   0.9950825  0.9957585  0.9980731  0.9961144
 0.998733  ]
[0.99850523 0.99632543 0.9973546  0.9967878  0.99740237 0.9980572
 0.99173486 0.991168  ]
[0.9979152  0.9977781  0.9966708  0.9974209  0.8047917  0.99826247
 0.9917795  0.9985385 ]
[0.9984321  0.9957445  0.9966731  0.9952259  0.9983164  0.99628204
 0.9988129 ]
[0.9975794  0.9965546  0.9974322  0.99695086 0.9965454  0.9961643
 0.9987412 ]
[0.99854195 0.99744594 0.9955147  0.99515706 0.83543336 0.9986285
 0.9955592  0.99881953]
[0.9987214  0.9971692  0.996145   0.9971361  0.99607337 0.9933362
 0.9987286 ]
[0.99845314 0.9973694  0.9956499  0.99672216 0.9979431  0.99352986
 0.997195  ]
[0.9983766  0.99715734 0.9965922  0.9979517  0.9969187  0.9962417
 0.99782264]
[0.9982181  0.99748236 0.9967829  0.99599946 0.98700386 0.9976433
 0.9948473  0.95509803 0.9965282 ]
[0.9979614  0.99656254 0.9974674  0.9959817  0.99745053 0.9948954
 0.9965963 ]
[0.9980204  0.99768114 0.9957847  0.99709105 0.99671495 0.99611473
 0.99794084]
[0.9983388  0.99706453 0.99734277 0.996968   0.99777764 0.9950688
 0.99899894]
[0.9983339  0.9967873  0.99718505 0.996687   0.99745876 0.99026453
 0.9988226 ]
[0.99758136 0.9963122  0.9962697  0.997074   0.9833589  0.9972416
 0.9835805  0.9986009 ]
[0.9982438  0.99681807 0.9980889  0.9963916  0.8544727  0.9981668
 0.9910999  0.99771106]
[0.99860567 0.99598384 0.99634796 0.99543947 0.99745125 0.99245864
 0.9989384 ]
[0.99883753 0.99635196 0.9963271  0.99630725 0.9950281  0.99481696
 0.99883157]
[0.9986738  0.99767846 0.99513346 0.99715924 0.9969908  0.9961541
 0.9974088 ]
[0.99840266 0.9971794  0.9970335  0.9975326  0.998372   0.9905624
 0.99808383]
[0.9977132  0.9973629  0.9970348  0.99716634 0.99829787 0.9929403
 0.99851924]
[0.99795747 0.9958776  0.9960537  0.996766   0.9966433  0.9919247
 0.9981975 ]
[0.9985109  0.99727637 0.9970119  0.9958748  0.9965134  0.99662775
 0.9906226  0.9950782 ]
[0.9986156  0.99769515 0.9960135  0.99733824 0.9977659  0.9931206
 0.99879885]
[0.99771047 0.997396   0.99555016 0.99740666 0.9973242  0.997145
 0.9967056 ]
[0.99881387 0.9974015  0.9969518  0.9970114  0.9688034  0.997544
 0.9940545  0.99724907]
[0.99860555 0.9979602  0.99769163 0.9975859  0.9973137  0.9954639
 0.9977512 ]
[0.99849415 0.99769586 0.9970741  0.9974716  0.93116206 0.9981833
 0.99171996 0.9988418 ]
[0.99750084 0.99757653 0.9974988  0.99786097 0.86043745 0.9964393
 0.9927126  0.9989681 ]
[0.99866474 0.9969283  0.9957594  0.9977071  0.7728185  0.99887437
 0.995449   0.9990048 ]
[0.9986349  0.99708956 0.9977082  0.9967526  0.99499315 0.9989415
 0.99490285]
[0.99829906 0.9971052  0.99709356 0.9962626  0.9975585  0.99325013
 0.9987006 ]
[0.99837816 0.9980628  0.997221   0.99657756 0.92022085 0.9986411
 0.99193245 0.999186  ]
[0.9985507  0.99726415 0.99795204 0.9964637  0.9982566  0.99496484
 0.99874866]
[0.9974853  0.9981213  0.995738   0.99642366 0.99856746 0.994699
 0.99755573]
[0.9987118  0.99605644 0.9973484  0.9955942  0.99731284 0.9928658
 0.9987049 ]
[0.99860567 0.9963921  0.9967309  0.9956318  0.9443594  0.99831796
 0.9879391  0.9967411 ]
[0.9976605  0.997269   0.9973667  0.99588025 0.9773375  0.9987087
 0.9909462  0.99887747]
[0.9980439  0.99602413 0.9976762  0.99719906 0.98297924 0.99673873
 0.99082595 0.9985832 ]
[0.9987074  0.9976151  0.9960426  0.99755704 0.9964223  0.99624497
 0.99852103]
[0.99774927 0.99663264 0.9965503  0.9960353  0.9985843  0.9945241
 0.9984748 ]
[0.9980738  0.9965706  0.9959979  0.9952127  0.9309931  0.99868006
 0.9907945  0.9982503 ]
[0.99873704 0.99769294 0.99573886 0.99749595 0.9985757  0.99459696
 0.9988894 ]
[0.99812204 0.9967181  0.99708825 0.99766564 0.7820173  0.9962962
 0.9935377  0.99889684]
[0.99777704 0.9960188  0.9971359  0.99741507 0.9637189  0.99873656
 0.9909073  0.99888426]
[0.99763715 0.9963576  0.99797994 0.9975326  0.889735   0.9984256
 0.9935061  0.99904233]
[0.9984971  0.99602556 0.99558276 0.99609864 0.9985241  0.99680823
 0.9894063 ]
[0.9988777  0.9977397  0.99525636 0.99568367 0.6363754  0.9979856
 0.99409074 0.99747795]
[0.998386   0.9953917  0.99748284 0.9973393  0.8731077  0.9978003
 0.99486524 0.9982352 ]
[0.9988096  0.9961437  0.9968683  0.99556917 0.97685003 0.9980488
 0.9900877  0.9975637 ]
[0.99812764 0.99629885 0.99627495 0.994902   0.8155376  0.99834824
 0.9949136  0.9991091 ]
