Mprobs for dataset art (0.00000001)

[0.9972842  0.9783141  0.99444216 0.99586123 0.995742   0.9904902
 0.99632543]
[0.9973394  0.997686   0.9969997  0.99610704 0.9978927  0.9967763
 0.99855393]
[0.9987986  0.99722445 0.99679273 0.9969139  0.9969799  0.9881598
 0.99855965]
[0.99837154 0.9956962  0.9976277  0.9968346  0.99775994 0.99473935
 0.99854493]
[0.9988304  0.99637765 0.9966432  0.99636215 0.9973236  0.9954829
 0.9985178 ]
[0.99870014 0.99580115 0.9973839  0.9973544  0.9981937  0.9957424
 0.99663264]
[0.9987081  0.9967932  0.997601   0.99598074 0.9960129  0.9952525
 0.9987521 ]
[0.99867564 0.9980406  0.99665713 0.9963546  0.9962035  0.9967901
 0.99749434]
[0.99855274 0.99660516 0.99722713 0.9970413  0.9969632  0.99123037
 0.9988944 ]
[0.9970726  0.99673176 0.99560803 0.9977108  0.9977824  0.9933269
 0.99837637]
[0.9986582  0.99656004 0.9975541  0.99774253 0.99776363 0.99601185
 0.99849164]
[0.9975051  0.9980703  0.99723744 0.996079   0.9983134  0.9974552
 0.9985461 ]
[0.99849355 0.99667525 0.99619895 0.9973527  0.996332   0.9933489
 0.99758697]
[0.99841404 0.99715024 0.9976393  0.9968387  0.9982778  0.9894985
 0.9987337 ]
[0.9986148  0.9975713  0.9969848  0.99751294 0.99696785 0.9938012
 0.99776506]
[0.99883753 0.99663574 0.99576294 0.99550986 0.91331905 0.9978404
 0.9939746  0.99826103]
[0.9985852  0.9979371  0.99632    0.9965371  0.9967236  0.99461997
 0.99867684]
[0.9983407  0.99684215 0.9974485  0.9965708  0.996167   0.9903431
 0.99870396]
[0.99730563 0.99760133 0.9975885  0.99774736 0.99763346 0.9957384
 0.99730116]
[0.9981828  0.9963314  0.99659246 0.9961281  0.9976616  0.9907397
 0.99738747]
[0.99777323 0.99787927 0.9954354  0.9959378  0.9963612  0.9961836
 0.9983851 ]
[0.9986318  0.9978929  0.99622345 0.9968472  0.99691975 0.9946104
 0.9976882 ]
[0.9983413  0.99687564 0.9967945  0.9975261  0.9950069  0.99407285
 0.997031  ]
[0.9987513  0.9956781  0.9954384  0.9957703  0.9977307  0.99668014
 0.98632866 0.99611473]
[0.99770397 0.99557686 0.9955503  0.9968574  0.9984059  0.99607867
 0.9975823 ]
[0.99759465 0.9956787  0.9970126  0.9970771  0.9004521  0.9969387
 0.9940303  0.99793136]
[0.99855024 0.9978923  0.99657625 0.9963844  0.65851676 0.9979703
 0.99467164 0.9955454 ]
[0.99812764 0.9966768  0.99807894 0.99551815 0.9986285  0.9901271
 0.99844825]
[0.99779737 0.9963685  0.99515164 0.9965025  0.9968701  0.9950263
 0.9985019 ]
[0.9983423  0.9967715  0.99640405 0.99760324 0.53482187 0.99678147
 0.99530655 0.9987772 ]
[0.9986237  0.99804425 0.9974039  0.9970579  0.9987804  0.9944014
 0.9989838 ]
[0.9988305  0.99549943 0.997038   0.99558866 0.9982829  0.98990774
 0.99813014]
[0.9977157  0.9960937  0.9966307  0.99724233 0.9981077  0.9893588
 0.9986136 ]
[0.997922   0.9979219  0.9969007  0.99702543 0.6566818  0.9978255
 0.9928952  0.9985416 ]
[0.9976036  0.996302   0.99751604 0.996442   0.998555   0.9969523
 0.99856263]
[0.9986261  0.9988587  0.99696237 0.99739325 0.9971163  0.99614316
 0.9944232 ]
[0.9985734  0.9959871  0.99672407 0.99796414 0.99701667 0.9929836
 0.9977703 ]
[0.99891126 0.99739325 0.9971307  0.99621993 0.98894125 0.9956175
 0.99831283 0.98359007 0.9987978 ]
[0.9974432  0.9972025  0.9955455  0.99764663 0.99736965 0.99429387
 0.99764806]
[0.9976186  0.9964095  0.99600667 0.99640167 0.99789834 0.9965424
 0.997106  ]
[0.9978594  0.99613094 0.99621683 0.99593264 0.99744475 0.99136037
 0.9990608 ]
[0.997849   0.9977469  0.9971366  0.99708694 0.99818856 0.9946813
 0.9981584 ]
[0.9982393  0.997471   0.99739623 0.99552083 0.9967193  0.9931982
 0.99899215]
[0.9987896  0.99659795 0.9979063  0.9968912  0.9965258  0.99765164
 0.9931263  0.9960653 ]
[0.9984534  0.99783677 0.99612856 0.9967354  0.99758065 0.9963356
 0.9965198 ]
[0.99818087 0.9963971  0.99537563 0.9960681  0.99771523 0.9962786
 0.9988236 ]
[0.9977049  0.9977469  0.99566215 0.9955147  0.99842656 0.9938531
 0.99803096]
[0.9978916  0.9978314  0.99651104 0.9969598  0.96758974 0.9976497
 0.9885705  0.9968766 ]
[0.99787235 0.99749774 0.9980136  0.99663347 0.8627886  0.99828595
 0.99611855 0.99868006]
[0.99715096 0.99591136 0.99739563 0.99746776 0.7271247  0.99832207
 0.99586713 0.9985678  0.7400482 ]
[0.99886984 0.99685705 0.9975441  0.99647516 0.9714949  0.9984919
 0.99353254 0.99883443]
[0.9984232  0.9966614  0.9969037  0.9955485  0.9548658  0.99874216
 0.99310774 0.99665326]
[0.9976701  0.99597126 0.9976768  0.9974093  0.9973928  0.98930466
 0.9988587 ]
[0.9977397  0.9972785  0.9974191  0.9971431  0.99783057 0.9917412
 0.9986443 ]
[0.99873286 0.99796104 0.99705565 0.9959632  0.99679154 0.9922347
 0.99830353]
[0.998645   0.9976882  0.99791616 0.9966454  0.99836415 0.99564433
 0.9981217 ]
[0.9984707  0.9972264  0.9957889  0.99704933 0.9971578  0.9917481
 0.9988927 ]
[0.998168   0.9979032  0.9965     0.9969964  0.9976319  0.99516207
 0.9979976 ]
[0.9971462  0.9972524  0.99614704 0.99639016 0.998142   0.99443215
 0.9983937 ]
[0.9981743  0.99605453 0.9976441  0.99764156 0.99765813 0.9916747
 0.9977151 ]
[0.99824584 0.9971425  0.99601907 0.99620396 0.99715084 0.9924737
 0.9981475 ]
[0.9984004  0.9971449  0.9963903  0.9971438  0.99748635 0.99356306
 0.9978619 ]
[0.9987852  0.9955948  0.9958967  0.99587435 0.9980736  0.99573106
 0.9986609 ]
[0.9978198  0.9959616  0.9972391  0.99614954 0.99777967 0.9936947
 0.9985469 ]
[0.99867576 0.9969097  0.9977482  0.9954875  0.9983438  0.9909933
 0.9985927 ]
[0.99809605 0.99670416 0.9958753  0.9960169  0.99778926 0.9937163
 0.9990977 ]
[0.99841774 0.9979861  0.9979012  0.9972313  0.9958215  0.99784756
 0.99450135 0.9984224 ]
[0.9977768  0.99710006 0.9957355  0.9966378  0.99717784 0.9927851
 0.99854386]
[0.9972568  0.99792033 0.99659985 0.99788123 0.997675   0.99591416
 0.9972276 ]
[0.99845195 0.9971095  0.99762017 0.9976859  0.99696404 0.98897576
 0.9989103 ]
[0.99805117 0.9967417  0.9969568  0.9959966  0.9978549  0.9956637
 0.99869245]
[0.9979849  0.9963708  0.99567705 0.99634874 0.99787366 0.99503917
 0.9983656 ]
[0.99837995 0.99677724 0.9972529  0.9971963  0.6960108  0.99685633
 0.9919701  0.9992454 ]
[0.9986601  0.9963198  0.99663746 0.9972072  0.99688905 0.9968736
 0.99783105]
[0.998324   0.99689734 0.9978607  0.996332   0.99685127 0.99641246
 0.9987299 ]
[0.9987684  0.99789435 0.9954464  0.9962011  0.9976476  0.9925861
 0.9978174 ]
[0.9974275  0.99751306 0.9971003  0.99527764 0.9565581  0.99707663
 0.99395967 0.99877423]
[0.99831617 0.9964211  0.9971366  0.9955735  0.9954477  0.99440247
 0.99809295]
[0.9980045  0.9970265  0.99607545 0.99762195 0.9026699  0.9968412
 0.99002784 0.99865425]
[0.99885345 0.99742055 0.99715817 0.99614257 0.9965879  0.9955937
 0.9958609 ]
[0.99770075 0.9974631  0.99683446 0.9960647  0.9976186  0.99658185
 0.9985825 ]
[0.9984212  0.9979401  0.9955048  0.9972752  0.9692095  0.9981336
 0.99340254 0.9979377 ]
[0.99815065 0.9971414  0.9971123  0.9959985  0.9967699  0.99259865
 0.9976526 ]
[0.9972217  0.99815637 0.9954993  0.996829   0.996335   0.9961116
 0.9980083 ]
[0.9987783  0.9969036  0.99727803 0.9975235  0.9969626  0.9957065
 0.99598277]
[0.9988054  0.99676174 0.9970144  0.99533916 0.7642747  0.99835324
 0.9922024  0.99770015 0.99776614]
[0.998678   0.9972473  0.9959428  0.9966869  0.9968364  0.994882
 0.99626666]
[0.9982791  0.9972204  0.9980667  0.9967765  0.99874616 0.9891055
 0.9987753 ]
[0.99758995 0.9955676  0.9962167  0.9965071  0.997844   0.98823196
 0.9983354 ]
[0.9980609  0.9977441  0.99580413 0.997332   0.9487517  0.9982426
 0.98986584 0.99752   ]
[0.99757546 0.9956453  0.9977539  0.9971391  0.99760395 0.99410844
 0.9990683 ]
[0.998422   0.99623704 0.9971927  0.99710387 0.9978492  0.9976921
 0.99669373 0.99774843]
[0.99757224 0.9981146  0.99758136 0.9954092  0.9982096  0.99219126
 0.99812883]
[0.9986779  0.9977623  0.9963722  0.9976311  0.94041175 0.998379
 0.993087   0.99591845]
[0.99772984 0.9970374  0.9975122  0.9956709  0.9987558  0.99535084
 0.9978411 ]
[0.9986947 0.9973394 0.9979887 0.9953517 0.9970855 0.9966204 0.9974341
 0.9962488]
[0.9978295  0.99796885 0.9966775  0.99562585 0.99734026 0.9958716
 0.99824154]
[0.99752575 0.9970613  0.996599   0.9976815  0.9988951  0.9731704
 0.9985385  0.9939135 ]
[0.9986602  0.9979221  0.9961033  0.9970392  0.9975321  0.9942253
 0.99890447]
[0.9981975  0.9956221  0.99712414 0.9958691  0.99663514 0.9917365
 0.9975501 ]
