Mprobs for dataset art (0.01)

[0.9959079  0.9846644  0.9940327  0.99660337 0.9940398  0.9966376
 0.9850116 ]
[0.99824023 0.99795914 0.9977204  0.9957562  0.9968928  0.99603564
 0.99866736]
[0.9986203  0.9971878  0.99677306 0.9956494  0.93233544 0.99653035
 0.9925248  0.99891067]
[0.9984263  0.99644864 0.99720436 0.9966876  0.9975752  0.993598
 0.99724823]
[0.99820197 0.9965436  0.9966049  0.99672395 0.9956383  0.9910788
 0.99852943]
[0.99781287 0.9959611  0.99740714 0.9966544  0.9981206  0.99333197
 0.9968442 ]
[0.9981249  0.99783474 0.9958246  0.9955817  0.9984901  0.9970271
 0.98850715]
[0.99858034 0.9964347  0.9970084  0.9975642  0.99673504 0.9930709
 0.9980509 ]
[0.99834645 0.99681014 0.9975345  0.9969072  0.9978491  0.99659616
 0.9969939 ]
[0.99853456 0.9976821  0.9970024  0.9977222  0.95142275 0.9967681
 0.98979795 0.9976095 ]
[0.99875784 0.99598783 0.9962173  0.9970444  0.99819845 0.9953055
 0.99896324]
[0.9984848  0.9973738  0.99567837 0.9977596  0.85757744 0.99785465
 0.99109167 0.9970356 ]
[0.9976941  0.99689865 0.99731785 0.9975637  0.9983638  0.9906617
 0.997832  ]
[0.99816006 0.9963355  0.9969087  0.99531484 0.9974126  0.9958406
 0.99799526]
[0.9987987  0.99522674 0.99650997 0.9958353  0.9479094  0.9966993
 0.99519265 0.9979538 ]
[0.99767596 0.9977849  0.9974419  0.9971903  0.94874996 0.99882835
 0.99182934 0.9985683 ]
[0.9980983  0.9976891  0.99689615 0.9957194  0.99826777 0.99500436
 0.9970816 ]
[0.9984061  0.9974602  0.99768126 0.9968162  0.995884   0.99638957
 0.9964263  0.9975344 ]
[0.9978708  0.99661714 0.9959942  0.99667966 0.9970599  0.9946708
 0.9987061 ]
[0.99872273 0.9972735  0.99722964 0.99668115 0.9971877  0.9951024
 0.9969971 ]
[0.9965396  0.9960908  0.9978531  0.9969643  0.9979231  0.99288917
 0.99886924]
[0.99781346 0.9964636  0.9977168  0.9955382  0.99856937 0.9952899
 0.9988815 ]
[0.9987596  0.9958197  0.9977981  0.99658114 0.9982332  0.9948618
 0.99434423 0.9976018 ]
[0.9976471  0.99794203 0.996615   0.99764556 0.9972716  0.9958734
 0.9978229 ]
[0.99799144 0.99662846 0.9976476  0.9958549  0.9986237  0.98885405
 0.9991222 ]
[0.9983109  0.9954613  0.99777126 0.99688065 0.99853694 0.9953513
 0.9971295 ]
[0.9980894  0.99641705 0.9957748  0.9968219  0.956339   0.9982621
 0.9945656  0.9972857 ]
[0.9981767  0.9966582  0.99784493 0.9964562  0.9739692  0.9989404
 0.99248934 0.99850595 0.92585325]
[0.99773395 0.99760807 0.99728465 0.99693656 0.96170354 0.9977239
 0.99080604 0.9984975 ]
[0.9986136  0.9969343  0.99706894 0.9959241  0.9630753  0.9975726
 0.9920493  0.9976927 ]
[0.9982438  0.99727684 0.9962515  0.9978859  0.99801815 0.9915091
 0.9986167 ]
[0.9976356  0.9967264  0.9975811  0.9968246  0.9956589  0.9963075
 0.9971726  0.99783933]
[0.99881256 0.9965616  0.99697816 0.9970937  0.6182074  0.9942331
 0.9964903  0.9956831  0.99844617]
[0.9980223  0.99582446 0.9960615  0.9976047  0.98171955 0.9975781
 0.99192214 0.99814546]
[0.9973354  0.99711716 0.995682   0.99712425 0.9974267  0.9960557
 0.99803203]
[0.99846977 0.9962353  0.99732    0.9962022  0.99607855 0.9942139
 0.99639773]
[0.99874026 0.99604046 0.9962309  0.995181   0.9601498  0.997919
 0.99389815 0.9986935 ]
[0.99749196 0.99702483 0.9961279  0.996865   0.9978682  0.99427396
 0.9982243 ]
[0.99874395 0.9965624  0.9978192  0.9966425  0.99841654 0.99618226
 0.9989555 ]
[0.99786216 0.99777323 0.99588984 0.99702954 0.99805933 0.9926393
 0.99768066]
[0.9979519  0.997767   0.99682945 0.9958513  0.6663346  0.9983089
 0.99437237 0.9988887 ]
[0.9985964  0.9966474  0.997216   0.99695086 0.9978927  0.98829913
 0.9984725 ]
[0.9977221  0.9977441  0.9957302  0.9972179  0.99734503 0.9974074
 0.9990821 ]
[0.9988325  0.9976539  0.9971898  0.99614656 0.90957195 0.9983901
 0.99196035 0.9966336 ]
[0.9986972  0.99769163 0.9963775  0.9969522  0.9027543  0.98835725
 0.99724376 0.9950878  0.9987375 ]
[0.99754685 0.99618226 0.9963973  0.9974765  0.9978175  0.9959776
 0.9990766 ]
[0.9986739  0.99672997 0.9975147  0.9960621  0.99644035 0.9940268
 0.9985018 ]
[0.9971206  0.99593985 0.99562657 0.99723804 0.9978962  0.9959556
 0.99868935]
[0.9986547  0.99770963 0.99651754 0.9956262  0.9981061  0.9981541
 0.9944048 ]
[0.99770135 0.99699914 0.9970697  0.9967908  0.9959273  0.99756444
 0.99164045 0.995812  ]
[0.99885345 0.9972254  0.99698097 0.9956073  0.99477094 0.998574
 0.9946037  0.9984522  0.8811557 ]
[0.9983613  0.99780947 0.9970374  0.99612975 0.99744594 0.99593616
 0.9982827 ]
[0.998287   0.9953881  0.9961892  0.9973232  0.99802125 0.99275744
 0.99836427]
[0.9988129  0.9970559  0.9976138  0.9972736  0.99837863 0.98984236
 0.9989918 ]
[0.99803    0.997139   0.9964947  0.99745244 0.99760216 0.9911307
 0.9979001 ]
[0.99848974 0.99789894 0.99816185 0.9951579  0.9977137  0.9957086
 0.99780136]
[0.99874145 0.9966363  0.9964976  0.99630004 0.99539196 0.9936837
 0.9979506 ]
[0.9978237  0.9958865  0.9975032  0.99634224 0.9974596  0.9920195
 0.9981501 ]
[0.9984748  0.99628145 0.99621    0.9974986  0.9797733  0.99809664
 0.99034166 0.9982728 ]
[0.9984296  0.9978624  0.9970385  0.99672914 0.92737055 0.9981501
 0.99445987 0.9983658 ]
[0.99747723 0.9979723  0.9952819  0.9958801  0.8997507  0.9979341
 0.99624205 0.99823016]
[0.9977314  0.9953306  0.99615675 0.9955778  0.99787414 0.98383117
 0.9907141  0.99842715]
[0.9972646  0.9960645  0.9979144  0.9950658  0.99584514 0.99563944
 0.9976739 ]
[0.99750596 0.99638474 0.9960983  0.9967168  0.9980726  0.99188375
 0.99803203]
[0.99771285 0.9977451  0.99676514 0.9978635  0.99824023 0.9911295
 0.9983083 ]
[0.99770254 0.9975731  0.9970931  0.9953778  0.9984876  0.9958717
 0.9972446 ]
[0.99830186 0.9979461  0.99599165 0.9953466  0.99661547 0.99406815
 0.99815804]
[0.9988102  0.9954465  0.99761105 0.99682885 0.9947636  0.9955374
 0.99845064]
[0.9984573  0.99568945 0.9975803  0.9976922  0.9977442  0.99307007
 0.99770206]
[0.9977763  0.9975776  0.9962281  0.99568766 0.9977088  0.9959794
 0.99714917]
[0.9975479 0.9970408 0.9977514 0.9960109 0.9969554 0.9955681 0.9981451]
[0.99857855 0.99758196 0.9973888  0.99707556 0.9986657  0.9928929
 0.99553865 0.9972187 ]
[0.99804497 0.99596053 0.9980514  0.9964941  0.9985123  0.99446154
 0.9961599 ]
[0.998606   0.9964545  0.99736744 0.9953225  0.9360634  0.9981548
 0.9945569  0.9970585 ]
[0.9985073  0.99728775 0.9962108  0.99629056 0.9958515  0.99523926
 0.9956405  0.99722326]
[0.9987808 0.9971125 0.9963367 0.9964399 0.9970848 0.9964669 0.9958403]
[0.998509   0.99659926 0.9980872  0.9975261  0.9979603  0.9923878
 0.9979898 ]
[0.9988953  0.996454   0.99776125 0.9954786  0.9971706  0.99743724
 0.9837013 ]
[0.9987728  0.995719   0.99768436 0.99743205 0.8765524  0.99857974
 0.99393433 0.99884677]
[0.9975817  0.996705   0.99681383 0.9975237  0.99787605 0.9953323
 0.99612147]
[0.9978721  0.99747497 0.9960724  0.9964933  0.9625331  0.99833256
 0.99188715 0.9982405 ]
[0.997332   0.9959317  0.9963553  0.9971425  0.9970163  0.99405164
 0.9979662 ]
[0.9986766  0.99693656 0.9955199  0.9965713  0.9966102  0.9948953
 0.997835  ]
[0.99819475 0.99575436 0.9977114  0.9959585  0.99743325 0.9957503
 0.9966987 ]
[0.99861205 0.99717844 0.9971607  0.9956791  0.972652   0.9932695
 0.9967861  0.9957235  0.99891233]
[0.99809366 0.9977035  0.99742496 0.9967572  0.99835134 0.99394906
 0.99746823]
[0.9971933  0.9979519  0.99527884 0.99740064 0.9966678  0.9955291
 0.9986376 ]
[0.9976682  0.9975204  0.99490535 0.9970927  0.9972109  0.99538654
 0.9979899 ]
[0.9975502  0.99780375 0.9974087  0.99556977 0.99759895 0.9891186
 0.99869555]
[0.9983602  0.9976331  0.99754494 0.9957308  0.9990715  0.9983633
 0.9921669 ]
[0.99824333 0.9972621  0.9959137  0.9967918  0.9980781  0.9965012
 0.99791723]
[0.9979964  0.99729556 0.99583733 0.9959973  0.998403   0.9949574
 0.9987697 ]
[0.99849    0.9968593  0.9972669  0.9974045  0.99717855 0.9942984
 0.9974005 ]
[0.9982071  0.9976585  0.99719536 0.99585104 0.96852475 0.998473
 0.99333376 0.9987923 ]
[0.9976259  0.99736625 0.99463236 0.9966073  0.9980848  0.98833
 0.9988519 ]
[0.9976902  0.99660313 0.99712294 0.9959478  0.9966972  0.9918351
 0.99898857]
[0.9986596  0.9962806  0.99712014 0.99600536 0.9792332  0.9985607
 0.9934777  0.99887174]
[0.9982039  0.9969313  0.99774534 0.9971173  0.9984459  0.9958923
 0.9981079 ]
[0.998844   0.9973049  0.99636555 0.99755776 0.998302   0.99500763
 0.9990721 ]
[0.9981584  0.995523   0.99736327 0.9972554  0.99883896 0.9953452
 0.9989778 ]
