Mprobs for dataset art (0.000000001)

[0.9966061  0.9746619  0.9928451  0.99529356 0.9965526  0.99688184
 0.99406165]
[0.9986261  0.9963517  0.9966468  0.9979401  0.99765515 0.9900423
 0.9983575 ]
[0.99886656 0.9979195  0.99653876 0.9969386  0.9964701  0.9937429
 0.9980774 ]
[0.9973717 0.9967237 0.9967243 0.9976247 0.9985103 0.9980247 0.9923665]
[0.9980044  0.9973158  0.9979966  0.99737334 0.81827426 0.9979426
 0.992576   0.99641657]
[0.99720794 0.9962226  0.9971757  0.9978163  0.9978194  0.99484974
 0.9983663 ]
[0.99909234 0.99648786 0.99722713 0.99615663 0.997532   0.99044377
 0.9984206 ]
[0.9975834  0.9968496  0.996545   0.99719244 0.9832266  0.9979231
 0.98958695 0.9989365 ]
[0.99832815 0.9968045  0.99685574 0.997733   0.996718   0.9925276
 0.9987355 ]
[0.99852955 0.9970546  0.9965359  0.99730057 0.99679154 0.99314594
 0.9982613 ]
[0.99789053 0.9958467  0.9971872  0.9954472  0.9986873  0.996092
 0.998689  ]
[0.9976553  0.9956833  0.9964051  0.99513525 0.99408734 0.997879
 0.9939766  0.9989435 ]
[0.99806935 0.9975262  0.99762696 0.9962004  0.9976767  0.9936845
 0.99766314]
[0.9987043  0.9969537  0.9976681  0.99701357 0.99837625 0.9953571
 0.9989794 ]
[0.9976859  0.9977112  0.9975147  0.99760675 0.99775344 0.9939833
 0.9986726 ]
[0.9982646  0.9975925  0.9975327  0.99780875 0.99508494 0.9980804
 0.99520063 0.999065  ]
[0.99867624 0.9953177  0.99772865 0.99587715 0.73546463 0.9981431
 0.9904811  0.9965868 ]
[0.99824536 0.9974565  0.9970902  0.99547845 0.99825376 0.9946148
 0.99894005]
[0.9978295  0.9972869  0.9963959  0.9976701  0.99860966 0.99510527
 0.99931383]
[0.99860734 0.996829   0.9954686  0.9966613  0.92225283 0.99731547
 0.9956031  0.99849045]
[0.9985544  0.99775153 0.99728954 0.9967078  0.9973707  0.98965794
 0.99701107]
[0.99849975 0.99793965 0.99606496 0.9970902  0.99801093 0.99585354
 0.9960259 ]
[0.998116   0.99617344 0.99614596 0.99685055 0.9973156  0.9952016
 0.9984603 ]
[0.9984297  0.99808455 0.9971904  0.9972058  0.9810338  0.99759835
 0.99365014 0.9978759 ]
[0.9980173  0.9971859  0.9965951  0.99630785 0.99686843 0.99484634
 0.9984963 ]
[0.9974849  0.99692994 0.99611485 0.9976743  0.99759537 0.99506146
 0.9987758 ]
[0.99737847 0.99583036 0.99631613 0.9975293  0.99644357 0.9960074
 0.9977558 ]
[0.9980107  0.9973634  0.99807274 0.9974298  0.9976299  0.99611264
 0.99574935]
[0.99743205 0.99792814 0.9955456  0.9977896  0.99758995 0.9951302
 0.9985524 ]
[0.99852544 0.9977416  0.9976973  0.9978842  0.9977514  0.9952075
 0.9979734 ]
[0.9976673  0.9971763  0.9953885  0.9976375  0.9973959  0.9960961
 0.99803156]
[0.99840933 0.9968265  0.9977719  0.99644285 0.93470854 0.99820936
 0.9893528  0.9991021 ]
[0.9987471  0.9966139  0.99779177 0.99743384 0.7441426  0.9980444
 0.99446964 0.9969572 ]
[0.9979849 0.9977443 0.9961862 0.9970777 0.9401676 0.9984888 0.995004
 0.9988997]
[0.9975967  0.9963601  0.9965539  0.99577713 0.74775666 0.9952886
 0.99292177 0.9974119 ]
[0.9980051  0.9882904  0.99661046 0.99681383 0.99584454 0.9964888
 0.9943944  0.99717796 0.96985257]
[0.9977342  0.9966793  0.99633104 0.99718875 0.9972676  0.99359554
 0.9986161 ]
[0.9981501  0.9966048  0.9959869  0.99619186 0.9983903  0.99633116
 0.9982558 ]
[0.9976708  0.9967366  0.9952668  0.9975527  0.99626774 0.9945616
 0.9959508 ]
[0.99831605 0.99749434 0.9968561  0.99753344 0.97879195 0.9984931
 0.99097955 0.99756753]
[0.99806494 0.99663275 0.99524444 0.9960089  0.90658104 0.9968605
 0.9907342  0.9981793 ]
[0.99818194 0.9960574  0.99789196 0.9978776  0.8313049  0.99822587
 0.99597794 0.9989467 ]
[0.99880326 0.99643564 0.99653995 0.9967687  0.99697375 0.99467695
 0.9978678 ]
[0.9982685  0.99804235 0.9954911  0.99689317 0.9984201  0.9937808
 0.9986387 ]
[0.9977496  0.9974861  0.9948996  0.995548   0.99645245 0.99530715
 0.99864143]
[0.9981193  0.99561214 0.997718   0.9961611  0.8765769  0.9977901
 0.9958882  0.9971782 ]
[0.99824715 0.9969785  0.99618006 0.9954847  0.99864346 0.99249774
 0.99847573]
[0.9981218  0.92267656 0.9957093  0.997888   0.9975358  0.9338514
 0.99843556 0.9119306  0.9941176  0.99833965]
[0.9978496  0.9963948  0.9976942  0.996983   0.9975172  0.9949608
 0.99800915]
[0.99860114 0.9969072  0.997841   0.99622405 0.99841464 0.99609214
 0.99756455]
[0.997523   0.9967732  0.99721956 0.9968071  0.99756706 0.9942473
 0.9988751 ]
[0.998798   0.99670213 0.9964528  0.99698156 0.9984634  0.99485695
 0.9968393  0.9950948 ]
[0.9980599  0.9974826  0.99531    0.9977991  0.91848993 0.9978662
 0.9907458  0.99837554]
[0.9985557  0.9963766  0.996994   0.9970988  0.99652666 0.99488246
 0.99681276]
[0.99828845 0.99741614 0.9974451  0.9961892  0.96688807 0.99676406
 0.9952585  0.9982482 ]
[0.9978885  0.9963309  0.9971892  0.99752706 0.86228406 0.99740964
 0.9930483  0.998606  ]
[0.99868494 0.9978573  0.99659544 0.9957377  0.9983386  0.99351406
 0.99700683]
[0.9986192  0.99703443 0.99738497 0.9973876  0.9975319  0.99402076
 0.9984875 ]
[0.99750924 0.99624664 0.99703133 0.9973586  0.9971956  0.9957781
 0.9988747 ]
[0.9987795  0.99660146 0.99710554 0.997086   0.9984653  0.99592763
 0.9988877 ]
[0.9980959  0.99556774 0.99744725 0.99662554 0.9814357  0.9978994
 0.9936883  0.9978708 ]
[0.9971591  0.9967386  0.9955225  0.99667156 0.9985083  0.9953193
 0.9966535 ]
[0.998538   0.9973832  0.9971282  0.99791855 0.9983929  0.9946439
 0.9988399 ]
[0.99852556 0.9964425  0.996729   0.99557143 0.90264803 0.99828243
 0.9915889  0.9968136 ]
[0.99861217 0.9971998  0.9961539  0.9962425  0.9976101  0.99589974
 0.99892515]
[0.9982475  0.99604565 0.9974764  0.99583095 0.9974942  0.99501944
 0.9958293 ]
[0.99821234 0.9976084  0.9972205  0.9963821  0.99766695 0.9937158
 0.9985915 ]
[0.99823004 0.99564517 0.997598   0.9965837  0.62293726 0.9984736
 0.99529666 0.99642724 0.9976667 ]
[0.9978295  0.9968081  0.99677867 0.99741554 0.6416577  0.99827814
 0.9960492  0.9992312 ]
[0.9988293  0.99655294 0.995465   0.99774534 0.99678123 0.9928347
 0.9982291 ]
[0.9988902  0.9991161  0.99635017 0.9976786  0.99722373 0.9965874
 0.99480313]
[0.99786985 0.99583554 0.9964849  0.9973882  0.99714667 0.9962811
 0.99866176]
[0.9975701  0.9967919  0.997755   0.99754375 0.5742741  0.99516535
 0.9979278  0.9949639  0.9987243 ]
[0.99722844 0.9969928  0.9968515  0.9964862  0.56605995 0.9986303
 0.99846834 0.9954698 ]
[0.9981358  0.99544287 0.99764144 0.9978091  0.5066207  0.99607205
 0.9912039  0.99877065]
[0.9984017  0.9978734  0.99729973 0.99694026 0.99861336 0.99589324
 0.9984915 ]
[0.9986638  0.99640524 0.99582434 0.99754924 0.99861324 0.99396074
 0.9978059 ]
[0.99865144 0.99755824 0.9973579  0.9965252  0.95861644 0.99726343
 0.9921485  0.99819416]
[0.9975504  0.997482   0.99747485 0.99524635 0.96065724 0.99842083
 0.9880469  0.9986696 ]
[0.99826956 0.9975858  0.9958656  0.9975854  0.9985886  0.99793196
 0.99037397]
[0.9981431  0.996252   0.99758565 0.99685836 0.9970976  0.99562126
 0.9965276 ]
[0.9976319 0.9969445 0.9971065 0.995503  0.9980428 0.9929963 0.9985297]
[0.9971487  0.99614257 0.9956049  0.99573946 0.99837375 0.9960549
 0.9987198 ]
[0.9970812  0.99786335 0.9977469  0.99661237 0.9980895  0.9982817
 0.9959857 ]
[0.998092   0.9969951  0.99643904 0.9975988  0.9989998  0.99645376
 0.9951381 ]
[0.9979881  0.99703264 0.9959026  0.9959203  0.99828017 0.9916299
 0.9957099 ]
[0.9983525  0.99688053 0.9975575  0.99707675 0.99696594 0.9967025
 0.9986168 ]
[0.9973568  0.99665856 0.99751925 0.9951657  0.99846447 0.994449
 0.9970566 ]
[0.99801207 0.9958996  0.9957325  0.99669504 0.9983358  0.99578
 0.99796414]
[0.9979978  0.9970291  0.9969549  0.9975228  0.9975915  0.99399275
 0.99852955]
[0.9982461  0.99773705 0.99779236 0.9962191  0.95450914 0.9979062
 0.9941174  0.9982992 ]
[0.99830997 0.9974445  0.9964908  0.99702054 0.9986047  0.99287087
 0.9983076 ]
[0.99865204 0.9957625  0.9974625  0.9970221  0.9968466  0.99657226
 0.999252  ]
[0.99871683 0.99703    0.99710745 0.9972549  0.9776187  0.9981628
 0.98697865 0.99765354]
[0.9989471  0.997035   0.996804   0.99576604 0.835639   0.9973762
 0.99492985 0.9978823 ]
[0.99879694 0.99726176 0.9961398  0.9969669  0.9971505  0.99608165
 0.99752825]
[0.99837863 0.9974527  0.9973054  0.99594045 0.9976841  0.99428624
 0.9973972 ]
[0.9983729  0.9960907  0.9963559  0.99790937 0.9537733  0.99618846
 0.98792493 0.9984339 ]
[0.99750453 0.995751   0.99777776 0.99623114 0.99862957 0.99696237
 0.9984011 ]
[0.997465   0.99711275 0.99716043 0.9968065  0.9978275  0.99589866
 0.9967914 ]
