Mprobs for dataset art (10)

[0.993824  0.9036414 0.6845452 0.9882401 0.9445631]
[0.9985545  0.9623448  0.9960756  0.99473566 0.9945181  0.56298846
 0.9929127  0.9689306  0.97349596 0.98945963 0.9868559  0.99579287
 0.9799887  0.99064153 0.99432135 0.9929842  0.9979208 ]
[0.9987423  0.99656004 0.9848781  0.99669445 0.99739933 0.9948139
 0.9862076  0.99382484 0.99742174 0.94887596 0.94370556 0.9932193
 0.9971117  0.986182   0.7587569  0.99738485 0.97479963 0.98009914
 0.9898316  0.936239   0.9975618 ]
[0.9988619  0.9177768  0.98810184 0.99592304 0.99590176 0.9950936
 0.7105579  0.99579597 0.9453347  0.99396646 0.98994154 0.95576656
 0.98671305 0.9924689  0.99731535 0.97017395 0.9978167 ]
[0.9978769  0.9643731  0.99605787 0.9963838  0.9970848  0.69554526
 0.9926392  0.9923981  0.97880983 0.9939401  0.9834999  0.9903666
 0.99180037 0.9875687  0.99721885 0.9948113  0.9893919  0.9934163 ]
[0.9973425  0.97711    0.9966192  0.9975038  0.99637693 0.97989297
 0.99502254 0.9714677  0.9911379  0.99465287 0.97823673 0.94954014
 0.9960438  0.9899104  0.9919573  0.9883305  0.99787414]
[0.9989009  0.9825691  0.99673766 0.9963469  0.9947778  0.8664269
 0.99291515 0.9783276  0.9724787  0.99471825 0.9894851  0.99644023
 0.993956   0.989794   0.99707866 0.98332673 0.99205315 0.9722596 ]
[0.99855274 0.94471914 0.99628    0.9964586  0.9953708  0.5452961
 0.98455447 0.9959061  0.98918134 0.9867633  0.9847381  0.91200644
 0.99691844 0.9939725  0.9411561  0.99454737 0.9922873  0.9923639
 0.9949673 ]
[0.9972248  0.98085403 0.9968984  0.99521554 0.9955623  0.9951218
 0.9921232  0.9976978  0.9857804  0.65774417 0.988489   0.9216166
 0.9388257  0.98832345 0.99841905 0.99689096]
[0.99866676 0.8594751  0.9818957  0.99516994 0.9954072  0.99616635
 0.71767116 0.9943144  0.83690673 0.9581232  0.9964636  0.993339
 0.9866954  0.9549866  0.9931971  0.99545395 0.9943758  0.99812025
 0.9867083  0.99845815]
[0.99886864 0.9748652  0.9966761  0.99562764 0.9955401  0.99411607
 0.99631625 0.9586502  0.9933728  0.9928542  0.962786   0.99565166
 0.99094325 0.9979527  0.9897709  0.9977804 ]
[0.9981102  0.97325563 0.9856931  0.99712414 0.99545646 0.9966737
 0.7344293  0.9925747  0.9964671  0.96528006 0.99799865 0.992292
 0.56947404 0.99228424 0.9216928  0.9981173  0.9886314  0.99819785]
[0.9983499  0.9790749  0.9971239  0.9966809  0.995989   0.99084294
 0.97247    0.95897216 0.9938758  0.9903004  0.99764353 0.99145496
 0.99787164 0.9881676 ]
[0.99885917 0.9880762  0.9955462  0.9972038  0.9967675  0.9919843
 0.99577725 0.9778151  0.9967085  0.9913736  0.9544164  0.99371207
 0.9910568  0.9982917  0.9811414  0.9976726 ]
[0.9982998  0.9841611  0.99725807 0.9969959  0.9970408  0.9939832
 0.9768892  0.9008055  0.9905291  0.9906158  0.99663997 0.9944166
 0.96503097 0.99704164 0.9772865 ]
[0.9989579  0.981931   0.995676   0.99472165 0.99478275 0.99675745
 0.8433361  0.99410915 0.9454096  0.98653644 0.98264414 0.993601
 0.99507165 0.9929045  0.9981548  0.9875288  0.9966949 ]
[0.99783    0.9868472  0.99709547 0.99635726 0.99660814 0.9936092
 0.97508293 0.9944729  0.95843285 0.99093413 0.9982533  0.9893483
 0.7408056  0.9982931  0.9777148 ]
[0.99816716 0.9830011  0.9955996  0.9962935  0.9956175  0.98426384
 0.98324615 0.99536175 0.9861071  0.9979437  0.9868824  0.9910054
 0.99861073 0.9876793 ]
[0.9985857  0.95256454 0.9808616  0.99524224 0.9966822  0.9952057
 0.9874736  0.94593185 0.8943356  0.99613947 0.9842105  0.9968881
 0.9965759  0.9987601  0.9904643 ]
[0.99899393 0.9960377  0.9897026  0.9955112  0.9953426  0.9958125
 0.986192   0.9925166  0.9962631  0.9692898  0.9374591  0.944359
 0.9959978  0.98744386 0.79906106 0.9932234  0.99758184 0.9931886
 0.96846235 0.9977337 ]
[0.9991148  0.9745439  0.98756754 0.99714833 0.99669814 0.9952177
 0.8408305  0.99469465 0.9958475  0.9600631  0.9929046  0.98697925
 0.9312609  0.9953381  0.984213   0.9983956  0.9565597  0.99776375]
[0.9976051  0.9754218  0.99680424 0.9963224  0.9968104  0.99387383
 0.9964546  0.9768767  0.9985733  0.98881197 0.7576279  0.939171
 0.9963014  0.9113026  0.9948544  0.9901934  0.9920575  0.99728096]
[0.9990639  0.96300143 0.9872765  0.99443674 0.9965249  0.9959441
 0.7038509  0.71270174 0.99495065 0.92422825 0.99581784 0.98118204
 0.9862942  0.9926157  0.99231964 0.9940627  0.99875855 0.98072284
 0.9979449 ]
[0.9977623  0.7509611  0.9774803  0.9937298  0.99581945 0.9961868
 0.9968215  0.98268616 0.55812585 0.9938886  0.99113715 0.98408026
 0.96045166 0.9920704  0.9868721  0.9955439  0.9985858  0.9908817
 0.9976701 ]
[0.99819046 0.6643721  0.98559177 0.99472934 0.9965815  0.99638915
 0.51459587 0.98994094 0.9972977  0.91972786 0.9956012  0.9899373
 0.9890211  0.8173161  0.99340266 0.9943808  0.99854565 0.9818617
 0.99804175]
[0.9984579  0.97461456 0.9839924  0.9971589  0.99739635 0.99586606
 0.6279175  0.98309994 0.99612325 0.83126736 0.99702317 0.9921847
 0.7617477  0.9944661  0.75739175 0.9986498  0.98007685 0.99724174]
[0.9976184  0.9825036  0.9957409  0.99582183 0.9968393  0.979699
 0.99446493 0.9795038  0.5808728  0.9877658  0.99490523 0.9852449
 0.9458169  0.9966119  0.9933676  0.9945708  0.8840787  0.978526
 0.998014  ]
[0.99791306 0.9400372  0.97850424 0.99739873 0.99464583 0.99504375
 0.6222025  0.9933867  0.99539906 0.98962325 0.9941105  0.9879915
 0.96879375 0.98329103 0.9864835  0.99752194 0.98258984 0.9980743 ]
[0.997332   0.9848007  0.9964928  0.9972229  0.9966557  0.5560483
 0.9892301  0.9968851  0.58354914 0.99741036 0.98688614 0.99783593
 0.7333731  0.98929775 0.997543   0.9977063 ]
[0.99878377 0.98277414 0.99543    0.9955592  0.9950315  0.98149467
 0.9959365  0.9747917  0.99771357 0.9932922  0.93365204 0.99268275
 0.9075747  0.9900163  0.9980165  0.99789906]
[0.99870527 0.95232403 0.9829106  0.9941843  0.99626464 0.99642664
 0.64101726 0.994517   0.9961743  0.9867359  0.99315685 0.99088776
 0.98579687 0.97749716 0.9866658  0.99851924 0.99260217 0.9866327
 0.99717134]
[0.9986388  0.9882824  0.9946432  0.99614835 0.99489427 0.6482144
 0.99103653 0.996119   0.9787459  0.9949033  0.9921748  0.90247095
 0.9728228  0.99222964 0.981248   0.99815124 0.97920793 0.9974873 ]
[0.99840987 0.9559691  0.97792965 0.99529463 0.9957749  0.9951703
 0.6758036  0.99559444 0.9732948  0.9964839  0.9863171  0.98945075
 0.99396616 0.99879175 0.9799818  0.90810156 0.9981345 ]
[0.99854505 0.96569157 0.997246   0.9958627  0.9960685  0.96403295
 0.9801759  0.9913351  0.99008733 0.98615485 0.99752337 0.99145246
 0.99212945 0.99829096 0.9898461  0.99229664]
[0.9986488  0.9818423  0.99753726 0.9951047  0.99647707 0.990708
 0.9955373  0.9853977  0.9941612  0.98541147 0.97501355 0.9927568
 0.9903391  0.99661344 0.9747663  0.997614  ]
[0.998287   0.9784264  0.9672859  0.99610114 0.99587554 0.99551207
 0.9964516  0.9908529  0.9954269  0.9853292  0.98373425 0.9926916
 0.99640036 0.96514446 0.9903108  0.9850876  0.99331635 0.9984748
 0.99820006]
[0.99785703 0.9914253  0.99573755 0.99570036 0.9971132  0.9923678
 0.996534   0.8233091  0.99741805 0.99127483 0.69396377 0.9960884
 0.7523952  0.9985285  0.97795314 0.9974717 ]
[0.99855345 0.984469   0.9971855  0.9967243  0.9964005  0.5024933
 0.991355   0.9970372  0.9869174  0.9979704  0.98687625 0.9960181
 0.7705146  0.9880713  0.99849045 0.99753773]
[0.9978315  0.90017265 0.9892007  0.9960472  0.99739635 0.99653816
 0.8118635  0.99593866 0.99116206 0.99515766 0.9874807  0.6049079
 0.81762415 0.9918177  0.9805315  0.99840754 0.9900919  0.9804647
 0.9982382 ]
[0.9980147  0.9842668  0.9958224  0.99520797 0.99570024 0.9896818
 0.9941619  0.9815506  0.99738175 0.98903275 0.9958429  0.6646721
 0.9986045  0.9849068  0.9972077 ]
[0.9985073  0.9814154  0.98895776 0.9946525  0.9959337  0.9947253
 0.898369   0.99391806 0.99476045 0.96049875 0.9950269  0.98926777
 0.9332503  0.993533   0.990892   0.99787796 0.9761924  0.9981025 ]
[0.9985347  0.9684341  0.99517435 0.9965969  0.99554956 0.94963187
 0.98754346 0.98106223 0.99267286 0.9851193  0.99577856 0.9903978
 0.98127556 0.98809505 0.993228   0.9973936 ]
[0.99847513 0.9811064  0.98861176 0.9966918  0.99625695 0.99682164
 0.81597024 0.99406356 0.9911061  0.99736446 0.9822099  0.9939237
 0.9911492  0.6932393  0.9988205  0.98490095 0.9982526 ]
[0.9976649  0.98353714 0.9976889  0.99614596 0.99653256 0.9849052
 0.9577906  0.99269897 0.9973316  0.98316145 0.940308   0.9946163
 0.9927147  0.982509   0.99203825 0.93541926 0.98717415 0.9976579 ]
[0.99789447 0.98214734 0.9941099  0.99691063 0.9964509  0.99098957
 0.99576974 0.9866093  0.9958851  0.9881589  0.9871723  0.8772566
 0.9777411  0.9742556  0.9903092  0.9972785  0.9930864 ]
[0.99911386 0.97944313 0.9901405  0.99701095 0.9971282  0.99714845
 0.86699253 0.9936801  0.9965305  0.9243634  0.99363613 0.98594904
 0.9890187  0.9960145  0.9939302  0.9983063  0.9607643  0.99814   ]
[0.9988011  0.980434   0.98872364 0.9970355  0.9951729  0.997373
 0.9361942  0.9932346  0.99684983 0.99364704 0.98653305 0.9955036
 0.98899114 0.96763057 0.9931617  0.98250717 0.9923868  0.99863154
 0.98850536 0.95358497 0.99764544]
[0.9986854  0.98464507 0.9440305  0.9977642  0.99632144 0.9976186
 0.99378175 0.97427225 0.81966394 0.9877049  0.9968899  0.98371166
 0.8729353  0.99522984 0.98427755 0.99461186 0.9209618  0.95801604
 0.9967006  0.9833692 ]
[0.9988054  0.9565977  0.9892953  0.99753904 0.9974432  0.9963593
 0.8031448  0.99019533 0.9973834  0.63372993 0.9983027  0.9904935
 0.9967991  0.88400006 0.9983374  0.97042894 0.9982932 ]
[0.9977673  0.979594   0.99521327 0.99636865 0.9972529  0.5789329
 0.99400914 0.99594325 0.9877325  0.99642134 0.9877416  0.9486176
 0.98979783 0.99228036 0.98974    0.9983552  0.9979956 ]
[0.9987233  0.9834288  0.9742478  0.9974848  0.9959965  0.9959468
 0.986094   0.7774254  0.8433731  0.95138276 0.9970983  0.9747011
 0.9509699  0.9906289  0.99012226 0.99325484 0.9937348  0.85659224
 0.9574312  0.98289675 0.9967236 ]
[0.99802727 0.9545604  0.97943455 0.995667   0.99634093 0.99627554
 0.8482751  0.86161685 0.99400675 0.96775913 0.9518455  0.9809902
 0.996234   0.99133575 0.7071863  0.9652605  0.9931467  0.99273854
 0.99839896 0.9809528  0.9978902 ]
[0.99872106 0.7354716  0.979014   0.99688584 0.9970373  0.99717665
 0.98392004 0.9743662  0.75094616 0.9940626  0.98507416 0.99777323
 0.99677795 0.998486   0.98124605]
[0.9975369  0.9836066  0.9961985  0.9947502  0.9973635  0.9934422
 0.96517867 0.93447894 0.98812383 0.98846346 0.98894227 0.9673075
 0.99753225 0.98475754 0.99122006 0.9972914  0.98873585]
[0.99857175 0.97745186 0.99518484 0.9957281  0.9950428  0.99421823
 0.9853162  0.9977691  0.992729   0.5449881  0.9797935  0.9746791
 0.9928478  0.6955642  0.9965329  0.99299085 0.993359   0.99411976]
[0.9980667  0.9741382  0.99695444 0.9958134  0.99653983 0.561841
 0.99346524 0.9604431  0.9844207  0.9961959  0.9877137  0.9957082
 0.99506617 0.9925051  0.99783957]
[0.99846435 0.94206    0.97949123 0.9959781  0.99639845 0.9959209
 0.6911237  0.9950597  0.99418604 0.99560153 0.9825776  0.9862125
 0.98909795 0.99178946 0.9983479  0.98915136 0.99819213]
[0.9979956  0.96449095 0.981201   0.9962249  0.9962555  0.9957426
 0.9935689  0.85083866 0.9714329  0.9947462  0.989311   0.93937886
 0.99443746 0.99450994 0.998803   0.9886031  0.99708444]
[0.998609   0.6769551  0.99018025 0.9961152  0.9949051  0.99730396
 0.6210714  0.99505675 0.99539715 0.96582127 0.98238534 0.9965418
 0.9929386  0.9822208  0.9705329  0.9945834  0.99274445 0.9977089
 0.85064614 0.97516114 0.99782926]
[0.99825925 0.90849274 0.9889843  0.99642736 0.99726224 0.9944142
 0.6225655  0.99278826 0.9971413  0.6639427  0.99252796 0.9982627
 0.9828332  0.97966504 0.9431658  0.9780879  0.9984066  0.9936493
 0.9876984  0.99801743]
[0.99753475 0.98089325 0.9956274  0.99575317 0.9965233  0.992201
 0.99691665 0.99078304 0.9978389  0.9837765  0.9918366  0.8822
 0.99620205 0.98401505 0.98001796 0.99678624]
[0.9986999  0.96955115 0.98374397 0.9951611  0.997018   0.99679786
 0.573335   0.9933617  0.96081966 0.9942504  0.9767195  0.9604033
 0.99350464 0.98371834 0.9982798  0.974773   0.9975694 ]
[0.9991191  0.9565354  0.986832   0.9970042  0.99439806 0.99714154
 0.7751951  0.7559351  0.99569476 0.99614716 0.93762696 0.99551374
 0.9876152  0.982499   0.84526896 0.9937238  0.99478465 0.98046565
 0.99719703 0.9979888 ]
[0.9978549  0.9554549  0.99552804 0.995227   0.9943024  0.8641817
 0.9970367  0.9747226  0.99692947 0.9881643  0.98477453 0.8993924
 0.85123336 0.991013   0.99548966 0.9962915  0.99408925 0.9983398
 0.99781513]
[0.9988599  0.9843448  0.9958073  0.99501896 0.9955563  0.99553984
 0.98012847 0.98819065 0.979113   0.98923177 0.9946201  0.9925249
 0.9940983  0.61743385 0.9986099  0.992837   0.9836262  0.99811053]
[0.9983829  0.9047326  0.98753035 0.99658847 0.9953622  0.99576557
 0.9944988  0.993986   0.9859912  0.9965546  0.9891431  0.992269
 0.96860194 0.9882506  0.9936289  0.99831945 0.98887175 0.9971173 ]
[0.9990274  0.9542531  0.98714    0.99714977 0.9955433  0.99486166
 0.6956969  0.6982068  0.9960524  0.9756882  0.99305904 0.9902076
 0.9876507  0.9937132  0.99576074 0.99412704 0.9985273  0.98635083
 0.99851424]
[0.9987658  0.73015726 0.98453367 0.99539834 0.9957354  0.99694484
 0.9951565  0.9955022  0.98824346 0.9955778  0.9881782  0.98272127
 0.86748224 0.99043465 0.99184483 0.9983369  0.98781013 0.9981888 ]
[0.99888045 0.9724159  0.9894992  0.99597746 0.99662054 0.99594384
 0.9016219  0.99482936 0.9402949  0.9716403  0.9919556  0.98615843
 0.9900129  0.993668   0.99422    0.99823475 0.9619005  0.9979578 ]
[0.9986842  0.99033827 0.9590932  0.9978836  0.99588865 0.99662507
 0.98853856 0.99204004 0.9965294  0.9476899  0.9936619  0.9973687
 0.9836646  0.811967   0.9097127  0.978187   0.99216276 0.9816675
 0.99821246 0.9964671 ]
[0.9975682  0.9815423  0.9951622  0.9943025  0.9969994  0.9958657
 0.99582976 0.9674828  0.9969836  0.9902559  0.99026465 0.88617915
 0.99268806 0.9949563  0.99840873 0.9903278  0.99792624]
[0.99816775 0.9868261  0.9629982  0.9954608  0.99548584 0.9947025
 0.9045192  0.9829979  0.99435306 0.96927917 0.9971929  0.985451
 0.9513817  0.89316285 0.99436235 0.99287343 0.8411681  0.9909807
 0.9869757  0.998223   0.99833065]
[0.9971923  0.9784666  0.9974154  0.9971495  0.99542457 0.9886967
 0.97501594 0.98728627 0.99393255 0.98073167 0.996582   0.9917337
 0.9969813  0.98192215 0.91280764]
[0.9980831  0.79055035 0.9779368  0.99679357 0.9959247  0.9965268
 0.9958326  0.9883503  0.99144673 0.98781335 0.9869425  0.994208
 0.99036366 0.98729205 0.99438477 0.9984499  0.990892   0.9964149 ]
[0.99835396 0.9858694  0.997083   0.99681145 0.9950606  0.9879923
 0.98972523 0.9578971  0.76719075 0.9852819  0.99629396 0.9865545
 0.9473067  0.9945062  0.98823625 0.9909999  0.9733367  0.9983798 ]
[0.99820197 0.9664714  0.99723023 0.99703574 0.99429905 0.98134834
 0.9623627  0.9726102  0.995767   0.98458755 0.99469465 0.9908578
 0.99054354 0.99816626]
[0.99772054 0.97812676 0.99743634 0.997656   0.995917   0.9815212
 0.960206   0.98945975 0.99527246 0.9879973  0.6300814  0.99557364
 0.9906747  0.9889226  0.99830025]
[0.99804115 0.8229424  0.99529606 0.9973895  0.997297   0.62799567
 0.9940904  0.9943469  0.9897864  0.9952571  0.9869472  0.99083763
 0.9724143  0.9945826  0.9977054  0.9912423  0.97088426 0.9978782
 0.9176022 ]
[0.99769294 0.97311664 0.99703985 0.996619   0.99621767 0.64399195
 0.9934877  0.97905344 0.9943316  0.96980447 0.9910483  0.9833788
 0.9804186  0.99732274 0.9930447  0.99444383 0.9873453  0.9919601 ]
[0.99832195 0.9749351  0.99694425 0.99481297 0.9968541  0.6601465
 0.928632   0.99461657 0.8894992  0.9940753  0.9841389  0.9944946
 0.9909746  0.99274045 0.9926414  0.9944258  0.99143326 0.9982253
 0.9976744 ]
[0.99837935 0.9781965  0.9953929  0.9974033  0.99487007 0.9445341
 0.9821989  0.9893873  0.9934627  0.98208076 0.5795586  0.9967278
 0.9942111  0.997957   0.9885528 ]
[0.9974421  0.9967823  0.9950675  0.9972357  0.9135771  0.9958626
 0.9385749  0.99382496 0.9881642  0.7968734  0.99691606 0.9911227
 0.9900339  0.99259573 0.9947292  0.99218726 0.99677175 0.9952076
 0.99632215 0.98255986]
[0.99814975 0.9338275  0.98856634 0.9960834  0.99662375 0.9948501
 0.6505521  0.9945825  0.80256206 0.9859407  0.9939016  0.99067533
 0.9904356  0.9947866  0.54245573 0.9984464  0.9886335  0.9982785 ]
[0.99872345 0.9778437  0.9961358  0.996485   0.9944681  0.5541251
 0.9944454  0.99519926 0.98705137 0.99679995 0.9925822  0.98134524
 0.98967534 0.99114734 0.9843918  0.99778086 0.9974607 ]
[0.9984829  0.9677682  0.9838255  0.9961052  0.9963875  0.9952135
 0.9924976  0.7796207  0.99575126 0.9819079  0.99726534 0.991812
 0.85526365 0.9933664  0.98430645 0.99681085 0.9735902  0.9976597 ]
[0.9972205  0.98054093 0.99527174 0.9973718  0.99756515 0.98566926
 0.9924225  0.9679663  0.9796687  0.9971425  0.9910761  0.9249612
 0.99097776 0.9916363  0.9916379  0.96322256 0.9888132  0.9982009 ]
[0.9987218  0.97365    0.99621826 0.9971215  0.9966164  0.9855219
 0.993218   0.9916169  0.9974802  0.98776686 0.71031696 0.91494375
 0.9822129  0.79393756 0.98914754 0.9980385  0.99645007]
[0.9978981  0.98046875 0.99575365 0.9959777  0.994842   0.9800511
 0.9701174  0.99224234 0.9953159  0.9806709  0.9972791  0.9921292
 0.99129033 0.99864537]
[0.9984957  0.947883   0.99424994 0.9977005  0.99685526 0.9973302
 0.75237685 0.99837434 0.9928941  0.9962387  0.9594047  0.9855209
 0.99635434 0.9876517  0.9887709  0.9909136  0.6797554  0.99530315
 0.9928773  0.995606   0.6437395 ]
[0.9988424  0.9750437  0.98996603 0.9967444  0.99597365 0.99526286
 0.81888443 0.99278545 0.9943082  0.9881882  0.997726   0.99017054
 0.8511194  0.99380714 0.99877113 0.98581725 0.9963367 ]
[0.998104   0.9505817  0.97662544 0.9970457  0.9974486  0.99665326
 0.9934505  0.5494675  0.9964013  0.9814829  0.9961952  0.99092275
 0.9920859  0.7583808  0.9901211  0.99518013 0.97346115 0.9709873
 0.9970528 ]
[0.9985942  0.61289704 0.9842966  0.99720794 0.9961075  0.9954411
 0.54973596 0.9937218  0.9958075  0.98986256 0.8154716  0.98950654
 0.9956125  0.98829657 0.98862946 0.98927605 0.996415   0.9971419
 0.98561263 0.9962984 ]
[0.99770725 0.99153495 0.72692615 0.9959857  0.99635136 0.9954229
 0.9881242  0.99373275 0.98120993 0.8692214  0.99017346 0.99468035
 0.9858482  0.9178604  0.9963736  0.9938904  0.99181443 0.98692536
 0.99808925]
[0.99869674 0.97383785 0.9920292  0.9958163  0.9972824  0.9960431
 0.7849936  0.98989093 0.99643874 0.9796353  0.9978969  0.9883812
 0.99578035 0.7823402  0.9983365  0.97928166 0.9977902 ]
[0.9986111  0.98096    0.99756014 0.99688536 0.9968816  0.668031
 0.9932755  0.9951557  0.8938996  0.99743974 0.9842912  0.842059
 0.99730104 0.90005326 0.99238765 0.9973763  0.99832696]
[0.99904376 0.93831927 0.971835   0.9953696  0.9961926  0.99725515
 0.6923678  0.6720301  0.9947601  0.9805187  0.99688345 0.9825602
 0.6886927  0.9696018  0.9908593  0.9915767  0.9884821  0.836279
 0.9980696  0.997652  ]
[0.99864787 0.95734817 0.9889051  0.9973271  0.99679947 0.9965738
 0.54992616 0.9896584  0.90516835 0.8513164  0.6684885  0.9895359
 0.98959875 0.99025565 0.9963471  0.9890267  0.99860793 0.96636504]
[0.9982772  0.9751492  0.9965767  0.9955988  0.99540764 0.98568785
 0.9971258  0.9864303  0.99777126 0.99203193 0.97953266 0.9956156
 0.7705104  0.9968913  0.9895168  0.98330784 0.9963726 ]
[0.99763584 0.9738471  0.99633753 0.99546576 0.9942608  0.99548656
 0.97703177 0.99814236 0.9846966  0.9952213  0.92007446 0.9448133
 0.9923029  0.9981046  0.9978205 ]
[0.998872   0.9357436  0.98375213 0.9965886  0.99526876 0.9970156
 0.78236264 0.9928007  0.99732    0.98993534 0.9960598  0.9887659
 0.93143326 0.8511218  0.9895502  0.99253184 0.9977227  0.98232734
 0.9977575 ]
