Mprobs for dataset art (0.001)

[0.99552226 0.9567661  0.9951644  0.996896   0.99608094 0.99299943
 0.9886468 ]
[0.9981425  0.9951698  0.9966762  0.99647444 0.9976635  0.9967373
 0.99810165]
[0.99867696 0.99550444 0.9956619  0.9963288  0.9977284  0.99573815
 0.9968064 ]
[0.99851304 0.9970233  0.99662787 0.99584323 0.99791974 0.9930025
 0.99832386]
[0.99849343 0.9978538  0.9971705  0.9972361  0.9956695  0.9939774
 0.99864405]
[0.9984654  0.99742186 0.99585754 0.9971349  0.9957735  0.9964761
 0.99921143]
[0.99857855 0.996338   0.99763703 0.9960206  0.98361754 0.99800915
 0.99262816 0.99892944]
[0.99728274 0.99649614 0.99559444 0.9965617  0.99836355 0.9961957
 0.99870455]
[0.9984497  0.99764156 0.99733245 0.9966276  0.99828595 0.99332255
 0.9987618 ]
[0.99828464 0.99748635 0.9978393  0.9964653  0.99862087 0.99543756
 0.99865544]
[0.99845624 0.9954472  0.99726784 0.9968503  0.997517   0.9958521
 0.9977793 ]
[0.99858826 0.99764687 0.99677736 0.9961069  0.9418109  0.9984339
 0.99205714 0.99876934]
[0.99767226 0.9976857  0.99779475 0.99577457 0.99897575 0.99659723
 0.9935436 ]
[0.9987802  0.997733   0.99673504 0.9956863  0.99532384 0.9965754
 0.99875236]
[0.9984864  0.9972752  0.99582976 0.99753416 0.97088563 0.9983625
 0.9915418  0.9990163 ]
[0.99857605 0.9963289  0.9962817  0.99586016 0.9986199  0.997021
 0.9988979 ]
[0.99732286 0.99553996 0.99766314 0.9962985  0.99596643 0.9967499
 0.9978497 ]
[0.99888104 0.99543864 0.996139   0.9955776  0.99789715 0.9962876
 0.99890137]
[0.9983429  0.9961754  0.997943   0.99756914 0.996947   0.9966968
 0.99870026]
[0.9976102  0.9963899  0.99792683 0.9970547  0.9963953  0.9950322
 0.9974922 ]
[0.99705815 0.99611413 0.997538   0.99781966 0.5838998  0.996102
 0.99876654 0.9926488  0.99207073]
[0.99863106 0.99803585 0.9959208  0.99638075 0.99816436 0.9963301
 0.9970329 ]
[0.9980883  0.99643207 0.9969549  0.99628806 0.99829775 0.9933549
 0.9985505 ]
[0.9986419  0.99620074 0.99698263 0.9961068  0.97836864 0.99652666
 0.99071    0.998259  ]
[0.99877983 0.99755305 0.99673283 0.99720925 0.9974183  0.9899221
 0.99814546]
[0.99797267 0.9965911  0.99719954 0.9954222  0.9981199  0.9905627
 0.99732107]
[0.998357   0.99576265 0.9970463  0.99779034 0.99768996 0.99527967
 0.9980708 ]
[0.997804   0.9960757  0.99692255 0.9976725  0.99724376 0.9932413
 0.9983728 ]
[0.998044  0.9963303 0.9973884 0.997393  0.9980951 0.9914927 0.9980117]
[0.99743336 0.99659294 0.9966851  0.9979494  0.99756444 0.99636984
 0.9978623 ]
[0.99835336 0.9969206  0.99608094 0.9954626  0.998126   0.99338716
 0.998609  ]
[0.99852043 0.9973896  0.9977303  0.9973972  0.9984999  0.9970118
 0.9988018 ]
[0.9987508  0.99592185 0.9976496  0.9969343  0.99840975 0.9942477
 0.99860555]
[0.99843377 0.9977471  0.9959269  0.99588984 0.925159   0.997428
 0.99547124 0.99841034]
[0.9986142  0.9978237  0.9962553  0.99713254 0.99855644 0.9961617
 0.9989371 ]
[0.99754107 0.9971221  0.99749017 0.99562573 0.9984181  0.99544024
 0.99781287]
[0.9983198  0.9974752  0.99690765 0.9965391  0.996655   0.99485767
 0.9980465 ]
[0.9988532  0.9962643  0.9978473  0.99594575 0.98969424 0.9985507
 0.98457146 0.9986985 ]
[0.9978873  0.99722326 0.99716705 0.99566454 0.99706024 0.9909247
 0.998601  ]
[0.9989146 0.9959948 0.9953551 0.9979225 0.9983581 0.9964149 0.9982304]
[0.9987702  0.9963456  0.9972422  0.9966425  0.9946504  0.9974253
 0.9950576  0.99844426]
[0.99851567 0.99781466 0.99631965 0.99610126 0.9979577  0.992967
 0.99895453]
[0.9984717  0.99709487 0.99545234 0.9961712  0.9963787  0.9963153
 0.99927074]
[0.9988877  0.9974247  0.99687684 0.9956921  0.99466103 0.9981018
 0.9951296  0.99885905]
[0.99763083 0.9958533  0.99607974 0.9979778  0.9956689  0.99257493
 0.99887425]
[0.9978642  0.99797004 0.9971168  0.9964868  0.99782676 0.99655426
 0.99874675]
[0.998635   0.99781656 0.99609804 0.9977406  0.9970759  0.99406356
 0.9987363 ]
[0.9985195  0.99771947 0.9967379  0.9949757  0.9836933  0.99712306
 0.99052644 0.9974347 ]
[0.99868137 0.9972531  0.995761   0.9973429  0.99812573 0.99386954
 0.99860865]
[0.9976351  0.996627   0.99679774 0.9969121  0.9983935  0.9908188
 0.99794596]
[0.99820113 0.99586934 0.9965502  0.99535626 0.92510074 0.9987166
 0.9930032  0.99764436]
[0.9986376  0.99794966 0.99624    0.99698883 0.99841905 0.99209034
 0.9984351 ]
[0.99754363 0.997785   0.9950837  0.9975625  0.9972783  0.99629277
 0.9967008 ]
[0.99767524 0.99715936 0.9963567  0.99791306 0.9987398  0.99563855
 0.9988894 ]
[0.9984403  0.9967449  0.99680376 0.99655896 0.9957487  0.9974947
 0.99254817 0.9961959 ]
[0.9981377  0.9965694  0.99758196 0.9964971  0.99841106 0.9939739
 0.9985827 ]
[0.99848574 0.9964251  0.9967745  0.9971259  0.9976927  0.992424
 0.9976089 ]
[0.99758613 0.9974872  0.9979522  0.9975291  0.9965036  0.996482
 0.9980294 ]
[0.99876153 0.9972295  0.9976265  0.9962884  0.8473744  0.99491125
 0.99827206 0.9920874  0.99880624]
[0.99861073 0.99575776 0.99595356 0.9965654  0.9974062  0.9943768
 0.99890256]
[0.9979961  0.9968016  0.9971917  0.99602437 0.997136   0.99517375
 0.99852365]
[0.9986004  0.9960652  0.9954087  0.99744874 0.9968478  0.99474996
 0.9986179 ]
[0.9984856  0.9967282  0.9959881  0.996506   0.9971307  0.9947785
 0.99768937]
[0.9983625  0.99589986 0.99722433 0.9963296  0.9969133  0.9957229
 0.9981823 ]
[0.9986994  0.99704725 0.99651355 0.9976246  0.99741876 0.992942
 0.9985642 ]
[0.99818546 0.99690515 0.9970577  0.9969773  0.9987708  0.99359
 0.9981749 ]
[0.9976857  0.9969081  0.9975925  0.9953839  0.99747354 0.9952435
 0.9980166 ]
[0.99820435 0.99668914 0.995333   0.99739575 0.99726486 0.98982984
 0.9989649 ]
[0.9985985  0.99767417 0.9956637  0.9967872  0.94162905 0.99774796
 0.9892595  0.99773276]
[0.9985475  0.99770856 0.99669266 0.9964036  0.8869028  0.9985979
 0.993926   0.9985624 ]
[0.9987361  0.9975533  0.99745613 0.99730873 0.96926224 0.9974746
 0.9934975  0.99850637]
[0.9980915  0.99669075 0.9954703  0.9955835  0.99800926 0.99574053
 0.99865425]
[0.99851733 0.9975854  0.99703383 0.99579215 0.99697137 0.9951989
 0.9982998 ]
[0.9988142  0.9960829  0.99743444 0.99705964 0.9976121  0.9892664
 0.99863166]
[0.99833375 0.9982009  0.99731463 0.9969944  0.9985638  0.9936609
 0.9979894 ]
[0.9985474  0.9966743  0.9979494  0.99751925 0.9983583  0.9834992
 0.99691534 0.9993001 ]
[0.9984975  0.9954918  0.99615806 0.9969625  0.9986105  0.99199134
 0.99808526]
[0.99881846 0.99744403 0.99641645 0.997306   0.94388795 0.9965844
 0.9902181  0.99737024]
[0.9989779  0.9964546  0.99711037 0.9975683  0.99868995 0.99533457
 0.9988586 ]
[0.99687296 0.9972383  0.9962838  0.9955017  0.9972783  0.9945791
 0.996837  ]
[0.998574   0.99713457 0.9964588  0.9963451  0.51569206 0.9982753
 0.99151057 0.99713933]
[0.99873835 0.9977198  0.99617153 0.9972529  0.998162   0.9953171
 0.99805826]
[0.9986823  0.9963905  0.99544334 0.9969612  0.9490557  0.9974648
 0.99398404 0.9990959 ]
[0.9983479  0.99721366 0.99533516 0.9974335  0.9958377  0.9936939
 0.99875927]
[0.99822575 0.99771357 0.99657285 0.9968257  0.99778074 0.99044925
 0.9987556 ]
[0.9988519 0.9967429 0.9961714 0.9967524 0.9969478 0.9911499 0.9979498]
[0.99779725 0.9971105  0.99762964 0.9967715  0.99628687 0.99457127
 0.99826485]
[0.9977836  0.9970943  0.99635965 0.9977574  0.9987375  0.9978241
 0.9947378 ]
[0.99824667 0.9980567  0.99654263 0.9958163  0.994495   0.99811506
 0.996412   0.995895   0.9969432 ]
[0.9974962  0.9959884  0.9977156  0.9955605  0.99777335 0.993127
 0.9984895 ]
[0.998577   0.99607605 0.99655735 0.9978302  0.99839896 0.99731076
 0.99563944]
[0.9987056  0.99760026 0.9961008  0.99717003 0.9981639  0.994166
 0.9969387 ]
[0.99819297 0.99784935 0.9977423  0.9979248  0.53511614 0.99748814
 0.99665195 0.9983765 ]
[0.9983645  0.9978683  0.99521625 0.9971528  0.97272766 0.99791926
 0.9930012  0.9983455 ]
[0.99783736 0.99651766 0.9957736  0.9965984  0.9968028  0.9924251
 0.9969907 ]
[0.99791235 0.9965244  0.9974955  0.99734914 0.998123   0.99403375
 0.99900645]
[0.9976024  0.998058   0.9956696  0.99761057 0.9978921  0.99677175
 0.99876   ]
[0.9974241  0.9979042  0.99776375 0.9969919  0.9987388  0.9920426
 0.9981108 ]
[0.9979377  0.9974617  0.99586225 0.99665964 0.9978089  0.99503267
 0.9974982 ]
[0.997785   0.9969813  0.9968078  0.99690884 0.99578923 0.9926997
 0.9979381 ]
