Mprobs for dataset art (0.00001)

[0.9960329  0.98112524 0.9942139  0.99563193 0.99630797 0.99604225
 0.9958792 ]
[0.99825495 0.9975165  0.9962125  0.99779713 0.9981388  0.9936401
 0.9991266 ]
[0.99843055 0.9979963  0.997212   0.9962198  0.9976267  0.99093425
 0.99794215]
[0.9988502  0.9964418  0.9971512  0.9968135  0.997707   0.99106723
 0.9986609 ]
[0.9984963  0.9969928  0.99803656 0.99687505 0.9982963  0.9928423
 0.9982613 ]
[0.9987752  0.99644583 0.9970367  0.9970085  0.9983462  0.99508274
 0.9977847 ]
[0.9978575  0.99738175 0.9973284  0.99746907 0.9980716  0.98993486
 0.9981883 ]
[0.9976834  0.9973788  0.99601364 0.99560034 0.99731594 0.9945451
 0.9984865 ]
[0.99862766 0.99770015 0.9971264  0.9955212  0.9986197  0.99623376
 0.9982186 ]
[0.9987519  0.99802196 0.9967951  0.99588865 0.9977931  0.9922126
 0.99788135]
[0.9980627  0.9981432  0.9958242  0.9970988  0.9977495  0.9946398
 0.99821293]
[0.99869376 0.997015   0.9971523  0.99647886 0.9991948  0.998432
 0.9959514 ]
[0.9986676 0.9956578 0.9965836 0.9977112 0.9985838 0.9972162 0.9972318
 0.9886735]
[0.99732286 0.9963415  0.99728584 0.99670655 0.99447507 0.9977963
 0.99471635 0.99882025]
[0.9979824  0.99624664 0.9958157  0.99638164 0.9427129  0.99646664
 0.98744684 0.99761355]
[0.9977863  0.9962682  0.99761295 0.9954725  0.99679357 0.9967524
 0.9969542 ]
[0.99838316 0.9958482  0.9978085  0.9972377  0.99708885 0.9939937
 0.99723345]
[0.9978688  0.9959676  0.99737215 0.9974323  0.997511   0.9961754
 0.9988661 ]
[0.99798954 0.99679357 0.99648064 0.9963355  0.99840444 0.9906317
 0.99827397]
[0.99788    0.9959435  0.9962859  0.9955266  0.99822015 0.9955585
 0.9991609 ]
[0.9983917  0.99659795 0.9965239  0.99762964 0.9983693  0.99504244
 0.9986798 ]
[0.9978516  0.9977245  0.9960026  0.9960693  0.9987418  0.99520385
 0.8812412  0.99725795]
[0.9975696  0.9980379  0.99621457 0.9965186  0.9982248  0.9948769
 0.99749917]
[0.998164   0.99756444 0.99698764 0.99669147 0.99701846 0.9939573
 0.99847966]
[0.99751735 0.99735236 0.9976131  0.9972677  0.9983156  0.99347866
 0.9975383 ]
[0.99819607 0.9981359  0.9965429  0.99763596 0.99904925 0.99178207
 0.9989747 ]
[0.99765164 0.9955354  0.9972064  0.9976803  0.99802244 0.98700434
 0.9984242 ]
[0.99750215 0.99679947 0.9973617  0.99714786 0.99762684 0.9937389
 0.99822396]
[0.99786514 0.9967547  0.99642867 0.99760604 0.998422   0.9961916
 0.9984421 ]
[0.99840206 0.9956791  0.99757403 0.9956737  0.9972076  0.99524504
 0.9984895 ]
[0.9980323  0.9971546  0.9977482  0.9958126  0.99651116 0.9890159
 0.9989942 ]
[0.99829227 0.9971474  0.9974738  0.9960748  0.9977423  0.9969457
 0.9971455  0.99750865]
[0.99807453 0.99711585 0.9962381  0.9977506  0.9972089  0.9949818
 0.9985983 ]
[0.99796414 0.9973339  0.99747795 0.99673694 0.99746835 0.989794
 0.99743575]
[0.9982101  0.9969645  0.994505   0.9958384  0.99770254 0.99535805
 0.9957136 ]
[0.9978259  0.9964104  0.99750936 0.9955486  0.9989059  0.9948295
 0.64344203 0.99687874]
[0.99867696 0.9963517  0.9963393  0.9970644  0.9980805  0.99493414
 0.9985171 ]
[0.9981493  0.99663323 0.99783677 0.9958455  0.9241004  0.99884725
 0.99456596 0.9989968 ]
[0.9987091  0.9981085  0.9972875  0.9962005  0.9984346  0.98948133
 0.950458   0.9987356 ]
[0.99860424 0.9958715  0.9972307  0.99651885 0.9983693  0.99640745
 0.99866736]
[0.99854004 0.9969398  0.9965078  0.9956382  0.9966672  0.9923022
 0.9976622 ]
[0.9987884  0.99778664 0.9969784  0.99495125 0.99888724 0.99775726
 0.9945425 ]
[0.9972785  0.99541676 0.9964742  0.9968817  0.9970246  0.99648666
 0.99862194]
[0.99795073 0.9977997  0.99764556 0.99592125 0.9979912  0.9952791
 0.9988206 ]
[0.998398   0.997373   0.99591595 0.9961689  0.99684453 0.9948455
 0.9987445 ]
[0.9986008  0.99737966 0.99652606 0.99566865 0.9984042  0.99522203
 0.9973054 ]
[0.9986971  0.9967924  0.9964707  0.99628603 0.6386719  0.9972609
 0.9927457  0.9983065 ]
[0.9977399  0.997917   0.9959319  0.9958417  0.93086094 0.99730444
 0.9906371  0.99847573]
[0.9980798  0.99648345 0.9969014  0.99622595 0.9974704  0.9926656
 0.99850535]
[0.9979377  0.9968843  0.9974692  0.9976609  0.99707556 0.99508864
 0.99883157]
[0.99798226 0.9979487  0.9978709  0.9972493  0.998195   0.9968876
 0.9944049 ]
[0.99871576 0.9967044  0.9964611  0.99535817 0.9961224  0.99473333
 0.9972256 ]
[0.99770564 0.99703324 0.9962519  0.99660623 0.9979602  0.99498665
 0.9972729 ]
[0.9975222  0.99550134 0.9964709  0.9975568  0.9980531  0.99333984
 0.99881786]
[0.99817276 0.996718   0.9968671  0.99689096 0.9946883  0.9980173
 0.99852127]
[0.99763024 0.9973176  0.99545634 0.9953366  0.99845374 0.99673283
 0.998422  ]
[0.99793303 0.9967359  0.99776864 0.99649197 0.9943433  0.7241614
 0.9984653  0.9970331  0.9927296 ]
[0.99903405 0.99634105 0.99614525 0.9969152  0.99761873 0.9893283
 0.99837035]
[0.99815196 0.99745077 0.99683255 0.9967962  0.9985045  0.994766
 0.9979196 ]
[0.99743795 0.9968177  0.9969626  0.9973833  0.99748707 0.98991126
 0.99841154]
[0.9979024  0.9958687  0.9967487  0.9955537  0.93816984 0.99750805
 0.9929408  0.99855787]
[0.99812025 0.99792093 0.9963336  0.9960483  0.99866176 0.99784184
 0.9918983 ]
[0.99818295 0.99628985 0.9955201  0.99501246 0.9969304  0.9955147
 0.9986003 ]
[0.99749255 0.995815   0.9971813  0.99669385 0.9979658  0.9934077
 0.99803156]
[0.99772686 0.9974158  0.99647224 0.99751484 0.96546614 0.99748874
 0.99044365 0.9985582  0.95900273]
[0.99806076 0.99678576 0.99800104 0.996203   0.9980956  0.99571264
 0.99902904]
[0.99870574 0.99551743 0.9956684  0.99606615 0.95915574 0.99708885
 0.9919743  0.9984686 ]
[0.99767214 0.99747723 0.996847   0.99741757 0.9982089  0.9936365
 0.99903905]
[0.99729854 0.99774265 0.9975061  0.9966689  0.99824274 0.9961642
 0.99885905]
[0.9983473  0.9963056  0.9955042  0.99530065 0.5407441  0.99785334
 0.9944289  0.9983303 ]
[0.998725   0.99600023 0.99698144 0.9953035  0.99636877 0.99599695
 0.9986511 ]
[0.9982729  0.99725705 0.9957872  0.9976966  0.95467055 0.99825007
 0.99427587 0.99789006]
[0.9980123  0.9959811  0.99679726 0.99669194 0.9974669  0.99373925
 0.9981482 ]
[0.99826556 0.99750346 0.9973578  0.99652326 0.99714065 0.99358106
 0.9980451 ]
[0.9987488  0.99673045 0.9966388  0.9960699  0.9980254  0.99555403
 0.99669063]
[0.9979399  0.9969522  0.9961649  0.9955903  0.92736316 0.9985152
 0.9919849  0.99906546]
[0.9979207  0.9976216  0.9967535  0.9956802  0.57544076 0.9986004
 0.9922059  0.99891305]
[0.99775934 0.9978962  0.99517053 0.99728644 0.9960497  0.9923596
 0.99799   ]
[0.9973622  0.9974815  0.9976393  0.99640477 0.974591   0.99785244
 0.9938314  0.9983046 ]
[0.9985416  0.9963935  0.99608266 0.99617237 0.99846303 0.9949131
 0.9970174 ]
[0.9986077  0.9974069  0.99734676 0.99663574 0.9971533  0.99467576
 0.9990613 ]
[0.9980539  0.99822813 0.9971745  0.99612206 0.9975635  0.99408495
 0.9983417 ]
[0.99856347 0.9970278  0.99754804 0.9957353  0.9968265  0.9934835
 0.99883646]
[0.9985557  0.99767    0.9959759  0.9972138  0.9955408  0.99695075
 0.9943375  0.9961026 ]
[0.99846625 0.9971253  0.99586415 0.9970047  0.8663679  0.99798965
 0.99449486 0.9981681 ]
[0.9988696  0.99793327 0.99632084 0.99676573 0.97676075 0.997851
 0.9933624  0.9982686 ]
[0.9977463  0.9969465  0.9956012  0.99654275 0.8466321  0.9985261
 0.99494344 0.9981085 ]
[0.9979892  0.9954385  0.9962543  0.99683505 0.9825262  0.9974412
 0.99173015 0.997551  ]
[0.99855536 0.9977368  0.996317   0.99699795 0.9903599  0.99721056
 0.9887764  0.997341  ]
[0.9985897  0.9971771  0.99562186 0.9965101  0.99649423 0.9954051
 0.99842846]
[0.99857485 0.9967487  0.99597603 0.9977108  0.99830997 0.9941402
 0.998769  ]
[0.99821496 0.99714965 0.9970776  0.99535626 0.98532444 0.99746096
 0.9779407  0.9970276 ]
[0.9985713  0.99663514 0.99783945 0.9960044  0.9973502  0.9925453
 0.9983631 ]
[0.9974558  0.9977533  0.99646723 0.996729   0.99794704 0.99523586
 0.9989311 ]
[0.9978728  0.9972965  0.9967859  0.9965327  0.99846256 0.99373853
 0.9982644 ]
[0.99853826 0.99600595 0.99670094 0.9967073  0.9983595  0.9956695
 0.9987143 ]
[0.99831474 0.99658704 0.9979594  0.99619067 0.99613273 0.9966743
 0.9901164  0.99527705]
[0.998718   0.9969733  0.99503845 0.9952506  0.89288175 0.99750024
 0.9940533  0.9980994 ]
[0.9982547  0.99695647 0.99779165 0.99658316 0.9970132  0.9955584
 0.9965054 ]
[0.99725276 0.99785393 0.9967411  0.997004   0.97445256 0.99831295
 0.9912033  0.9976291 ]
