Mprobs for dataset art (0.0001)

[0.9956464  0.9781681  0.99588263 0.99418324 0.99575824 0.9960383
 0.9934302 ]
[0.99797064 0.99614114 0.99640614 0.99739045 0.99750453 0.9965886
 0.99881685]
[0.9979316  0.99687433 0.9978308  0.997326   0.97106016 0.9985033
 0.98777235 0.9888454  0.9983903 ]
[0.9982486  0.99696606 0.99716717 0.9978144  0.99674547 0.9929276
 0.9982653 ]
[0.9976978  0.9970048  0.99664897 0.9952428  0.99738806 0.99466914
 0.9984718 ]
[0.99762976 0.9968677  0.99612564 0.9968304  0.99783677 0.99738365
 0.99712497 0.99635136]
[0.9977404  0.99521744 0.99754983 0.9977539  0.9974752  0.99572843
 0.99735594]
[0.99804246 0.99678147 0.9946091  0.99692315 0.99650735 0.9955889
 0.99715   ]
[0.99754107 0.99703443 0.9968624  0.9974606  0.957958   0.9982761
 0.9943487  0.9978187 ]
[0.9981353  0.9981566  0.9964927  0.99574775 0.9990144  0.9954125
 0.99549884]
[0.9980756  0.9964819  0.99660766 0.99597    0.99878687 0.9984073
 0.9934865 ]
[0.99863976 0.99769706 0.99553007 0.997003   0.9976279  0.9965984
 0.9974202 ]
[0.9982614  0.996058   0.9973907  0.9965599  0.99795806 0.9944108
 0.99886644]
[0.99835    0.99796104 0.9975368  0.9973992  0.9975051  0.9968284
 0.99758315]
[0.99836797 0.9953843  0.9960083  0.9974159  0.99746394 0.99354786
 0.99573416]
[0.9978079 0.9979651 0.9976126 0.9968143 0.9970108 0.994615  0.9977835]
[0.9984712  0.9967114  0.9969921  0.9971328  0.99763465 0.9966234
 0.9979134 ]
[0.9982085  0.9952865  0.9976833  0.99657744 0.9965289  0.9984952
 0.99478865 0.9961908 ]
[0.99876225 0.9965023  0.99769634 0.997391   0.9986565  0.9897927
 0.99836296]
[0.99857986 0.9967925  0.99575114 0.99778455 0.93209386 0.9980584
 0.9910857  0.9972772 ]
[0.9975479  0.9970215  0.99730694 0.99776256 0.99716467 0.9961655
 0.99880433]
[0.9981963  0.99736077 0.99565685 0.99541384 0.8956     0.99562633
 0.99848574 0.9950388  0.9989016 ]
[0.99853516 0.99657273 0.99588555 0.9973917  0.9974343  0.9929709
 0.9987986 ]
[0.99816495 0.99744934 0.9969137  0.9960104  0.8677494  0.998292
 0.9937245  0.9980856 ]
[0.9988079  0.9966955  0.9967206  0.99700695 0.9980835  0.99646384
 0.9988387 ]
[0.99888617 0.9958039  0.9961946  0.99752206 0.8394927  0.99867946
 0.99613297 0.9988018 ]
[0.9985134  0.99651474 0.9980065  0.99592894 0.99745446 0.990669
 0.99883133]
[0.99845684 0.99755305 0.99768686 0.9961116  0.99720037 0.9953927
 0.9987085 ]
[0.9982609  0.99575174 0.9971107  0.99652183 0.9962992  0.9961055
 0.9986143 ]
[0.99875224 0.9961236  0.9961696  0.99696404 0.9984528  0.9964933
 0.99698895]
[0.99778336 0.99762136 0.99669516 0.9952798  0.863227   0.99844944
 0.99516946 0.9987618 ]
[0.99842715 0.99686325 0.99575007 0.9966371  0.9972927  0.9900164
 0.9977451 ]
[0.9981184  0.9964405  0.9970879  0.9960431  0.9983998  0.99002403
 0.99771154]
[0.9978556  0.9976286  0.99700814 0.9975642  0.95845574 0.99668545
 0.9939393  0.99876887]
[0.9980311  0.99671847 0.9955635  0.99642485 0.9967193  0.99403244
 0.9969138 ]
[0.99861944 0.99776757 0.99745387 0.99529016 0.99778974 0.99456316
 0.9986689 ]
[0.9980427  0.9958621  0.99763787 0.99758863 0.99696004 0.9940502
 0.99835277]
[0.9983481 0.996926  0.9960573 0.9958364 0.9979352 0.9976756 0.9954999
 0.9980616]
[0.99802434 0.9959402  0.9976254  0.99568033 0.99694544 0.992757
 0.9987496 ]
[0.9979873  0.9957046  0.9956006  0.99710387 0.99843794 0.994044
 0.99747235]
[0.9972383  0.99700963 0.99647105 0.99699044 0.9951296  0.98737234
 0.9967782 ]
[0.9980586  0.997271   0.99588877 0.99785393 0.99721485 0.99454206
 0.99641526]
[0.9977762  0.99602807 0.99702555 0.9962012  0.99823207 0.9915767
 0.99853945]
[0.9977145  0.99706787 0.9981704  0.9961696  0.9974595  0.99537957
 0.996671  ]
[0.9987753  0.9979347  0.99598086 0.996342   0.9979493  0.99558485
 0.9989384 ]
[0.99825937 0.9961075  0.9963677  0.9972184  0.99540555 0.99185634
 0.99853337]
[0.9983822  0.9963321  0.9975266  0.99685705 0.99819237 0.99361444
 0.9987286 ]
[0.9983051  0.99751663 0.9951593  0.99689263 0.99660975 0.99487215
 0.9983754 ]
[0.99859875 0.99677736 0.996689   0.9969086  0.99751663 0.9942741
 0.99826306]
[0.99747413 0.9974686  0.9960109  0.99612325 0.99748236 0.9944977
 0.9982039 ]
[0.99813795 0.9960186  0.9979818  0.9974988  0.964056   0.99762446
 0.9885343  0.99885297]
[0.9984207  0.99730057 0.997747   0.99692994 0.9953923  0.99213284
 0.9987941 ]
[0.9983525  0.99740344 0.99596053 0.9951074  0.9983992  0.9941818
 0.9985266 ]
[0.9976903  0.99772996 0.9968437  0.9952231  0.9977227  0.99665403
 0.99924976]
[0.9973603  0.99765635 0.99635017 0.9977464  0.99694073 0.99530834
 0.99697924]
[0.99731845 0.9972844  0.9978404  0.9956905  0.9964251  0.99542433
 0.9986279 ]
[0.99753344 0.9975616  0.99661607 0.99771667 0.99789363 0.9915987
 0.9982968 ]
[0.99799347 0.99769706 0.99768865 0.9972172  0.99601525 0.9918515
 0.99815553]
[0.9980065  0.99802953 0.9970408  0.9973137  0.997026   0.9942673
 0.99701023]
[0.9986753  0.9972248  0.9971077  0.99626464 0.997801   0.99521744
 0.9983467 ]
[0.9978308  0.99873227 0.9968453  0.9968219  0.99627316 0.9959829
 0.7274134  0.9882306 ]
[0.99826175 0.9978052  0.9966518  0.9968554  0.9980354  0.99452
 0.9991227 ]
[0.9988356  0.9965579  0.99781466 0.9975473  0.99807465 0.9967344
 0.9988778 ]
[0.99853516 0.9967038  0.9964774  0.99608433 0.69350857 0.99795985
 0.99186826 0.9979672 ]
[0.9984712  0.9959972  0.99604154 0.99546576 0.99708825 0.99057394
 0.99876946]
[0.9983188 0.9971486 0.9973847 0.9965881 0.9975841 0.9914635 0.9984743]
[0.998293   0.99618787 0.9959623  0.9972921  0.99718934 0.9875609
 0.99880314]
[0.9986922  0.99627256 0.9958145  0.9977477  0.9980509  0.9951466
 0.99736124]
[0.99777645 0.9973368  0.9968906  0.99540013 0.9985506  0.99384415
 0.9980566 ]
[0.9976597  0.99563485 0.9974171  0.9979159  0.9977617  0.9948106
 0.9986891 ]
[0.998596   0.9978091  0.9965699  0.99598324 0.998365   0.99282223
 0.99774015]
[0.99847454 0.9979583  0.9977786  0.99738866 0.9976572  0.9918908
 0.9977627 ]
[0.9987489  0.9978886  0.99647444 0.99739695 0.9974317  0.9946519
 0.99730057]
[0.99746597 0.99668956 0.9961487  0.9975362  0.99774194 0.9938943
 0.9987509 ]
[0.9987802  0.99819994 0.99680847 0.9972958  0.9973622  0.991561
 0.9982508 ]
[0.9983192  0.99647695 0.99610716 0.9969729  0.9841353  0.9980413
 0.99173075 0.9992181 ]
[0.9972224  0.9959777  0.99556065 0.99752146 0.99684405 0.99336
 0.99871314]
[0.9977831 0.9965084 0.9971439 0.9966941 0.9978855 0.9920065 0.9982181]
[0.9972052  0.9978733  0.9969766  0.9950924  0.9968459  0.9985971
 0.99569416 0.99539244]
[0.99817514 0.99684095 0.99652255 0.99548256 0.99774194 0.99600863
 0.9986669 ]
[0.99837    0.9975141  0.99588215 0.9976693  0.9983614  0.9939751
 0.9976018 ]
[0.99891543 0.9963169  0.99547833 0.99603206 0.9971215  0.99415994
 0.9962878 ]
[0.99835926 0.9978198  0.9971962  0.9953719  0.99692374 0.9967139
 0.9975043 ]
[0.9984896 0.9971027 0.9973489 0.9964545 0.5545589 0.9987525 0.9950447
 0.998741 ]
[0.99734217 0.9968923  0.99659735 0.9965959  0.9974464  0.9939175
 0.9985448 ]
[0.9986418  0.9968549  0.99790096 0.9956475  0.9980988  0.99008054
 0.9985026 ]
[0.99821496 0.9977082  0.9964695  0.99620545 0.9848011  0.99841344
 0.99390066 0.9988747 ]
[0.9974159  0.99640226 0.99579775 0.9967284  0.8905122  0.99863523
 0.99658823 0.9986632 ]
[0.99832886 0.99603844 0.9968906  0.9951002  0.9400258  0.99748224
 0.99365544 0.99839205]
[0.9976197  0.9959953  0.9948992  0.997044   0.94845474 0.9969915
 0.99270356 0.99839336]
[0.9981737  0.99670607 0.99528486 0.99602914 0.9973483  0.99559116
 0.9976948 ]
[0.99780434 0.9963265  0.996271   0.995828   0.9959705  0.9897456
 0.99820936]
[0.9986419  0.997285   0.9967487  0.9965604  0.93397087 0.9980236
 0.9913402  0.9990748 ]
[0.99715877 0.995462   0.9977431  0.99783295 0.98154575 0.99708766
 0.98784524 0.9986896 ]
[0.9982565  0.9970251  0.99698156 0.99559456 0.9974214  0.99240816
 0.9984718 ]
[0.99803215 0.99758434 0.99752957 0.99775475 0.998852   0.9940749
 0.99867755]
[0.9974171  0.99564064 0.9979133  0.997359   0.99864465 0.9940995
 0.9984024 ]
[0.99699545 0.9980108  0.9959429  0.995284   0.9980679  0.9942331
 0.99843043]
[0.99827313 0.9972295  0.9956922  0.9966233  0.997607   0.99329996
 0.99845874]
[0.9988966  0.9978682  0.9976387  0.99688065 0.9985689  0.9953679
 0.9989832 ]
