Mprobs for dataset art (25)

[0.98983777 0.8869661  0.7637702 ]
[0.9991522  0.99002564 0.9960907  0.9971615  0.9972953  0.99608374
 0.9866637  0.9858392  0.9196679  0.9920889  0.99701464 0.99635893
 0.99846363 0.9955902  0.9868508  0.9883399  0.9874462  0.9959971
 0.9927475  0.9966683  0.6617267  0.9938724  0.99114555 0.9936872
 0.98382413 0.99752253 0.9927247  0.9899002  0.9966888  0.9062319
 0.99803823]
[0.9989323  0.9879888  0.9966127  0.99578446 0.99521166 0.9950382
 0.9875087  0.97335476 0.95901084 0.99279296 0.997617   0.96885645
 0.99213564 0.9918426  0.9911964  0.99251324 0.94308805 0.9913625
 0.99312955 0.5221263  0.8746794  0.9900503  0.98419327 0.99837047
 0.9693754  0.99221027 0.99564195 0.9902152  0.9978375  0.9987079 ]
[0.99907124 0.9953702  0.9951355  0.9976562  0.99583036 0.9971636
 0.97704893 0.9614901  0.97486997 0.97258794 0.99115455 0.99395764
 0.9964734  0.9987086  0.96814483 0.99280787 0.9958593  0.98977774
 0.9494647  0.7965452  0.99412894 0.99551564 0.9835834  0.9982274
 0.99038786 0.98542875 0.99724245 0.9986437 ]
[0.99883884 0.99140936 0.9966755  0.97605604 0.9917891  0.9946759
 0.9961591  0.99653023 0.98406833 0.96898985 0.97893405 0.9970763
 0.99064445 0.98133594 0.85142434 0.9926823  0.9902312  0.9888049
 0.9757766  0.98080325 0.99825686 0.9496683  0.9675258  0.9968771
 0.99729186 0.992265   0.99176204 0.9977779  0.99869615]
[0.99791366 0.98837876 0.9956994  0.9975533  0.99760133 0.9969408
 0.9569674  0.983158   0.99439466 0.9973328  0.9911884  0.9939926
 0.9898628  0.9101524  0.92896956 0.9948126  0.9962127  0.9949675
 0.98581475 0.9918623  0.8145159  0.8137338  0.99556667 0.9713807
 0.9983242  0.9921664  0.99680823 0.9914629  0.9878805  0.99813676
 0.9975193  0.9987902 ]
[0.9986922  0.9846623  0.9947543  0.99688005 0.99511516 0.996779
 0.98948646 0.9786726  0.9948413  0.9968232  0.9882129  0.9762625
 0.96156913 0.99576026 0.99053454 0.98046046 0.9332818  0.9952583
 0.8856734  0.9918994  0.946888   0.9926104  0.99690515 0.9838074
 0.9936785  0.66694003 0.9976731  0.9985253 ]
[0.99897695 0.9913742  0.9978089  0.9967643  0.99383754 0.9959096
 0.9835476  0.9820073  0.9688992  0.9944165  0.988725   0.99850225
 0.9931277  0.98009413 0.8070213  0.9958604  0.98959804 0.9698555
 0.9957306  0.8577716  0.9864662  0.9579443  0.9789493  0.99725085
 0.9810269  0.9982174  0.9986551  0.99694663]
[0.9975987  0.98727965 0.99444133 0.99650574 0.99511284 0.9949527
 0.9882541  0.97477484 0.99156755 0.95540416 0.9948961  0.9615181
 0.99600005 0.9934676  0.9788504  0.9833802  0.9913799  0.9956195
 0.98592085 0.9374789  0.9645407  0.9948596  0.9758221  0.9921354
 0.99442875 0.99213904 0.9920231  0.99774146 0.99835926]
[0.9992176  0.99092627 0.99770504 0.99646664 0.9903329  0.9969976
 0.98903555 0.979803   0.9888853  0.97012436 0.9931084  0.99480283
 0.99343216 0.9984609  0.99367803 0.9932761  0.99602354 0.9875442
 0.977253   0.767284   0.8714624  0.9938046  0.9822302  0.9890487
 0.9763723  0.99787176 0.9879964  0.99716574 0.9982338  0.9950134 ]
[0.99753726 0.992292   0.99401397 0.9465726  0.9955422  0.99665076
 0.99605465 0.9952447  0.9885649  0.9748208  0.99667275 0.98620194
 0.989748   0.9854232  0.9651056  0.99525636 0.9864792  0.9804458
 0.99791247 0.87797445 0.978683   0.9929056  0.99854183 0.9943914
 0.99115187 0.9841958  0.99537486 0.99857795 0.99285936]
[0.99931073 0.9912479  0.99662894 0.933112   0.99680114 0.994528
 0.9947253  0.99057204 0.98312336 0.6573837  0.99475515 0.93197787
 0.99624157 0.9942027  0.99786466 0.9812538  0.99350464 0.98392975
 0.99144465 0.98970795 0.99493575 0.9061935  0.96095484 0.9834082
 0.990008   0.97746664 0.99200493 0.9957343  0.98943526 0.99276865
 0.99724066 0.9972439  0.94406515 0.99850595]
[0.9984707  0.9877971  0.9967333  0.99505806 0.9959716  0.99651945
 0.98680973 0.95516264 0.9878022  0.77763945 0.99040765 0.9928839
 0.99450254 0.9979019  0.99221206 0.99254906 0.503115   0.99270177
 0.9893405  0.98998    0.61189705 0.9936386  0.9810296  0.98362863
 0.98289514 0.9931323  0.9809208  0.99764603 0.98183054 0.9960233
 0.99797267]
[0.99895597 0.99267596 0.9954359  0.9974833  0.9920568  0.99659723
 0.98936754 0.9781949  0.97369725 0.90481895 0.99399877 0.9232659
 0.99582386 0.9932427  0.9983601  0.98636836 0.93668884 0.9937748
 0.9968804  0.98696566 0.9592858  0.9437639  0.8428753  0.99288636
 0.99213713 0.98301804 0.99483067 0.96571535 0.989169   0.99610174
 0.96979564 0.9958902  0.98115116 0.9984085 ]
[0.9992293  0.9914743  0.99703014 0.98969626 0.99742115 0.9973545
 0.9966331  0.9913605  0.97888845 0.95091414 0.9969944  0.9902712
 0.9929959  0.9986523  0.98066425 0.9950677  0.9962752  0.9859089
 0.9810666  0.9158969  0.99840313 0.89670664 0.99315155 0.99661463
 0.9969914  0.98871475 0.9909733  0.9973544  0.9980367  0.9936255 ]
[0.99916315 0.9864124  0.99661    0.9969998  0.9951083  0.99665123
 0.9557038  0.9841479  0.9913039  0.996543   0.9923799  0.9967001
 0.95207196 0.99744713 0.98671734 0.9911015  0.98621386 0.99649495
 0.9850831  0.99907887 0.9960906  0.97140855 0.8428553  0.9935377
 0.9959705  0.8190231  0.9983911  0.98062    0.98681426 0.9964683
 0.98700655 0.98508275 0.99016935 0.99702364 0.9810636  0.998309
 0.99500763 0.9588918 ]
[0.99853444 0.99315155 0.9962232  0.9961677  0.99272114 0.99631184
 0.9914315  0.9618132  0.9862833  0.9824113  0.99369544 0.99643433
 0.9984894  0.9911896  0.99527234 0.99375266 0.9815735  0.9648072
 0.90142804 0.996425   0.95287615 0.9919743  0.9901681  0.9979747
 0.9956884  0.99668366 0.99246126 0.9888832  0.93364894 0.9983968
 0.99842596]
[0.99862576 0.99484336 0.9954059  0.9969896  0.9945175  0.9949686
 0.98275226 0.96527284 0.84068805 0.9949531  0.994896   0.99871016
 0.9782696  0.9945673  0.9954259  0.9946614  0.99193805 0.9639087
 0.819697   0.9918006  0.997399   0.99806505 0.95406187 0.98746836
 0.9937     0.99704236 0.9914848  0.9891806  0.99825376 0.9969887 ]
[0.9985196  0.98272496 0.9961176  0.95235085 0.9973103  0.9957223
 0.99432373 0.9902637  0.9753641  0.9906241  0.96979004 0.9957753
 0.9977387  0.9945192  0.99864155 0.98758173 0.995742   0.9851354
 0.97756255 0.9443371  0.98496497 0.98719305 0.9769027  0.99690753
 0.9949234  0.9806615  0.99188155 0.9930982  0.9969459  0.98891103
 0.99838805]
[0.997834   0.91653264 0.9938514  0.99487936 0.99423236 0.996021
 0.9918968  0.9561041  0.9253137  0.9921077  0.9969946  0.99718803
 0.99531686 0.9985917  0.9696322  0.99296826 0.9959115  0.9911658
 0.98496705 0.6615093  0.87930894 0.9880783  0.99427783 0.9856478
 0.9648434  0.97389734 0.99639326 0.9974694  0.99204105 0.97400403
 0.7220176  0.9976896 ]
[0.99855334 0.9935363  0.9962494  0.9961075  0.9975594  0.99664706
 0.98609483 0.9823515  0.9432588  0.99610823 0.98538315 0.9985588
 0.9837224  0.9727769  0.99665004 0.99036485 0.9762054  0.9588916
 0.9938975  0.9941077  0.9967528  0.99558073 0.9867525  0.9756394
 0.9966486  0.997159   0.9985549  0.991891  ]
[0.9985014  0.99387664 0.99622655 0.99657047 0.99453616 0.99673444
 0.99164623 0.9828539  0.93392503 0.99573755 0.9931514  0.99837023
 0.98506504 0.987939   0.9953804  0.991055   0.9785816  0.9517955
 0.99608433 0.83309174 0.9949536  0.99609476 0.9969261  0.99714214
 0.979186   0.9882682  0.99362916 0.9747523  0.99858546 0.99075234]
[0.99879265 0.9823788  0.99688584 0.9960679  0.99247664 0.9954632
 0.986264   0.9808255  0.97998613 0.9032909  0.9966608  0.98959655
 0.9985428  0.9798835  0.98931575 0.9965913  0.99375063 0.96832263
 0.9941368  0.82484245 0.9916722  0.99407804 0.99671656 0.9966164
 0.9808034  0.98721516 0.85742664 0.9973968  0.998747   0.9917157 ]
[0.998387   0.9925419  0.99581844 0.99490684 0.9961247  0.9959305
 0.99606967 0.9943526  0.98364115 0.9719721  0.9741742  0.9966769
 0.9940149  0.98949695 0.9934163  0.9946773  0.99055415 0.9613774
 0.9833618  0.9984469  0.7422722  0.9894163  0.98894185 0.998195
 0.998689   0.9947849  0.9911738  0.9988638 ]
[0.99914    0.9919126  0.9953773  0.9965385  0.99301517 0.9973802
 0.98343706 0.8785962  0.98156816 0.9818781  0.99125564 0.9941049
 0.9982943  0.9705612  0.9917611  0.9956371  0.9846837  0.9913936
 0.99451977 0.9811748  0.99817204 0.980721   0.9962941  0.9921678
 0.9935428  0.99242014 0.9926587  0.898815   0.99798954 0.9930334
 0.9979652 ]
[0.9982551  0.99267477 0.99751675 0.9972614  0.98923    0.99611366
 0.98354036 0.9776098  0.9819828  0.9907052  0.99076277 0.9951326
 0.99812025 0.9915456  0.99166745 0.99485177 0.993252   0.9783594
 0.9958787  0.797658   0.9872141  0.99225426 0.9800347  0.9962882
 0.94901925 0.9912005  0.9021562  0.9964204  0.99790657]
[0.998814   0.9905467  0.9934862  0.97599584 0.9961349  0.99513537
 0.9937976  0.98989    0.97959983 0.99143815 0.9696642  0.9943011
 0.99498934 0.99821055 0.97740096 0.98595214 0.99342316 0.9959954
 0.9933217  0.9969002  0.5235107  0.98959494 0.99232304 0.98854464
 0.98863786 0.9938863  0.9908601  0.98593485 0.9972383  0.99772626
 0.99903595]
[0.99921966 0.9948409  0.9952237  0.9961366  0.9965432  0.9946312
 0.9773827  0.96514124 0.98431915 0.98313206 0.99458635 0.99497557
 0.9990491  0.9937669  0.9924523  0.99491453 0.9904102  0.85630363
 0.9561138  0.9974578  0.99472433 0.9904861  0.9976464  0.9919567
 0.9816559  0.99781656 0.9981489 ]
[0.998212   0.9929963  0.9969703  0.99500173 0.9954733  0.99431795
 0.98014086 0.7771599  0.98152494 0.9839408  0.9951291  0.99349594
 0.9871617  0.93493897 0.99331164 0.99166965 0.9936336  0.9375862
 0.91331476 0.9962205  0.8831701  0.9898465  0.995697   0.9977368
 0.9958354  0.98293185 0.98829854 0.9772045  0.9984388 ]
[0.9985127  0.9906769  0.99571484 0.99345714 0.9959139  0.99506915
 0.99624145 0.99516773 0.9839346  0.967176   0.9511434  0.9903138
 0.99605227 0.9985623  0.98403555 0.99432904 0.994888   0.99074835
 0.95603406 0.9740602  0.9984823  0.8075167  0.9933769  0.9949523
 0.99854773 0.9975872  0.99580944 0.9848925  0.998459  ]
[0.99903774 0.9887227  0.9973532  0.99529195 0.9971541  0.99741274
 0.99425125 0.9964185  0.98561805 0.9782015  0.9905256  0.6010884
 0.9955569  0.94233674 0.9720363  0.99474525 0.99777776 0.99137294
 0.99006957 0.9852822  0.9893623  0.99585056 0.9934301  0.9935813
 0.997054   0.9891861  0.9946979  0.87767315 0.99570614 0.97873837
 0.9897295  0.9972601  0.99830604 0.9940666  0.99614465 0.9434711
 0.99227834 0.9986527  0.9898465 ]
[0.9987704  0.9911748  0.99388605 0.98423564 0.9964401  0.99554884
 0.9935854  0.9905572  0.9826438  0.993494   0.9709603  0.9940287
 0.64925534 0.994241   0.99828476 0.9861065  0.9968811  0.9870237
 0.72903866 0.9883583  0.9958729  0.9903984  0.9940187  0.9805726
 0.9935236  0.99524635 0.99653876 0.9239218  0.97628784 0.9919173
 0.9969013  0.99859196]
[0.999193   0.9907477  0.995518   0.99600655 0.99401605 0.9960968
 0.98631525 0.98628217 0.97832996 0.97314984 0.9934348  0.98844135
 0.999022   0.99229807 0.98825115 0.99604934 0.9876652  0.9750498
 0.66878575 0.9974758  0.9134009  0.9956726  0.98557186 0.978153
 0.99666756 0.98904043 0.99832696 0.99862146 0.99189526]
[0.9987184  0.9925891  0.9952591  0.99449086 0.99605054 0.9967559
 0.97468555 0.82545733 0.9755367  0.97226095 0.9974854  0.9630827
 0.9794261  0.9849818  0.9961584  0.9958758  0.99321085 0.96072394
 0.7957633  0.99765706 0.9422564  0.9928363  0.99864894 0.9962488
 0.9906963  0.9973375  0.9984415 ]
[0.998741   0.99234843 0.99108875 0.99112225 0.9969207  0.9960918
 0.9958475  0.9950499  0.9924764  0.95115924 0.9475309  0.97863173
 0.9945576  0.97679126 0.97989184 0.9988121  0.9878818  0.9936206
 0.9970337  0.99240124 0.96878093 0.9876494  0.95797205 0.91014826
 0.9947613  0.9908885  0.99747187 0.997969   0.9962627  0.99727744
 0.99869007 0.99084467]
[0.9987185  0.9941314  0.9966557  0.9836025  0.9958788  0.99538827
 0.99530256 0.98617065 0.98308533 0.96700335 0.9952429  0.9941624
 0.99829644 0.97704166 0.9910624  0.9965283  0.98918927 0.98071176
 0.99826604 0.9940836  0.9950171  0.97718793 0.99643147 0.7488081
 0.98602563 0.9570956  0.9968568  0.9976041  0.9931251 ]
[0.99895585 0.98849005 0.9959565  0.99559504 0.99185246 0.9968342
 0.9874901  0.97934353 0.99201715 0.9703846  0.99344105 0.99038994
 0.9988972  0.77221346 0.9818585  0.9914642  0.99621826 0.9895689
 0.9613059  0.9962184  0.9932005  0.9876695  0.9806204  0.99669206
 0.9449189  0.99758995 0.98628473 0.9923494  0.99873334]
[0.99861217 0.9893617  0.99567324 0.9963612  0.9951674  0.9950852
 0.9938957  0.9762779  0.9920372  0.99358636 0.9971296  0.99217975
 0.9986627  0.99291396 0.9948626  0.99221206 0.9878135  0.9833544
 0.98303705 0.9035951  0.9914056  0.99122214 0.9791422  0.9832508
 0.9983979  0.99066484 0.99760485 0.9966683  0.986516   0.9979242
 0.99868053]
[0.9985216  0.9898067  0.99680567 0.9974523  0.9952348  0.99461985
 0.984623   0.97629887 0.9836564  0.96161324 0.99619424 0.9941063
 0.9986771  0.99258524 0.99303585 0.97321326 0.99274653 0.9962871
 0.9883179  0.97084695 0.9617601  0.9412408  0.9926772  0.98687243
 0.9795282  0.9951971  0.99687386 0.98455507 0.9973496  0.96193045
 0.99870276 0.9978198 ]
[0.9983187  0.9935489  0.9972083  0.99747294 0.9940626  0.9941269
 0.9902506  0.98320955 0.94236416 0.9961294  0.99039257 0.99856913
 0.9786653  0.68912417 0.9901265  0.9943895  0.9943644  0.97998
 0.97968376 0.9965485  0.8600013  0.9921514  0.9915352  0.99790907
 0.99658245 0.9880918  0.99607086 0.9858451  0.9144124  0.99840707
 0.9960269 ]
[0.99856645 0.9917631  0.99468213 0.99542254 0.99431664 0.99703586
 0.9907092  0.94084334 0.9769198  0.994662   0.99148047 0.9986689
 0.9728616  0.9782894  0.9960121  0.99324495 0.99278945 0.9793585
 0.98817    0.99331665 0.9959228  0.99724114 0.9880876  0.97571373
 0.98607856 0.9968219  0.99868506]
[0.99878806 0.9863107  0.9964688  0.9837186  0.9966157  0.99562967
 0.9946359  0.9959479  0.9899086  0.977237   0.9718677  0.979935
 0.9960538  0.9897194  0.99857855 0.9723369  0.9896067  0.9949339
 0.9886447  0.97247386 0.9680632  0.9981871  0.87406975 0.9936963
 0.99545884 0.99735665 0.9929889  0.9971752  0.9913079  0.9971981
 0.9983469 ]
[0.998936   0.99201113 0.99461985 0.9823263  0.99511236 0.99704117
 0.9964804  0.99610484 0.978721   0.97089    0.96708095 0.9947115
 0.99574476 0.99913067 0.97705656 0.99443924 0.9959139  0.9915336
 0.9669106  0.99820065 0.53600717 0.9942855  0.99384016 0.9985215
 0.9963871  0.994603   0.9864248  0.98856306 0.99834895]
[0.9989003  0.9892235  0.9953686  0.99497014 0.9957802  0.99677485
 0.98809683 0.89724654 0.976238   0.9948486  0.9958001  0.89351237
 0.95442146 0.9981698  0.96589816 0.9735353  0.9945122  0.99508923
 0.99183214 0.99031365 0.96289563 0.983206   0.97909695 0.9971789
 0.9873564  0.994974   0.9975963  0.99414235 0.7962084  0.9969351
 0.9924069  0.9982324 ]
[0.9987134  0.9936215  0.99673456 0.996012   0.99560875 0.997521
 0.97894007 0.98191315 0.9684686  0.99645567 0.97248524 0.995159
 0.9908398  0.9980896  0.9911362  0.98770183 0.99495536 0.9904474
 0.98422766 0.9721316  0.91199195 0.9905438  0.9945598  0.9983657
 0.9931211  0.99595165 0.9886994  0.9934883  0.9976578  0.9987148
 0.98789865 0.99042386]
[0.9991418  0.99011606 0.9942015  0.9967174  0.9941922  0.9959264
 0.9940499  0.9849989  0.9349255  0.9918115  0.9591597  0.995304
 0.9979685  0.9936892  0.9985586  0.9841824  0.9635859  0.8762328
 0.9963558  0.99388784 0.9913994  0.9642232  0.9478166  0.9902768
 0.99433917 0.9835195  0.9904372  0.99506795 0.98741686 0.9927207
 0.9971782  0.9906232  0.99869776]
[0.99861276 0.9916801  0.80077404 0.99683005 0.99636877 0.9932793
 0.9926611  0.9712304  0.9946944  0.8916496  0.9969945  0.9959752
 0.9942708  0.9847387  0.98903054 0.9928175  0.9987495  0.9966853
 0.97967654 0.9964141  0.9807514  0.9940118  0.9949969  0.9938216
 0.9949325  0.9912259  0.9879395  0.9936745  0.9906476  0.9931549
 0.99463236 0.6813602  0.9848571  0.98892117 0.9912157  0.99800605
 0.9899232  0.98905516 0.9895811  0.99796045 0.99604094 0.99310416]
[0.9992692  0.989888   0.9926292  0.99654657 0.99472296 0.9971842
 0.9892657  0.98048604 0.9910697  0.9967493  0.99532485 0.9954218
 0.9979886  0.8894368  0.981564   0.9885837  0.96974504 0.99108267
 0.9912787  0.98763555 0.9927192  0.9950418  0.9559717  0.9949433
 0.9898693  0.9891722  0.9806112  0.9935042  0.9969408  0.98754406
 0.99643046 0.9986242 ]
[0.998654   0.9899277  0.9941292  0.99739385 0.99542797 0.99525565
 0.95974547 0.9711061  0.99305785 0.9960498  0.9949049  0.991121
 0.9961361  0.9866165  0.990958   0.9952219  0.99522686 0.99202687
 0.9469042  0.9678454  0.98822474 0.9929301  0.98254377 0.99765164
 0.99355584 0.99602723 0.9888269  0.91187686 0.9955491  0.9986877
 0.992481  ]
[0.99883276 0.9927591  0.9973175  0.9767072  0.99385154 0.9972779
 0.9948828  0.99555594 0.9813803  0.81838596 0.96774966 0.967997
 0.9966762  0.9951564  0.999012   0.99251044 0.9932302  0.9954033
 0.98995155 0.94885683 0.9699795  0.99863786 0.9202529  0.9956116
 0.9894828  0.99742234 0.99348575 0.9858284  0.68970007 0.9977673
 0.99878997]
[0.99880505 0.99039334 0.9946247  0.9959895  0.99510646 0.99519134
 0.9816823  0.97352266 0.99624264 0.99716574 0.99011505 0.9092659
 0.9794503  0.9974094  0.9900294  0.96074253 0.9957283  0.963398
 0.9912273  0.9712062  0.995201   0.98305285 0.9873885  0.9937929
 0.84739125 0.99766123 0.99870646 0.97306323]
[0.99918693 0.99210244 0.9969607  0.99685836 0.9974382  0.99549884
 0.9957211  0.9867589  0.98226684 0.9966995  0.9955082  0.9293833
 0.9761662  0.99862075 0.9931722  0.7321443  0.97356695 0.9958919
 0.995402   0.970932   0.8868508  0.9835005  0.9902188  0.98911476
 0.92750883 0.9970694  0.99550664 0.9810083  0.96881646 0.9341356
 0.9779479  0.99253756 0.9948855  0.96221954 0.99741447 0.9984072
 0.9971527  0.9803288  0.9658809  0.9985832 ]
[0.9989574  0.99284655 0.99542123 0.9967602  0.99562824 0.99657923
 0.99001807 0.948008   0.9834472  0.9909642  0.9970849  0.99619496
 0.9924838  0.9981772  0.98183835 0.98366416 0.84692854 0.9915133
 0.99209243 0.9896622  0.973873   0.9635092  0.979596   0.9938857
 0.9804372  0.9384235  0.998013   0.9887518  0.9917675  0.9950073
 0.99687505 0.97605944 0.98104274 0.9979982 ]
[0.998086   0.9877671  0.996443   0.99541926 0.9952349  0.99481696
 0.98601776 0.97403324 0.9939889  0.99630654 0.9886572  0.9960616
 0.90552235 0.97828    0.9969879  0.98470116 0.9902998  0.9935923
 0.92644036 0.94774914 0.9959877  0.9836427  0.99777204 0.9935534
 0.99091876 0.9975177  0.99841213]
[0.99865353 0.9911878  0.99676526 0.9898825  0.9965838  0.990204
 0.9967854  0.9896834  0.9894588  0.99659985 0.9852518  0.9972504
 0.9874681  0.98725474 0.99770904 0.9782894  0.9952507  0.998176
 0.9953596  0.9876887  0.8404662  0.9665189  0.99230736 0.9670853
 0.99186045 0.9655384  0.9976578  0.9880939  0.9904642  0.9963194
 0.73983693 0.9974843  0.9919363  0.99883646 0.9946009  0.9907901 ]
[0.99886584 0.99151576 0.99458826 0.9961098  0.9959084  0.9947049
 0.85769767 0.96461385 0.9892581  0.9819047  0.97553986 0.987402
 0.99422705 0.9831459  0.9987676  0.9668892  0.9959488  0.9912009
 0.99661416 0.9814921  0.99056554 0.99354595 0.99424946 0.9728371
 0.9972922  0.9909327  0.99658525 0.9056095  0.59419763 0.9509331
 0.9711944  0.8789926  0.9966888  0.9442274  0.99667215 0.9983406
 0.9930896 ]
[0.9989748  0.991377   0.9970571  0.9970788  0.9954028  0.9971148
 0.991703   0.9706215  0.98805064 0.9920568  0.99747425 0.98951167
 0.9979103  0.9793809  0.9921933  0.9943545  0.9866421  0.9890638
 0.9486611  0.8636298  0.972218   0.99201304 0.9822155  0.95697516
 0.998439   0.9941724  0.9973508  0.9944938  0.98874694 0.99746764
 0.9983877 ]
[0.99919504 0.98412573 0.99514353 0.8952472  0.99616736 0.9971457
 0.9958099  0.99267805 0.9827114  0.9545035  0.99246925 0.93168443
 0.9947989  0.98991615 0.9978543  0.9908976  0.9981236  0.99021506
 0.96498233 0.9266344  0.9909757  0.969836   0.91671926 0.99081504
 0.9937925  0.98796904 0.990497   0.9800234  0.9895726  0.99039406
 0.9908216  0.99565256 0.99752015 0.9911494  0.99845994]
[0.998546   0.99381256 0.99456596 0.9798471  0.99451196 0.9967746
 0.9963018  0.9969998  0.98752856 0.9714342  0.9826819  0.99113196
 0.99595946 0.9784121  0.9987669  0.9786218  0.9825994  0.9970034
 0.9912582  0.9784183  0.892187   0.9980531  0.8503417  0.9918234
 0.9939422  0.9983469  0.99261063 0.9936977  0.99777526 0.99858934]
[0.9989519  0.9918751  0.98344165 0.99753344 0.99708587 0.99318767
 0.9950498  0.98711026 0.9309167  0.85461164 0.9971179  0.99492997
 0.9929646  0.9981857  0.9518414  0.9825632  0.9936155  0.98845774
 0.9888854  0.6213758  0.9906151  0.9957052  0.98511016 0.99479645
 0.9964987  0.97566164 0.99807644 0.84124625 0.9924926  0.95430726
 0.9978611  0.9955243  0.99761105 0.99636924]
[0.9992187  0.99306834 0.99718946 0.99642366 0.99583507 0.99551624
 0.9903116  0.94570357 0.9836459  0.9950847  0.99653685 0.99651355
 0.99852556 0.99272823 0.98102194 0.9954972  0.98911834 0.97805905
 0.99354124 0.880683   0.9932678  0.99225277 0.989725   0.97700775
 0.99840194 0.9943125  0.98383844 0.997544   0.9986688 ]
[0.9987263  0.99280953 0.99448687 0.97422206 0.9941347  0.99458176
 0.99613225 0.9954295  0.9843278  0.97251356 0.90468895 0.9973469
 0.99258256 0.9804301  0.99128354 0.996327   0.99090743 0.9481936
 0.9644688  0.9987564  0.6688644  0.9816098  0.99548304 0.9972807
 0.9982666  0.99008393 0.9834984  0.9987048 ]
[0.99852186 0.993852   0.9951454  0.99509573 0.9944989  0.9959972
 0.98746    0.9852835  0.95807153 0.95631266 0.9969002  0.986129
 0.9987118  0.97210175 0.99265105 0.99652773 0.9922805  0.97330624
 0.9966217  0.88900936 0.9933036  0.9952743  0.9970489  0.99727964
 0.9923692  0.98849815 0.99747986 0.99849594 0.9914205  0.93581176]
[0.99902284 0.989498   0.9955253  0.9974026  0.99436283 0.9967452
 0.99083966 0.97825056 0.9668937  0.9952584  0.9934022  0.99659216
 0.95867974 0.9986847  0.99287146 0.9681323  0.9959495  0.9905096
 0.9861605  0.8189893  0.9931838  0.99306506 0.9885626  0.99775773
 0.99069744 0.9924481  0.9884602  0.9957826  0.99729997 0.5639688
 0.9985739 ]
[0.9976761  0.9848125  0.9921813  0.99657404 0.9959223  0.9951815
 0.9910815  0.97594565 0.97564334 0.99349916 0.9966664  0.87075454
 0.99304056 0.9899776  0.94974196 0.9940837  0.99411917 0.9912838
 0.97101957 0.9855897  0.97804695 0.9939027  0.9795363  0.9978344
 0.997532   0.99086916 0.9819833  0.98522735 0.9982602 ]
[0.99904627 0.9942021  0.99530905 0.99611497 0.9909478  0.9942399
 0.9862331  0.9756639  0.9920379  0.9787386  0.99269605 0.99707806
 0.9952826  0.99846184 0.9809342  0.99431264 0.99552923 0.99535626
 0.9922907  0.98994666 0.97771215 0.98518604 0.77057976 0.99253017
 0.99601763 0.9979037  0.9977437  0.99681634 0.9901641  0.99632794
 0.9988636  0.99116373]
[0.9991364  0.9945321  0.9943394  0.98236763 0.9952302  0.99721646
 0.99607605 0.99496704 0.9743969  0.97176975 0.5842142  0.99644345
 0.99504685 0.99061793 0.99042296 0.99626046 0.9939214  0.9647068
 0.9988801  0.98885685 0.9962851  0.9975827  0.99073243 0.98636824
 0.9972656  0.9982181 ]
[0.9984334  0.9929125  0.99540293 0.99698156 0.9957949  0.9973131
 0.9883354  0.97850776 0.93713903 0.99362457 0.9946497  0.9895181
 0.99840873 0.99277556 0.9788963  0.9957171  0.987017   0.9786289
 0.57391554 0.6283418  0.9917316  0.9876007  0.98718935 0.9919268
 0.9964149  0.9233482  0.9875246  0.99724495 0.9982754  0.9933362 ]
[0.9985897  0.9924247  0.9967964  0.99545234 0.9946795  0.99558
 0.96448827 0.9318021  0.97293776 0.98718786 0.99384516 0.99229914
 0.99558735 0.9938232  0.9985241  0.99078065 0.9980996  0.9960741
 0.98443884 0.9518168  0.9768413  0.9954804  0.98428786 0.9976827
 0.99094254 0.98590857 0.9966599  0.998059  ]
[0.9983317  0.99431217 0.996317   0.9933877  0.9972709  0.9954686
 0.99548894 0.9838404  0.9840186  0.99313205 0.96596134 0.97112143
 0.99479693 0.9954449  0.99859184 0.9050267  0.9951898  0.99713755
 0.9941051  0.8758656  0.99245703 0.9127509  0.9944412  0.99585176
 0.968801   0.9933909  0.9455139  0.99502856 0.97478855 0.983832
 0.9883237  0.9955188  0.9971609  0.99630827 0.9989692 ]
[0.9989396  0.98969275 0.9969867  0.99598724 0.99377984 0.9950782
 0.98904884 0.97940993 0.58856416 0.94460815 0.99411434 0.9971112
 0.9940339  0.99854773 0.9910143  0.9846407  0.9683459  0.9948512
 0.993544   0.9751567  0.99244833 0.98994946 0.9862152  0.99735034
 0.996418   0.9903826  0.98459387 0.9975339  0.9983175  0.99699223
 0.905826  ]
[0.9989851  0.98006105 0.9944496  0.996545   0.99207366 0.99467814
 0.98468554 0.9761571  0.8146424  0.99632263 0.99413764 0.9987663
 0.98888296 0.9945003  0.9942887  0.97424453 0.99283326 0.97305334
 0.98043746 0.9957241  0.798421   0.99291307 0.9935642  0.9970714
 0.99049544 0.9888433  0.99649906 0.9989145  0.9930252  0.99436647]
[0.9992543  0.9935789  0.9944171  0.9768521  0.9950658  0.9974821
 0.996912   0.99668723 0.98015106 0.9768042  0.8747111  0.99607253
 0.997071   0.9988953  0.95381236 0.99191827 0.99465007 0.98787504
 0.9498757  0.9782906  0.9987318  0.9947495  0.99656445 0.9981337
 0.9959027  0.97914255 0.99737537 0.99827003]
[0.9989753  0.9916991  0.99617344 0.9713169  0.98960155 0.99464583
 0.99600095 0.9962178  0.9749902  0.9730814  0.9835239  0.9796587
 0.99511343 0.9974255  0.981454   0.99132544 0.9971221  0.9904552
 0.9494098  0.90472573 0.9985253  0.8363239  0.98870814 0.99537176
 0.99734217 0.99239844 0.9897293  0.99705625 0.9991347 ]
[0.9984048  0.99464697 0.9943901  0.9966736  0.9913816  0.9971113
 0.981573   0.9658631  0.991712   0.9803616  0.996566   0.99057966
 0.99871016 0.98770475 0.9907414  0.98939335 0.99401337 0.9881628
 0.9429817  0.9959401  0.9937257  0.8169447  0.98649246 0.9967243
 0.99464625 0.99846363 0.9890506  0.9945931  0.9958923  0.99744534
 0.97601897 0.99833727 0.9936579 ]
[0.99862194 0.99540234 0.99654204 0.9968828  0.9957164  0.99490803
 0.98598504 0.9872278  0.917031   0.99620205 0.9966017  0.98977786
 0.99905616 0.9823888  0.9841138  0.98541343 0.99511117 0.99318486
 0.97233003 0.8828634  0.9901946  0.57415926 0.9931558  0.99085826
 0.9982633  0.9965395  0.9770931  0.97240937 0.9977785  0.9983193
 0.9970758 ]
[0.99881315 0.99303174 0.99107575 0.9956934  0.99462306 0.9961361
 0.9925013  0.9903784  0.8658491  0.9967037  0.9938492  0.9923982
 0.9980715  0.9983675  0.91704124 0.9903868  0.9920562  0.992743
 0.98122567 0.9931022  0.96542615 0.9560892  0.99263775 0.9931306
 0.997463   0.9682147  0.7120144  0.9912587  0.9964295  0.9985923
 0.9974783  0.99798584 0.9979972  0.99539703]
[0.99864906 0.99010044 0.99422497 0.9957415  0.9926151  0.99620724
 0.9784701  0.9764945  0.9646467  0.9441239  0.99567646 0.9900699
 0.9986355  0.97258186 0.9937854  0.9966698  0.9873707  0.95132554
 0.99483347 0.9957832  0.9967307  0.9640798  0.9975311  0.9779137
 0.988089   0.99134564 0.9974922  0.9976731  0.99088365]
[0.99926084 0.98863226 0.99504036 0.99554896 0.99588794 0.9965108
 0.98763394 0.8730313  0.9783039  0.9569659  0.9927408  0.994507
 0.96857643 0.98981315 0.9987741  0.9562501  0.9933609  0.9666367
 0.99696016 0.9902558  0.9959927  0.637762   0.9919715  0.9950287
 0.98789215 0.98407894 0.985584   0.9952075  0.99596405 0.9974136
 0.9809529  0.99873704]
[0.998857   0.9857265  0.9939977  0.95509946 0.9968104  0.9962604
 0.99563855 0.9595482  0.9683339  0.9934657  0.90914094 0.9988675
 0.9968514  0.98674786 0.9978835  0.8018758  0.99838305 0.9873175
 0.98387724 0.99165875 0.9893087  0.9983454  0.9638585  0.9881229
 0.9974815  0.998221   0.99378043 0.9971379  0.99135333 0.99562234
 0.95265496 0.99420184 0.9983991  0.9927617 ]
[0.99902093 0.9935289  0.9954652  0.9957087  0.99396026 0.99549735
 0.98876464 0.9557529  0.9799985  0.98763674 0.9974528  0.86199
 0.99843735 0.97097856 0.9925724  0.9964768  0.99164444 0.987894
 0.96091145 0.9947077  0.97227097 0.9966204  0.9933647  0.99147016
 0.9945807  0.99664354 0.9977835  0.980478   0.9943469  0.99794036]
[0.99889463 0.99237037 0.9950256  0.9536804  0.9963081  0.99622476
 0.9962614  0.9861618  0.9833635  0.99466634 0.99689555 0.99866307
 0.99084795 0.98498523 0.99584323 0.99433786 0.98756915 0.99022245
 0.9779609  0.81690335 0.9960913  0.99250436 0.9961398  0.98707634
 0.9964527  0.990488   0.9892475  0.96553695 0.9962142  0.99829465]
[0.9982515  0.99259406 0.99527127 0.9869054  0.9904185  0.995821
 0.99610597 0.99425584 0.9864978  0.9707472  0.8386874  0.9957534
 0.9936358  0.9863479  0.990613   0.99580777 0.9916825  0.9669891
 0.99856806 0.87460136 0.98464996 0.99522865 0.9975414  0.99557495
 0.99229574 0.9958483  0.9988391 ]
[0.99855024 0.9941222  0.9952087  0.9922827  0.99709046 0.99661106
 0.9961324  0.9963637  0.9939997  0.96349305 0.9853028  0.99518085
 0.9988715  0.97834766 0.9910417  0.996111   0.99150676 0.9940288
 0.9730479  0.82121116 0.9986589  0.9783497  0.9945417  0.9924624
 0.9967092  0.9979011  0.97861314 0.9943204  0.99847835]
[0.9974062  0.9955148  0.9782671  0.99604636 0.99720794 0.9943414
 0.991434   0.9316711  0.99780303 0.9952597  0.99228996 0.98711336
 0.9986999  0.97519547 0.9917521  0.9972134  0.99711895 0.990699
 0.97706693 0.9677472  0.9927979  0.9923154  0.9944437  0.9975673
 0.96399385 0.99390584 0.9984725  0.99269086]
[0.9987821  0.99325585 0.99615437 0.9964522  0.995352   0.99487644
 0.9866121  0.98133564 0.6058392  0.99147004 0.9958151  0.99254733
 0.99866307 0.9779545  0.98555195 0.99739206 0.9957163  0.9921462
 0.9790192  0.81351775 0.9957586  0.8402791  0.98908585 0.9922254
 0.9971282  0.9906724  0.99194485 0.99717665 0.99880123]
[0.99870515 0.9851871  0.99716944 0.99546474 0.99600106 0.9952525
 0.98506784 0.9751238  0.96802247 0.9953106  0.9969716  0.9930341
 0.98702115 0.99108136 0.99637467 0.99047524 0.9786648  0.9269604
 0.99618584 0.92062175 0.9843657  0.99591666 0.9966366  0.98582435
 0.9929724  0.9911588  0.99659365 0.9989446 ]
[0.99904126 0.98551047 0.9940475  0.9631609  0.9968694  0.99571604
 0.99693054 0.9925013  0.9773966  0.9913087  0.958838   0.99674207
 0.6487702  0.9953799  0.9988023  0.9747961  0.98067725 0.9936754
 0.9976546  0.9878086  0.9966107  0.9250289  0.9911652  0.99638665
 0.9836093  0.99047965 0.9949143  0.99407685 0.98721576 0.9953755
 0.9967759  0.9985195 ]
[0.9989183  0.9928019  0.99667835 0.99597675 0.99575067 0.99597317
 0.97983    0.98130196 0.988388   0.97605395 0.99577624 0.9933429
 0.9888777  0.9983468  0.98795986 0.9935462  0.987435   0.99103457
 0.9975562  0.9871624  0.9608605  0.9913263  0.99623376 0.97458774
 0.9879274  0.97328985 0.997618   0.993321   0.9836692  0.99256825
 0.93915474 0.9332291  0.9985857  0.99218845 0.69659865]
[0.99896264 0.9927654  0.9954129  0.9971405  0.9963313  0.9956553
 0.9886467  0.9836737  0.9965952  0.9926789  0.9935195  0.9756682
 0.96999526 0.9807206  0.99287546 0.9893634  0.9851186  0.9977036
 0.9157415  0.982177   0.99592775 0.9978776  0.99584395 0.9912895
 0.9976882  0.99881613 0.99722975]
[0.9990132  0.990369   0.9954261  0.99576014 0.99666935 0.99462163
 0.9886058  0.9709617  0.9306442  0.99757236 0.58674    0.99140453
 0.9815958  0.99141747 0.99376786 0.9965906  0.99050117 0.98205835
 0.99733895 0.7770561  0.9834336  0.9614114  0.98644596 0.9974504
 0.99134326 0.99040246 0.9889436  0.99478203 0.99870276]
[0.99906296 0.99616504 0.98464286 0.99507743 0.99756867 0.9959448
 0.99002993 0.996808   0.9799319  0.7495372  0.9881253  0.98979455
 0.9959382  0.9962534  0.998776   0.9831849  0.9967469  0.98873365
 0.98940617 0.73008716 0.99221355 0.99630004 0.99016386 0.9983431
 0.9920157  0.9936173  0.97376084 0.9974203  0.99696416 0.9981931 ]
[0.9986986  0.9938034  0.99720806 0.9819432  0.9973705  0.99744165
 0.996711   0.9878307  0.98455054 0.9520301  0.9881094  0.9951875
 0.9877489  0.99799037 0.97564584 0.97365314 0.6540529  0.9959786
 0.95621735 0.99362034 0.9807411  0.96771115 0.9981933  0.59954166
 0.991134   0.9921699  0.9893797  0.98342264 0.9977557  0.9986161
 0.9948855 ]
[0.99894553 0.9927746  0.9964761  0.99734277 0.9956488  0.99493694
 0.9885557  0.9785976  0.9851061  0.9537475  0.9978109  0.9902805
 0.99887604 0.9823047  0.99406046 0.99345607 0.9930519  0.9575242
 0.9822222  0.99575055 0.878809   0.9921672  0.9959953  0.99854726
 0.9978988  0.9937377  0.9846939  0.9969735  0.99822325 0.98851484]
[0.9980261  0.99075794 0.99709666 0.9970595  0.99404633 0.99666446
 0.9744349  0.9436121  0.9796703  0.98767614 0.9973477  0.9947679
 0.9929563  0.9946814  0.99726117 0.9923822  0.9515646  0.9444863
 0.9962991  0.8588007  0.98626256 0.9938514  0.984534   0.990036
 0.9972487  0.99779713]
[0.9984257  0.9931531  0.99668163 0.9952989  0.98069316 0.9947621
 0.99724907 0.9942782  0.989593   0.96960807 0.99478596 0.9906871
 0.9966433  0.99838555 0.9832146  0.99181    0.99379    0.9871811
 0.9705921  0.9897022  0.5726452  0.9930749  0.99544    0.9875107
 0.99777216 0.9970631  0.9929391  0.9881589  0.790654   0.9983853 ]
[0.9984969  0.9913694  0.99625564 0.9890048  0.9965919  0.9932581
 0.996888   0.98864377 0.9878533  0.99120015 0.99729663 0.9964005
 0.9481022  0.9925136  0.9916638  0.987079   0.99857545 0.8441019
 0.99346393 0.8184974  0.9952624  0.9936708  0.99824166 0.99606055
 0.99016434 0.99654657 0.9983033 ]
[0.9987423  0.9922609  0.9969067  0.996743   0.99469525 0.9966118
 0.9915326  0.88280505 0.98254484 0.60978967 0.99524623 0.99030054
 0.99851185 0.9627547  0.992057   0.98017913 0.9912539  0.99322623
 0.9965772  0.99594444 0.8334933  0.99007857 0.9968491  0.9660247
 0.9985544  0.99359494 0.9973117  0.995672   0.98680115 0.9974552
 0.9980254 ]
[0.999236   0.99510777 0.99543923 0.9951906  0.99558264 0.9969025
 0.9838955  0.9855239  0.9431301  0.9650243  0.99525404 0.9944917
 0.9928275  0.9987054  0.9916574  0.98896736 0.99621433 0.9909957
 0.97427124 0.9221452  0.9970471  0.66059023 0.9941461  0.97868913
 0.99658644 0.98078835 0.9978671  0.99846077 0.9928583  0.95956266]
[0.99908185 0.99251294 0.99423075 0.9957769  0.99518234 0.9957974
 0.98896164 0.97299296 0.9855472  0.99286485 0.9946701  0.99832314
 0.9867301  0.98087627 0.99703765 0.98795426 0.9828864  0.9765029
 0.82581264 0.99729913 0.9930549  0.99314994 0.9824072  0.9961358
 0.99511343 0.9383938  0.9857491  0.99738115 0.99878937]
