Mprobs for dataset art (0.00000000001)

[0.99588853 0.98323405 0.99577636 0.9969308  0.9936864  0.9943211
 0.9968611 ]
[0.9984357  0.997591   0.9964042  0.9970034  0.99844605 0.9958093
 0.998645  ]
[0.99790394 0.9957165  0.9975804  0.995622   0.99794036 0.9964347
 0.99693525]
[0.99837625 0.99772793 0.99779993 0.9978733  0.9987286  0.84164083
 0.9980433  0.9922483 ]
[0.99803025 0.99715674 0.9968966  0.9978528  0.9971072  0.99411017
 0.99845195]
[0.99738485 0.997682   0.99680746 0.995765   0.99763334 0.9878494
 0.9986345 ]
[0.99861526 0.9974668  0.9968477  0.99666864 0.9987085  0.9954294
 0.99856347]
[0.99866426 0.99577904 0.9955129  0.9955836  0.99802136 0.9884898
 0.9983152 ]
[0.9988913  0.99648297 0.997889   0.9952608  0.9973551  0.9937402
 0.9986551 ]
[0.99828076 0.9977506  0.9958203  0.9953335  0.9979546  0.9931016
 0.9985354  0.9239012 ]
[0.99813324 0.99772733 0.99710387 0.99689037 0.53160703 0.99621457
 0.99853647 0.99469084 0.9990388 ]
[0.9985014  0.9959688  0.99622416 0.9958703  0.99690515 0.9955504
 0.9989864 ]
[0.99804235 0.9974533  0.9976077  0.99732554 0.92747265 0.9982895
 0.9930153  0.9986229 ]
[0.9984018  0.99685377 0.9955238  0.9965203  0.9791083  0.99638164
 0.99242365 0.9982541 ]
[0.9978911  0.99726725 0.9975314  0.99719393 0.9471499  0.99810094
 0.997626   0.9963045  0.9922402 ]
[0.9982023  0.99786633 0.9972133  0.99697626 0.99783546 0.98956317
 0.99756753]
[0.9982133  0.99792296 0.9974776  0.99514645 0.998198   0.9932075
 0.99892944]
[0.9977374  0.99799263 0.997221   0.99802256 0.71227586 0.9981894
 0.99233997 0.9985721 ]
[0.9986897  0.99793315 0.99588096 0.99719393 0.96752155 0.9967931
 0.9917105  0.99811673]
[0.9979255  0.99780375 0.9970925  0.99531305 0.82546204 0.997664
 0.9952284  0.998659  ]
[0.99811006 0.99778795 0.9969398  0.9971712  0.99474996 0.9973525
 0.99521196 0.9988212 ]
[0.9979837  0.99783486 0.9961868  0.997177   0.9978218  0.9893211
 0.9985347 ]
[0.9982534  0.996119   0.99650383 0.9951237  0.9970926  0.99483204
 0.998706  ]
[0.998389   0.99650973 0.99585235 0.99684    0.6427923  0.9979809
 0.9951859  0.99850875]
[0.9975579  0.9973597  0.9954027  0.99682945 0.9978794  0.998444
 0.9931258 ]
[0.99754167 0.9978714  0.99722916 0.99665725 0.99753916 0.99354184
 0.9983551 ]
[0.9985422  0.9967564  0.9970872  0.99726224 0.99837863 0.9918583
 0.99889   ]
[0.997926   0.9968058  0.99732345 0.9972384  0.99698764 0.99163955
 0.9988543 ]
[0.99783653 0.9970554  0.9963779  0.9969229  0.9256859  0.99865085
 0.9917568  0.9988752 ]
[0.99827313 0.9967188  0.99636984 0.99534434 0.9984622  0.99468225
 0.9976458 ]
[0.9988576  0.9961361  0.9956482  0.99709785 0.9986399  0.99594915
 0.9988105 ]
[0.9981388  0.9980071  0.99539375 0.9978423  0.99800676 0.9950119
 0.9981572 ]
[0.9975667  0.9960103  0.9975163  0.9977187  0.99798006 0.99336714
 0.9982674 ]
[0.99833715 0.9973756  0.997447   0.9973484  0.9982851  0.9957883
 0.9988386 ]
[0.99865675 0.9971921  0.9953067  0.99585116 0.99802834 0.99481213
 0.99835265]
[0.99791735 0.9979322  0.9968548  0.99690634 0.9966557  0.9940095
 0.99838054]
[0.9986534  0.99611485 0.9958619  0.9977896  0.9891466  0.99777836
 0.9888708  0.9979723 ]
[0.997982   0.99645185 0.99612266 0.9964199  0.98173577 0.99854314
 0.9902643  0.9970636 ]
[0.99802834 0.99753785 0.9976398  0.9974759  0.92302114 0.9951957
 0.9933954  0.9992119 ]
[0.99869543 0.9970571  0.99784267 0.99616724 0.9984257  0.7953672
 0.99454826 0.9987643 ]
[0.9978104  0.99795854 0.9960389  0.99544024 0.93510896 0.99730337
 0.99379057 0.9986518 ]
[0.998779   0.9966066  0.9968811  0.99651504 0.99785256 0.9943739
 0.9984794 ]
[0.99899524 0.9967637  0.99683136 0.99676406 0.9977925  0.99416167
 0.9991041 ]
[0.99709654 0.99757403 0.99749494 0.9978573  0.997799   0.9901675
 0.99817586]
[0.9982153  0.998988   0.9963296  0.99704677 0.996748   0.99785054
 0.99684143]
[0.998475   0.99648094 0.9958812  0.996662   0.9973224  0.99023867
 0.9978132 ]
[0.99826604 0.9976534  0.99588615 0.9950783  0.9973973  0.9932173
 0.9986959 ]
[0.998728   0.9978606  0.99708503 0.99776506 0.99712735 0.9937056
 0.9982231 ]
[0.99855083 0.995965   0.99516416 0.9977264  0.9976584  0.99476385
 0.9986094 ]
[0.99848735 0.9976974  0.99728775 0.99688405 0.99814856 0.99455535
 0.9970907 ]
[0.99804735 0.99605644 0.996089   0.99742067 0.9985061  0.99602205
 0.9989843 ]
[0.9975133  0.99573624 0.99673647 0.99780923 0.5077659  0.9970329
 0.99422497 0.99899524]
[0.99812394 0.9979236  0.9959468  0.9967424  0.9979411  0.99448615
 0.9982389 ]
[0.9986866  0.997505   0.9962799  0.9963731  0.9792477  0.994166
 0.99760747 0.9946608  0.998467  ]
[0.9985902  0.99606115 0.9966191  0.99623775 0.9986859  0.9956819
 0.99919313]
[0.99739134 0.99772984 0.9969688  0.9966865  0.99774325 0.9960348
 0.99872273]
[0.99855655 0.9969699  0.99623376 0.99667513 0.9972543  0.99636555
 0.99748576]
[0.99817765 0.9975097  0.99699295 0.99620664 0.79577696 0.9978154
 0.99353516 0.99800247]
[0.9985638  0.996216   0.99639136 0.99710494 0.5197674  0.9982236
 0.9948932  0.99828076]
[0.99808466 0.9975546  0.9956447  0.99547136 0.6704935  0.9985191
 0.99466515 0.9976046 ]
[0.99800104 0.9965076  0.9975048  0.99494165 0.9974801  0.99587435
 0.9977946 ]
[0.9980598  0.9965228  0.9951126  0.99693465 0.9966953  0.9950276
 0.99755824]
[0.99791664 0.9977837  0.9979032  0.9971789  0.99771273 0.99312496
 0.9987343 ]
[0.99830425 0.99592364 0.99785393 0.99677664 0.96643996 0.99704844
 0.989486   0.9981152 ]
[0.99731356 0.997647   0.9976318  0.9950358  0.9977558  0.99519205
 0.9967615 ]
[0.9975756  0.99765056 0.9977252  0.9978955  0.99833703 0.995871
 0.9982869 ]
[0.9975725  0.99784696 0.9974533  0.9967018  0.9857334  0.99827933
 0.98901397 0.99899346]
[0.99815494 0.9957082  0.99612695 0.9969234  0.99685633 0.992737
 0.99751794]
[0.9978411  0.99711764 0.9970696  0.9976199  0.99769956 0.99395543
 0.9982168 ]
[0.9976465  0.9953458  0.9979699  0.99758863 0.77709943 0.99795794
 0.99567837 0.99740547]
[0.99820924 0.99610776 0.9975223  0.99754614 0.94408184 0.99795914
 0.9960408  0.998451  ]
[0.9988242  0.9962457  0.9970521  0.99739146 0.99710053 0.9938501
 0.99894184]
[0.99853563 0.9955973  0.9953225  0.9975942  0.9983537  0.9965905
 0.9983663 ]
[0.9980862  0.9977157  0.99711084 0.9960367  0.9983493  0.9947408
 0.9982901 ]
[0.9971865  0.9975067  0.99578345 0.99625874 0.9980519  0.99531174
 0.9983841 ]
[0.99796283 0.9980794  0.99728596 0.99768615 0.9979418  0.99388146
 0.99779475]
[0.9985403  0.99553925 0.99737227 0.9953648  0.99668235 0.9937708
 0.9963081 ]
[0.99856025 0.996727   0.9969779  0.9959335  0.9982311  0.99242496
 0.99881196]
[0.9984748  0.9970349  0.9960492  0.9960504  0.9990447  0.9971232
 0.99399936]
[0.9983676  0.9980065  0.9964568  0.9957247  0.7982864  0.99787986
 0.9942356  0.99874383]
[0.9983542  0.99791294 0.996021   0.9953003  0.9975968  0.99468815
 0.998278  ]
[0.99851245 0.99745065 0.99617827 0.9970174  0.8798724  0.9983656
 0.9949576  0.9982855 ]
[0.99774927 0.9959663  0.99820054 0.9976216  0.9975368  0.9954424
 0.998774  ]
[0.9979565  0.99624026 0.9960068  0.9965894  0.997538   0.9939714
 0.99845946]
[0.9987186  0.99709904 0.997062   0.9956697  0.67915267 0.99790984
 0.9961892  0.99768245]
[0.99886477 0.99737453 0.9973775  0.99756384 0.68340915 0.9985684
 0.99301755 0.9987363 ]
[0.99848145 0.99667406 0.9956098  0.9973672  0.9983021  0.99254143
 0.9989273 ]
[0.99802643 0.99602306 0.9971186  0.99698764 0.9978823  0.99436426
 0.9971228 ]
[0.998412   0.99603987 0.99554473 0.9960212  0.9954052  0.997979
 0.9958762  0.9987627 ]
[0.9983859  0.9976083  0.9980269  0.9955935  0.9900753  0.99824214
 0.9768803  0.9903268  0.9991234 ]
[0.99751306 0.9961468  0.9957474  0.9975255  0.99883956 0.98856735
 0.9986168 ]
[0.9982601  0.9969599  0.9967253  0.9976688  0.9977558  0.9949968
 0.99850684]
[0.9987219  0.99752873 0.9974038  0.9953986  0.72040516 0.9967002
 0.9935027  0.9984849 ]
[0.99798965 0.9955147  0.9969446  0.997905   0.99724495 0.99474335
 0.9977944 ]
[0.9988294  0.9957211  0.99692386 0.9969208  0.61620116 0.9982169
 0.9943305  0.9989569 ]
[0.9986141  0.9969235  0.99783725 0.9977055  0.9633428  0.997317
 0.99322575 0.9986614 ]
[0.9974099  0.99774593 0.9965546  0.99617827 0.8970057  0.9976211
 0.9900982  0.9986784 ]
[0.99881953 0.9978255  0.9967064  0.9971173  0.99828786 0.99655175
 0.9987961 ]
[0.99782676 0.9963496  0.99720734 0.9978447  0.89516747 0.99877614
 0.9932689  0.9826476  0.99445623 0.99472237]
[0.99821377 0.99583036 0.9977447  0.9973381  0.99809116 0.9924505
 0.99813664]
