Mprobs for dataset art (0.0000000001)

[0.995921   0.98373055 0.996358   0.99358374 0.9953447  0.9937494
 0.98434895]
[0.99793845 0.99728525 0.99703634 0.99739265 0.9969523  0.992998
 0.9984469 ]
[0.9981243  0.99787855 0.9974923  0.9968907  0.99728477 0.99351406
 0.9974733 ]
[0.9985989  0.9963922  0.99592954 0.9973883  0.99834025 0.9954399
 0.99748886]
[0.99854255 0.9959365  0.9972791  0.9976283  0.93395776 0.99855775
 0.9950193  0.9986835 ]
[0.99867874 0.9966545  0.99706167 0.9964091  0.9977514  0.99281234
 0.9988405 ]
[0.99877995 0.99612963 0.99780077 0.9952154  0.99780136 0.9951137
 0.9986284 ]
[0.9977118  0.99646854 0.9956162  0.9971892  0.95708054 0.9978156
 0.9934522  0.9982241 ]
[0.9977456  0.9957789  0.99761677 0.99613285 0.99780446 0.99300826
 0.9976121 ]
[0.9981712  0.9967805  0.9965153  0.99683446 0.99612457 0.99384516
 0.9987154 ]
[0.9973847  0.99751174 0.99598515 0.9968797  0.9984561  0.99546045
 0.99824524]
[0.9979692  0.99711764 0.9969292  0.995628   0.99757534 0.9920622
 0.99835736]
[0.9974486  0.9969639  0.9978935  0.9970552  0.99698985 0.99586993
 0.99683243 0.99758697]
[0.99833715 0.9967782  0.99596536 0.9954131  0.9982122  0.99604094
 0.9987192 ]
[0.99836034 0.9970995  0.9964347  0.99770653 0.9970108  0.994352
 0.9966002 ]
[0.99746144 0.99615234 0.99689865 0.9961867  0.99858356 0.99157774
 0.9990871 ]
[0.9982565  0.9959949  0.995479   0.9966228  0.9962949  0.99427456
 0.9975393 ]
[0.9988562  0.9974795  0.99653083 0.9971986  0.98554486 0.9986652
 0.991703   0.9984409 ]
[0.99784017 0.9962024  0.997186   0.997686   0.99761826 0.9959065
 0.9988953 ]
[0.9981128  0.9978399  0.9961743  0.99677074 0.9974037  0.99488986
 0.998295  ]
[0.998273   0.99745566 0.9967559  0.9962179  0.99740463 0.99536973
 0.9978683 ]
[0.9981937  0.99653983 0.99713516 0.99775887 0.99572927 0.99597615
 0.9990115 ]
[0.9983917  0.99667054 0.99659556 0.9962484  0.9970812  0.9910086
 0.99831223]
[0.9984274  0.99575436 0.9974341  0.996673   0.9987387  0.9978745
 0.99362046]
[0.9981255  0.99665314 0.99726343 0.9974267  0.99855846 0.9934418
 0.99656737]
[0.99840623 0.99737966 0.9972939  0.99584347 0.99801147 0.9935468
 0.99807453]
[0.9975291  0.9967956  0.99600655 0.9969721  0.99773335 0.99561596
 0.9988121 ]
[0.99819946 0.99768054 0.99768984 0.9972018  0.90136427 0.99433243
 0.9981406  0.99521637 0.998588  ]
[0.9988772  0.9977981  0.9956155  0.9973047  0.9976897  0.9952732
 0.99783117]
[0.9976125  0.9975217  0.9958591  0.99718827 0.9974848  0.99276555
 0.99757427]
[0.9980861  0.9962121  0.9970619  0.9967589  0.9982293  0.9958901
 0.99856347]
[0.99859685 0.99653864 0.99744594 0.99667263 0.99679214 0.99643755
 0.9979461 ]
[0.9989004  0.9976406  0.99601185 0.9966472  0.9425004  0.9986664
 0.9950262  0.9975    ]
[0.99803835 0.9963367  0.9960936  0.99589574 0.9462385  0.99799526
 0.9951401  0.99896765]
[0.99775654 0.9975745  0.99752134 0.99751556 0.7075202  0.99743086
 0.9941397  0.9973871 ]
[0.9977774  0.99541974 0.99775    0.99780864 0.99857414 0.9936965
 0.9991899 ]
[0.9979474  0.997233   0.9964695  0.9978029  0.99735045 0.99467355
 0.9987684 ]
[0.9978108  0.996309   0.9971643  0.9955562  0.9692779  0.99803644
 0.99292904 0.9966009 ]
[0.9987078  0.9963146  0.99789387 0.9967026  0.9977998  0.9943861
 0.99870443]
[0.99855584 0.9972223  0.99581236 0.9974726  0.9982734  0.99470216
 0.9989704 ]
[0.9979297  0.99628    0.9960146  0.99587435 0.9973316  0.9944478
 0.99776864]
[0.9977806  0.99821234 0.9979101  0.99672073 0.9971795  0.9915284
 0.99810094]
[0.9984787  0.99717903 0.9968335  0.99694437 0.9970573  0.9952069
 0.99789363]
[0.997543   0.99745065 0.99659723 0.99513054 0.99788684 0.99478287
 0.99846494]
[0.99867404 0.99627435 0.99521613 0.9955166  0.9974509  0.9881075
 0.9990269 ]
[0.99792624 0.99606687 0.9955842  0.99795616 0.9974147  0.9951349
 0.9982267 ]
[0.99832696 0.9968843  0.99616146 0.9963814  0.9976801  0.9923299
 0.99900204]
[0.9980275  0.99713826 0.9968209  0.9951037  0.9973889  0.99498415
 0.9989489 ]
[0.9979705  0.9980934  0.99657553 0.9952775  0.99797195 0.9898797
 0.9984139 ]
[0.99793977 0.99546885 0.99645364 0.99744946 0.9961992  0.9957008
 0.9984498 ]
[0.99843866 0.9962132  0.9978607  0.9979755  0.99599624 0.99268395
 0.99872017]
[0.9981437  0.9966564  0.99615735 0.99619824 0.8929179  0.9972416
 0.9911084  0.9984674 ]
[0.9980895  0.9955381  0.99749607 0.9972892  0.9981534  0.99676704
 0.9986247 ]
[0.99875045 0.9975835  0.9974413  0.9964394  0.9990816  0.99882776
 0.99587256]
[0.9975528  0.9974777  0.9966923  0.9974087  0.99834764 0.99548054
 0.9989214 ]
[0.9982432  0.99595094 0.9962992  0.9974367  0.9660661  0.9972389
 0.9913231  0.998302  ]
[0.9984315  0.99662507 0.9979842  0.9968305  0.99792224 0.9949207
 0.99861634 0.7529095 ]
[0.99835724 0.9964031  0.9958968  0.9969934  0.974556   0.99714017
 0.9948544  0.99848014]
[0.99746716 0.99702734 0.9973732  0.9974527  0.97115135 0.99842596
 0.99196446 0.99914896]
[0.9976113  0.9970798  0.9975085  0.9974632  0.99831116 0.99183923
 0.99791723]
[0.9976579  0.99546045 0.99568367 0.9953448  0.99807787 0.9959643
 0.9984175 ]
[0.99810445 0.9963903  0.9969531  0.997412   0.9977811  0.9927135
 0.9987043 ]
[0.99843067 0.9957082  0.99628276 0.99708885 0.9983248  0.9946307
 0.99844754]
[0.99881697 0.9970475  0.9974946  0.9975018  0.99832827 0.9943315
 0.99755836 0.9976058 ]
[0.9982408  0.9974239  0.99681586 0.9963677  0.9953679  0.99451447
 0.99775946]
[0.9975169  0.9970042  0.99659616 0.9954122  0.99854124 0.9939272
 0.99791235]
[0.9987356  0.9973149  0.996488   0.99684143 0.99687433 0.99412584
 0.9981414 ]
[0.99782926 0.99585825 0.9978809  0.99727696 0.9973164  0.99179536
 0.9983253 ]
[0.997957   0.9976833  0.99628437 0.9955408  0.99692    0.9943771
 0.9985057 ]
[0.9983177  0.9967907  0.9958191  0.9955859  0.9973449  0.99603015
 0.99881506]
[0.9979722  0.9955913  0.9960847  0.99692196 0.9983814  0.99509335
 0.9986374 ]
[0.99835664 0.9967031  0.99535286 0.99775785 0.5072089  0.99777704
 0.9914786  0.99868196]
[0.99825794 0.9968844  0.99639326 0.9960801  0.9041163  0.9986123
 0.9951233  0.9987161 ]
[0.9981665  0.9962463  0.99711573 0.99609995 0.9983348  0.9926596
 0.99799335]
[0.9986393  0.99793977 0.9974542  0.99612457 0.9550094  0.99698466
 0.9922227  0.99819106]
[0.9974215  0.99712497 0.9975362  0.995776   0.9982601  0.9939687
 0.99802715]
[0.9981774  0.9958437  0.99746954 0.99554044 0.96283835 0.9981147
 0.99332774 0.99869126]
[0.9976174  0.9961249  0.99698395 0.996036   0.9984333  0.99532145
 0.998485  ]
[0.9971934  0.9980153  0.9968059  0.9975648  0.99643    0.99409556
 0.99879223]
[0.99836034 0.9977011  0.99596393 0.9960854  0.9978071  0.99436295
 0.99806577]
[0.99876106 0.99645895 0.99634296 0.99740845 0.99505687 0.9951525
 0.99909544]
[0.99814594 0.9974147  0.99639136 0.99671364 0.9986921  0.99474865
 0.99881506]
[0.99830014 0.99645376 0.9972058  0.9962835  0.9982304  0.994113
 0.9986313 ]
[0.9987369  0.9970931  0.9961467  0.9969662  0.99696547 0.99590516
 0.99770135]
[0.9986596  0.9959027  0.9967334  0.9966275  0.9985549  0.98891246
 0.99808586]
[0.9976913  0.99624085 0.99531037 0.9954792  0.99681216 0.99386215
 0.9980196 ]
[0.99827504 0.9976519  0.99773127 0.99658173 0.9960393  0.9934093
 0.99826765]
[0.9988951  0.99661106 0.9964715  0.997633   0.99668497 0.9956321
 0.9985415 ]
[0.9971144  0.99666035 0.9976019  0.9977635  0.99741423 0.9966703
 0.9985891 ]
[0.9982205  0.99690324 0.9954646  0.99666375 0.998256   0.99578875
 0.9988469 ]
[0.99776673 0.997134   0.9970619  0.99721754 0.9978409  0.9962537
 0.99776614]
[0.99694294 0.9979102  0.99707925 0.99618727 0.99821377 0.99257785
 0.9982734 ]
[0.99759513 0.99801    0.9954235  0.9976649  0.99760264 0.99100083
 0.99840385]
[0.99798834 0.99760604 0.9963727  0.996357   0.5588361  0.9981318
 0.9958632  0.9978677 ]
[0.9986143  0.9964619  0.99731344 0.99592835 0.9984353  0.9937503
 0.9977997 ]
[0.99812204 0.9975535  0.99650073 0.9976023  0.9988926  0.99442023
 0.9984869 ]
[0.998464   0.9969458  0.99674475 0.99763966 0.9982255  0.99537295
 0.99863976]
[0.9978593  0.99626017 0.9963497  0.995946   0.9965274  0.9942907
 0.99819934]
[0.9980572  0.99739444 0.997359   0.99682105 0.99846506 0.9947661
 0.9991371 ]
[0.99815875 0.9956695  0.9973424  0.9952459  0.62308776 0.9975555
 0.9910725  0.99770516]
