Mprobs for dataset art (0.000001)

[0.9957118  0.9942029  0.99580526 0.99503076 0.9962553  0.9877223
 0.9956506 ]
[0.99884665 0.99585885 0.99695194 0.9969908  0.99734205 0.99797076
 0.995846   0.995769  ]
[0.9988696  0.9973459  0.99712294 0.99769247 0.94921106 0.99773693
 0.9932272  0.9990159 ]
[0.99717283 0.9953414  0.9980032  0.9958371  0.83006376 0.9972765
 0.99363637 0.9971522 ]
[0.99813396 0.9962864  0.99729025 0.9957354  0.99862146 0.9947266
 0.9988288 ]
[0.9972404  0.99679416 0.9976903  0.9971238  0.9984316  0.98973036
 0.9985599 ]
[0.9976031  0.9972709  0.9958929  0.9966388  0.9814006  0.99833065
 0.98953176 0.9965475 ]
[0.9980913  0.99754936 0.9959151  0.9965953  0.99091375 0.9983728
 0.9862179  0.99553055 0.9837722  0.97317016]
[0.9975083  0.99770194 0.99602735 0.9962709  0.9978871  0.9920334
 0.9986708 ]
[0.9987993  0.99737984 0.9962484  0.99716115 0.9981353  0.99523443
 0.9991611 ]
[0.9976452  0.99617296 0.99813396 0.99566996 0.6010763  0.99727577
 0.99432474 0.99594325]
[0.99733186 0.996283   0.9970304  0.9952158  0.9766593  0.9980123
 0.9926455  0.9985733 ]
[0.9984793  0.99661773 0.99553263 0.9953353  0.9966274  0.9928336
 0.99830806]
[0.9977843 0.9964419 0.9956286 0.9956118 0.9960508 0.9947272 0.9982535]
[0.9985316  0.9980211  0.9968869  0.99704736 0.99574476 0.9937627
 0.99695575]
[0.99843913 0.99787104 0.99560827 0.9970668  0.9987055  0.99132895
 0.99775285]
[0.9977842  0.9958711  0.99715436 0.99597    0.7949716  0.99847394
 0.99375665 0.9991161 ]
[0.99752146 0.99774075 0.9972397  0.99570906 0.9970066  0.95741314
 0.9964032  0.88245904 0.9971353 ]
[0.9982931  0.9959116  0.9974795  0.9969332  0.9979746  0.9958554
 0.99658257]
[0.99761    0.9962691  0.9963463  0.99713767 0.58024126 0.99724066
 0.99187464 0.9982534 ]
[0.9985576  0.9974239  0.99664825 0.99761426 0.9983298  0.99404824
 0.9978872 ]
[0.9981499  0.9980878  0.99687994 0.99754435 0.9987338  0.9960536
 0.9987495 ]
[0.9975147  0.99555945 0.9968635  0.99633574 0.9365426  0.99777585
 0.99516773 0.9970073 ]
[0.9977932  0.99615556 0.9970975  0.99761945 0.9673614  0.99698514
 0.99427986 0.99806625]
[0.9989411  0.9962915  0.997198   0.99675363 0.9955273  0.99149656
 0.9983205 ]
[0.99862766 0.9977053  0.9966434  0.99622726 0.67963547 0.9960373
 0.9959408  0.99671257]
[0.99702793 0.99741423 0.9969919  0.99776185 0.9949183  0.99663407
 0.9981927  0.99569124]
[0.9981602 0.997056  0.9953804 0.9974693 0.9968863 0.9964283 0.9987606]
[0.997757   0.99640167 0.9971226  0.9970329  0.99550337 0.99566144
 0.99899   ]
[0.99879885 0.9958941  0.9955907  0.9966672  0.99769187 0.99394387
 0.99883515]
[0.9987134  0.99689215 0.9962717  0.9971541  0.998528   0.993694
 0.998787  ]
[0.99792445 0.99571073 0.9971583  0.99692184 0.9970349  0.996219
 0.9968124 ]
[0.99799    0.9960614  0.99645585 0.99745804 0.99744546 0.99490356
 0.99876094]
[0.99814224 0.99733907 0.99630785 0.9969283  0.9981719  0.9931074
 0.9966989 ]
[0.9980388  0.9978125  0.9977811  0.99691004 0.99614394 0.99589646
 0.9972108 ]
[0.9983022  0.99726427 0.9971238  0.9964121  0.9976544  0.99527454
 0.9981154 ]
[0.9978073  0.9962714  0.99664885 0.997948   0.99770594 0.9896797
 0.9985574 ]
[0.9981668  0.99751604 0.9962604  0.9953251  0.9973385  0.9870877
 0.9990754 ]
[0.99823964 0.99768484 0.99570036 0.99576783 0.99591833 0.9958872
 0.9983065 ]
[0.9971808  0.99714017 0.9957842  0.99564135 0.99828404 0.99296373
 0.99785596]
[0.99863094 0.99574596 0.9954958  0.9969489  0.9983688  0.9966372
 0.998278  ]
[0.9985133  0.9975223  0.9976064  0.9976776  0.9969704  0.9926011
 0.99875855]
[0.9986181  0.99760205 0.9960257  0.99566984 0.8953831  0.9960627
 0.9930107  0.99762374]
[0.998259   0.99606186 0.9976767  0.9963882  0.99766445 0.99072015
 0.9988746 ]
[0.99812084 0.9974884  0.99611074 0.99765646 0.9979048  0.9939413
 0.99624276]
[0.99866784 0.99699366 0.9952799  0.995526   0.99828917 0.99691415
 0.9980944 ]
[0.9987453  0.99758816 0.99637103 0.9966209  0.99685824 0.9909286
 0.9980532 ]
[0.99746084 0.9973679  0.9955258  0.9976725  0.997421   0.99300027
 0.9989355 ]
[0.9981142  0.99614197 0.996709   0.9955212  0.99839526 0.9884094
 0.997658  ]
[0.9985833  0.9973079  0.99651426 0.9971348  0.987931   0.9985014
 0.99090904 0.99855417]
[0.9986179  0.99628013 0.9962077  0.9961576  0.6383654  0.99646986
 0.9958236  0.9983341 ]
[0.99801373 0.9977342  0.9963406  0.99783915 0.9969271  0.9915413
 0.9988477 ]
[0.9977276  0.9975782  0.9974246  0.99537224 0.9982141  0.99509335
 0.99705577]
[0.9982886  0.99704933 0.99535334 0.995739   0.7256101  0.99688137
 0.9955244  0.9980122 ]
[0.9972849  0.9956097  0.99780434 0.99695253 0.9969074  0.9945844
 0.9987208 ]
[0.9986339  0.997535   0.9966149  0.99618405 0.9987356  0.9926016
 0.9984236 ]
[0.9986284  0.99663794 0.99715734 0.9953987  0.9799918  0.9966613
 0.9912924  0.9987079 ]
[0.99867356 0.9977393  0.99551624 0.9970113  0.9539706  0.99794763
 0.99253345 0.99833053]
[0.9986299  0.9958924  0.99770504 0.99683374 0.9984303  0.99646336
 0.99631613]
[0.99772185 0.9954976  0.9964803  0.995956   0.9961576  0.995161
 0.99581903]
[0.9981464  0.9972562  0.99768496 0.9976291  0.9401609  0.9978148
 0.9924274  0.9987997 ]
[0.99822444 0.99591464 0.9974324  0.99733305 0.99643683 0.99292046
 0.9983714 ]
[0.9972204  0.9957645  0.9974451  0.99664223 0.9953145  0.9958425
 0.99624735]
[0.9984484  0.99770653 0.9977235  0.99686474 0.9974777  0.9966678
 0.9962607 ]
[0.9977431  0.9960347  0.995187   0.99641967 0.9976544  0.99659806
 0.9983505 ]
[0.9979013  0.9960679  0.99628097 0.995812   0.99756926 0.9954848
 0.9984926 ]
[0.9981521  0.99632156 0.9965654  0.99760926 0.9964281  0.9967348
 0.99677026]
[0.9987791  0.99605834 0.9965101  0.9978662  0.9982272  0.9959299
 0.9983724 ]
[0.9987979  0.9961295  0.99585235 0.9976464  0.99795604 0.6877898
 0.99139154 0.99887854]
[0.9987214  0.9964553  0.9959228  0.9961253  0.9467588  0.99808705
 0.99277836 0.9973132 ]
[0.99784636 0.9969212  0.99642915 0.99757093 0.99736255 0.9938333
 0.99897707]
[0.9980615  0.99620014 0.99567646 0.99570507 0.997983   0.9955604
 0.9977654 ]
[0.9981645  0.99707806 0.9973218  0.9966593  0.99585885 0.9980287
 0.996461   0.9989231 ]
[0.99824095 0.99736375 0.9960806  0.9973151  0.9973884  0.9923718
 0.9987956 ]
[0.99872357 0.99600524 0.9969146  0.99578756 0.97432274 0.99812514
 0.99656135 0.9936412  0.99167824]
[0.9975222  0.9978758  0.9978231  0.9963393  0.99552464 0.9955063
 0.99788374]
[0.99771595 0.9974511  0.9974388  0.9962722  0.9977187  0.9955859
 0.9988306 ]
[0.9987231  0.9966336  0.99791175 0.99658954 0.99772424 0.98823816
 0.99811447]
[0.9984511  0.9960615  0.9978453  0.9964927  0.99702626 0.9928885
 0.99831045]
[0.99763584 0.9975254  0.99523985 0.9970409  0.9985261  0.99267274
 0.99779356]
[0.9975056  0.99756765 0.9973105  0.9965676  0.80850315 0.99870265
 0.99415356 0.9988953 ]
[0.997919   0.99603707 0.99689096 0.9969529  0.9965661  0.99488246
 0.99847573]
[0.9976599  0.99738556 0.99747074 0.9974916  0.9980453  0.99612033
 0.99793077]
[0.99849427 0.99743253 0.9973959  0.99664485 0.9985921  0.9927797
 0.99863833]
[0.99753124 0.9963946  0.99739814 0.9959997  0.9429003  0.99858814
 0.9914498  0.9974842 ]
[0.9986333  0.99791735 0.9975961  0.9976781  0.9980672  0.9954646
 0.99811006]
[0.99746215 0.8503564  0.99712664 0.9974095  0.9968779  0.99766904
 0.993509   0.99883026]
[0.9978896  0.9974585  0.9978624  0.99762267 0.96095216 0.9981187
 0.99368566 0.9986808 ]
[0.9987562  0.9967914  0.9977851  0.9966     0.99667764 0.99531806
 0.9984302 ]
[0.9988079  0.9968451  0.99586725 0.9976052  0.9980824  0.9944417
 0.99802077]
[0.9987925  0.9971578  0.9978224  0.9974445  0.99826115 0.99638414
 0.9969086 ]
[0.9988662  0.9977081  0.9972862  0.99763346 0.9886636  0.9980667
 0.98157114 0.9987012 ]
[0.99818486 0.9954986  0.99658585 0.9956957  0.98214483 0.99718106
 0.9911628  0.99843866]
[0.99858    0.9960498  0.99698037 0.99723214 0.99800867 0.9946833
 0.99869496]
[0.9985166  0.99604696 0.9971967  0.9965926  0.9965503  0.9964553
 0.99848866]
[0.9987828  0.99604464 0.9968292  0.99617237 0.99841595 0.9964664
 0.9989748 ]
[0.9979565  0.99716115 0.99724007 0.9973054  0.9318857  0.9968177
 0.99530846 0.9987148 ]
[0.9986004  0.9973013  0.9976526  0.99559623 0.9978635  0.98993343
 0.9979119 ]
[0.99760073 0.9957247  0.99503314 0.9975937  0.8802134  0.9967704
 0.9919973  0.99749064]
[0.99900144 0.99792284 0.99701655 0.9971727  0.9979341  0.989902
 0.99823546]
