Mprobs for dataset art (0.0000001)

[0.99628985 0.99654454 0.9971614  0.9937791  0.97443694 0.9953708
 0.9964659 ]
[0.99763143 0.99734443 0.99568474 0.99720985 0.6072492  0.99798477
 0.9953244  0.99880505]
[0.9977354  0.9967784  0.99696237 0.99652016 0.9974354  0.9933962
 0.7022583  0.9986368 ]
[0.9983944 0.9972222 0.9961085 0.9961111 0.9972717 0.9975943 0.9944137]
[0.9982034  0.99781954 0.99622107 0.99640405 0.99738187 0.9965779
 0.99837327]
[0.99802953 0.9953982  0.99620616 0.9969362  0.9979572  0.9974209
 0.99517244]
[0.99821895 0.99694735 0.9954391  0.99604553 0.9985934  0.9939314
 0.99858034]
[0.99797755 0.9975872  0.99802136 0.9978327  0.7965528  0.9987496
 0.9948841  0.99887127]
[0.99704903 0.9961922  0.9975109  0.99740607 0.9956235  0.99600047
 0.9986387 ]
[0.9980153  0.99639076 0.9960443  0.99582493 0.9962903  0.9920248
 0.99914134]
[0.9981668  0.9975504  0.9965274  0.99703705 0.99794775 0.9958591
 0.99882275]
[0.998268   0.99673885 0.99596965 0.9977125  0.99771357 0.9924913
 0.99859744]
[0.99786216 0.9972258  0.99649364 0.9964444  0.99766207 0.98884344
 0.99829215]
[0.9979564 0.9969217 0.9970919 0.996287  0.9970311 0.9943768 0.997118 ]
[0.9973117  0.99897575 0.99747014 0.99730575 0.9953578  0.9966967
 0.9932554 ]
[0.9983979  0.99672276 0.995911   0.9978009  0.99839324 0.99083143
 0.9978034 ]
[0.9979527  0.99643314 0.9962114  0.99747676 0.9981269  0.9952236
 0.9981304 ]
[0.9975782 0.9971608 0.9973016 0.9974927 0.9985008 0.9920689 0.9970304]
[0.9978258  0.99606943 0.99651647 0.99785256 0.99749196 0.9959726
 0.99824226]
[0.99851733 0.9978302  0.99662626 0.99776006 0.99807906 0.99158937
 0.9986363 ]
[0.9981306  0.9965019  0.99743253 0.9970747  0.9967024  0.99350774
 0.9980718 ]
[0.99818206 0.99679106 0.99711335 0.9953957  0.6165696  0.9974208
 0.9960808  0.9985422 ]
[0.99737763 0.99657214 0.9974056  0.99523574 0.99789536 0.9955817
 0.99890876]
[0.9982803  0.9965037  0.9979219  0.99566615 0.99831057 0.99525213
 0.9981535 ]
[0.9980718  0.9955521  0.9963192  0.9970517  0.99627006 0.99548423
 0.99812907]
[0.9977957 0.9980557 0.9974619 0.9963989 0.9959473 0.9950381 0.9973078]
[0.9974942  0.9961903  0.9956423  0.99661666 0.99824893 0.99629116
 0.99548537 0.9975127 ]
[0.99834347 0.9958027  0.9982333  0.9976882  0.9967133  0.9929884
 0.99824905]
[0.9979049  0.99792284 0.9960278  0.9952449  0.9985775  0.99654573
 0.998743  ]
[0.99735177 0.99742246 0.99788576 0.9958657  0.99849415 0.99341184
 0.99772435]
[0.9986498  0.9963058  0.9955733  0.99726427 0.9990125  0.9973009
 0.9949405 ]
[0.99887437 0.9965508  0.9958556  0.997285   0.7969165  0.9984131
 0.9941356  0.99885523]
[0.99793446 0.9965115  0.9973598  0.9954342  0.99656844 0.9940705
 0.996974  ]
[0.998765   0.99714166 0.9967558  0.9976191  0.99602723 0.9937558
 0.998408  ]
[0.99775285 0.99793386 0.9962275  0.99513274 0.9984358  0.9962727
 0.99834144]
[0.9981943  0.99695206 0.99730587 0.99745065 0.9971967  0.993085
 0.9985672 ]
[0.99746084 0.9957048  0.9950111  0.99622005 0.997526   0.9891671
 0.9989542 ]
[0.9984035  0.9965346  0.9967713  0.99757737 0.99794954 0.9955942
 0.9976363 ]
[0.99719316 0.9971265  0.9974896  0.9953407  0.99826175 0.9937702
 0.9978104 ]
[0.99795306 0.99718827 0.9963834  0.9958978  0.99848807 0.9942589
 0.99833494]
[0.99781066 0.996068   0.99542785 0.996815   0.9975286  0.99571145
 0.9989761 ]
[0.99783605 0.9961845  0.9979265  0.9978132  0.9658201  0.9984565
 0.99262005 0.99840325]
[0.9981193  0.9965037  0.9956489  0.99763715 0.99828786 0.996788
 0.9989083 ]
[0.99869365 0.99715674 0.99569917 0.9955049  0.9981968  0.99293363
 0.99894625]
[0.99760556 0.9963605  0.9968978  0.99757993 0.998235   0.9926449
 0.9986883 ]
[0.99803907 0.99782014 0.99644357 0.9978678  0.9984377  0.99569064
 0.99888355]
[0.9983765  0.9971187  0.9975835  0.9957332  0.99771583 0.99181855
 0.9981345 ]
[0.99847764 0.99762446 0.99705756 0.9979809  0.9966503  0.995723
 0.99791497]
[0.9978206  0.99763083 0.9975115  0.9955778  0.99801195 0.9955592
 0.99858105]
[0.9978795 0.9968141 0.9966217 0.9976507 0.9978435 0.9950422 0.9987484]
[0.9976852  0.9974782  0.9980856  0.9953223  0.65724427 0.99812764
 0.99184084 0.99758387]
[0.9986033  0.9972452  0.9972289  0.9967187  0.9979814  0.9955733
 0.99886584]
[0.99831945 0.99694914 0.9964754  0.9968117  0.9983918  0.9893665
 0.99849164]
[0.99851066 0.99654895 0.9975141  0.99773204 0.9967362  0.9922988
 0.99859685]
[0.99798524 0.9971957  0.9949379  0.9953564  0.9974038  0.99479055
 0.9983997 ]
[0.99834776 0.9968508  0.9955265  0.9972166  0.9962843  0.99625826
 0.9978758 ]
[0.9980282  0.99650073 0.9952415  0.9978453  0.9974215  0.9954888
 0.99756753]
[0.99847144 0.99568343 0.9964534  0.996099   0.9978356  0.98839986
 0.9977139 ]
[0.99804294 0.9970696  0.99760544 0.99681807 0.99815494 0.99235404
 0.9986582 ]
[0.9979565  0.99635124 0.99481946 0.9976567  0.93391776 0.9978115
 0.99221754 0.9982377 ]
[0.9984725  0.9961014  0.9976549  0.99654657 0.9983701  0.9944829
 0.9989203 ]
[0.9984364  0.99729127 0.9978807  0.997841   0.9974285  0.9916325
 0.99789137]
[0.99803203 0.9961605  0.9958741  0.99544    0.99790823 0.99580246
 0.99890864]
[0.99830186 0.9954448  0.99607867 0.9976295  0.99711895 0.9982931
 0.98968554 0.99411523]
[0.9980259  0.9965256  0.9960712  0.99772924 0.9976186  0.9956417
 0.99779886]
[0.998665   0.997526   0.9955811  0.9970145  0.9978781  0.9935627
 0.99844944]
[0.9984768  0.99707043 0.99612963 0.99499315 0.99744093 0.99387854
 0.99850804]
[0.9980159  0.99788755 0.9980313  0.99801517 0.9990281  0.99384886
 0.99790704]
[0.99764246 0.9971666  0.9967315  0.9975383  0.99876213 0.9959753
 0.9985745 ]
[0.9989405  0.996512   0.9972203  0.9964987  0.92628884 0.9985948
 0.99416214 0.99895227]
[0.99813616 0.99547344 0.9973941  0.99518186 0.99843353 0.99344456
 0.9986393 ]
[0.9983051  0.99765575 0.99688184 0.99702877 0.99575657 0.9926681
 0.99791294]
[0.9978746  0.9978738  0.99726486 0.99533254 0.9984976  0.99478614
 0.99717987]
[0.9976388  0.99801123 0.99747723 0.9972838  0.9806445  0.9987312
 0.98737633 0.99706835]
[0.9979797  0.997787   0.99648917 0.99651647 0.9426806  0.9979657
 0.99389005 0.9972283 ]
[0.9978296  0.9956273  0.99789846 0.99586475 0.9963498  0.9934407
 0.9979286 ]
[0.9978241  0.9956     0.99739337 0.99658054 0.95162404 0.9978003
 0.98496693 0.99020505 0.998781  ]
[0.99791414 0.9960674  0.9964644  0.9977787  0.9967704  0.9925525
 0.9990055 ]
[0.99762064 0.99722904 0.9978415  0.9961002  0.9348061  0.9959816
 0.9937874  0.9973973 ]
[0.9981053  0.99695444 0.99650806 0.9975314  0.9966557  0.995619
 0.9988393 ]
[0.9984061  0.99745315 0.99719405 0.99784994 0.9973966  0.9929142
 0.9983255 ]
[0.9983941  0.99602026 0.99790037 0.9970229  0.9966993  0.9889675
 0.9985713 ]
[0.99882716 0.9979073  0.99728286 0.995048   0.99794406 0.9933315
 0.9984022 ]
[0.998231   0.99660254 0.99519426 0.9975713  0.8046963  0.99830014
 0.994836   0.99807644]
[0.9983896  0.9980356  0.9970734  0.99786806 0.9358176  0.997735
 0.99354666 0.9983209 ]
[0.9978173  0.9966086  0.9975821  0.996723   0.9976527  0.99230134
 0.9975721 ]
[0.9985507  0.9977835  0.9966599  0.9978867  0.99743736 0.98618305
 0.999076  ]
[0.99771357 0.9987539  0.99606824 0.9964126  0.99587613 0.9980513
 0.9956126 ]
[0.99878806 0.9974833  0.9971992  0.99612087 0.94316334 0.9957694
 0.99516404 0.9967276 ]
[0.99855524 0.9963127  0.99659806 0.99745363 0.9968353  0.9931512
 0.99848926]
[0.9977398  0.99699223 0.9971017  0.9957481  0.99669385 0.9887822
 0.99840635]
[0.997424   0.9976999  0.9977665  0.996452   0.9978327  0.9957936
 0.99863404]
[0.9980526  0.9955071  0.9967404  0.9970385  0.99803    0.99633515
 0.99832267]
[0.99824995 0.99570847 0.99535394 0.99599636 0.9977272  0.990589
 0.99899477]
[0.99867404 0.9960199  0.9959443  0.9956279  0.79749113 0.9976672
 0.9900227  0.9983369 ]
[0.99774253 0.9974542  0.9960983  0.997801   0.99846834 0.8173612
 0.9946629  0.9987557 ]
[0.9975061  0.99590576 0.9970409  0.99757105 0.9983261  0.9951912
 0.9956079  0.995918  ]
[0.9987392  0.9958056  0.9968798  0.9972187  0.674518   0.99730945
 0.9951225  0.9983706 ]
[0.99862325 0.9976494  0.99698466 0.99615014 0.9983683  0.9966363
 0.99889046]
[0.9981382  0.99650687 0.99741215 0.9975005  0.99569905 0.99490273
 0.9985391 ]
