Mprobs for dataset art (50)

[0.98615855]
[0.99904567 0.9956666  0.9976336  0.99195683 0.9953661  0.9941876
 0.9960376  0.97620153 0.9804821  0.98532677 0.85256594 0.99316
 0.9955438  0.9952348  0.9960537  0.971194   0.99879515 0.99227965
 0.9797534  0.99447787 0.99380785 0.991438   0.9782267  0.9765846
 0.9475531  0.9983682  0.97832125 0.98084587 0.9930195  0.9929802
 0.9979394  0.992596   0.9452295  0.9960212  0.99857426]
[0.99927753 0.99160343 0.99512035 0.99661046 0.99639386 0.9970187
 0.9965359  0.9933963  0.99079645 0.9658006  0.98862433 0.96265805
 0.99678445 0.9959622  0.99688184 0.99896955 0.9777721  0.99460125
 0.9875979  0.95797753 0.9956986  0.99584633 0.9695864  0.99658585
 0.99373615 0.9839676  0.97674745 0.9942325  0.9957801  0.9914386
 0.99010533 0.9984023  0.99137574 0.9968919  0.96188104 0.96400845
 0.97664046 0.9984884  0.9946866 ]
[0.99884254 0.9933113  0.9966798  0.9953477  0.99627703 0.99677163
 0.99371463 0.99312913 0.9902255  0.95107675 0.9864007  0.990003
 0.99741435 0.9933355  0.99908483 0.9846703  0.99644095 0.96860474
 0.9895488  0.9702392  0.98802316 0.9984565  0.9654908  0.9943082
 0.99631774 0.96021014 0.9988895  0.99625695 0.98362225 0.88691753
 0.99662554 0.9989046 ]
[0.99924386 0.9958883  0.99409604 0.9852288  0.9972709  0.9956201
 0.99532497 0.99463487 0.99421245 0.9963027  0.9811841  0.9600385
 0.9941421  0.6912199  0.99834394 0.952538   0.74561006 0.9992981
 0.8508868  0.98434144 0.99768126 0.9949479  0.98558027 0.99483466
 0.9974866  0.9914488  0.9923368  0.9613357  0.99471587 0.7810511
 0.98717916 0.9983175  0.9980368  0.9963414  0.8747714  0.99700195
 0.99484915 0.9930369  0.9943914  0.9920365  0.9950413  0.9594364 ]
[0.9990125  0.9964218  0.99539435 0.9956929  0.9530821  0.99489295
 0.99100703 0.99541384 0.9925056  0.9712375  0.99351174 0.99122417
 0.9964384  0.99734676 0.99558014 0.99855    0.99117893 0.9938746
 0.98768884 0.99352854 0.9693359  0.97005874 0.95500964 0.98846626
 0.9966371  0.9893156  0.9940976  0.99786323 0.99305636 0.8939846
 0.99733055 0.99837923 0.9929559 ]
[0.9986975  0.99251187 0.99751866 0.9940853  0.99235404 0.9973488
 0.9944616  0.9943135  0.9903233  0.9537782  0.981402   0.99095637
 0.9918241  0.9619614  0.9967656  0.9970836  0.984537   0.99929035
 0.98442113 0.99472886 0.9862895  0.98930234 0.9647979  0.9838504
 0.97438735 0.9952722  0.99540186 0.97399706 0.9985875  0.9952996
 0.9866214  0.97977877 0.9876996  0.99757916 0.99861825]
[0.9991968  0.9954308  0.9968855  0.9883646  0.99602616 0.99409074
 0.99317193 0.9935853  0.9771652  0.99311006 0.98444945 0.9973954
 0.9968545  0.9945247  0.9988606  0.99745506 0.9164427  0.9969658
 0.99060714 0.8788086  0.9923166  0.99220806 0.9877587  0.94240344
 0.9972715  0.99451053 0.9973878  0.9833681  0.99866545 0.9968779
 0.99702793 0.97947145 0.99741983 0.9887158  0.9989936  0.99838865
 0.96535504]
[0.9985208  0.99036074 0.9964078  0.99050397 0.99372923 0.9958729
 0.9969254  0.99245983 0.9929201  0.9936207  0.5783126  0.9815222
 0.99794906 0.99277437 0.99551815 0.9988965  0.91510475 0.99491197
 0.99216205 0.9966888  0.98274267 0.9091237  0.998922   0.99693537
 0.9798259  0.9950529  0.9959896  0.9924948  0.99872005 0.9971187
 0.9924826  0.82576376 0.9962458  0.99842715 0.99249566]
[0.9988759  0.9951544  0.9969271  0.9931462  0.9964939  0.99584925
 0.993547   0.9946597  0.98967755 0.8137906  0.9771558  0.9884206
 0.992219   0.9967276  0.9965569  0.91959006 0.99885225 0.9921976
 0.9952441  0.99322355 0.99154353 0.97955966 0.7546495  0.9983339
 0.99514127 0.98801523 0.99820113 0.99481165 0.8913695  0.98623556
 0.9964217  0.9988581  0.9909769 ]
[0.9991992  0.99430627 0.99725276 0.9956321  0.99749726 0.9962974
 0.9894763  0.7317316  0.98785686 0.9942836  0.981899   0.9964095
 0.9969441  0.99620855 0.9647887  0.98911196 0.99918824 0.99369615
 0.98362225 0.9927458  0.99264866 0.9960514  0.7487314  0.994368
 0.9950982  0.90561223 0.99466234 0.9607051  0.9940917  0.99335265
 0.99053615 0.9989748  0.9949003  0.9848155  0.9808373  0.9947543
 0.995391   0.9982438  0.9888431 ]
[0.9983197  0.9941334  0.9955117  0.9976162  0.99691147 0.99588156
 0.9933028  0.98653203 0.9791571  0.98682016 0.99339116 0.9598501
 0.99739933 0.9953927  0.99710125 0.99172395 0.98912793 0.94371974
 0.99552625 0.97633433 0.9929391  0.9936626  0.99024945 0.9181766
 0.99862444 0.9989567  0.96443975 0.99345607 0.9910712  0.9950937
 0.9989911  0.9641105  0.9825215  0.99488103 0.9957867  0.98978966
 0.9984353  0.50791836]
[0.9988274  0.9939797  0.99639845 0.9949628  0.99767596 0.9952366
 0.99465126 0.9937086  0.99316835 0.9822558  0.99801046 0.9941561
 0.9952922  0.99588    0.99731797 0.992384   0.9994466  0.85293925
 0.99288875 0.9805517  0.99633825 0.99162924 0.99330187 0.9921171
 0.9916686  0.98299754 0.9809207  0.98958415 0.9985195  0.9967206
 0.8489908  0.9987311  0.9945287  0.9581036  0.996458   0.9987814 ]
[0.99914014 0.99353373 0.9970241  0.9953235  0.99705064 0.9970552
 0.9968861  0.99462765 0.99207133 0.9400178  0.98947436 0.9800757
 0.99311984 0.9482746  0.995856   0.99670666 0.9991721  0.98979646
 0.9787724  0.99196506 0.9839265  0.99071383 0.9964934  0.99881077
 0.95029163 0.99521446 0.99062634 0.9982728  0.9922396  0.92125845
 0.97494406 0.85071725 0.9968843  0.9942585  0.99868935]
[0.9993432  0.99437344 0.9969771  0.99064106 0.9923577  0.99520665
 0.99510914 0.9927361  0.9917931  0.9347161  0.98999083 0.98178655
 0.9930729  0.996628   0.99617165 0.99917513 0.9858235  0.9889748
 0.99367213 0.9945786  0.9877487  0.77026033 0.9949267  0.9988133
 0.9762171  0.9942946  0.9861077  0.99863786 0.9956696  0.9962136
 0.9986499  0.99176264]
[0.9990833  0.9948096  0.9954678  0.9923275  0.99593025 0.9954633
 0.9962186  0.9953992  0.99242026 0.9807685  0.8773085  0.9910796
 0.992968   0.9920257  0.9972102  0.9970047  0.7937865  0.9992939
 0.9909377  0.9916181  0.84349537 0.9710377  0.9930901  0.99438655
 0.9980464  0.9390972  0.99817884 0.9731107  0.98878676 0.9888455
 0.99205256 0.98434246 0.99757594 0.9400944  0.9879556  0.9958104
 0.98763007 0.995477   0.9728511  0.9939275  0.9984193 ]
[0.9989631  0.99558485 0.99559623 0.9967339  0.99698716 0.996363
 0.9921599  0.9941087  0.9938159  0.97808164 0.98969835 0.9877698
 0.9939527  0.9958845  0.9990717  0.9924643  0.99408025 0.9944824
 0.9945557  0.97628605 0.9985936  0.96072966 0.99460715 0.9952388
 0.99844235 0.9972306  0.98529345 0.95181894 0.9967938  0.99884343]
[0.9991936  0.9956475  0.99560744 0.96529585 0.99688655 0.9704606
 0.9951786  0.9878804  0.99385154 0.9894022  0.99853134 0.9941685
 0.8564754  0.9879298  0.9962584  0.99349904 0.99730754 0.98338574
 0.996276   0.99919754 0.99085814 0.9137087  0.99756014 0.98500836
 0.99369276 0.9949014  0.9811602  0.98370427 0.9962903  0.995419
 0.9921312  0.9964645  0.99602926 0.98710513 0.9807607  0.9920998
 0.9987785  0.9656543 ]
[0.9988294  0.9935642  0.99650085 0.99675554 0.99403787 0.995308
 0.9959549  0.98748744 0.9944243  0.9923556  0.5122776  0.9730049
 0.9982356  0.9900648  0.5798937  0.99724174 0.995828   0.99111193
 0.99912447 0.99226826 0.97574085 0.9817125  0.99536383 0.9970669
 0.9933762  0.9869178  0.77228147 0.99275935 0.9927234  0.9958192
 0.9946084  0.98991245 0.99822694 0.9956825  0.9953726  0.989219
 0.9833228  0.9757396  0.99853146 0.9979527 ]
[0.99854314 0.9964592  0.9956548  0.99100024 0.99323773 0.99611795
 0.9954591  0.99428385 0.9894503  0.96802515 0.9881401  0.9786894
 0.9934191  0.9550873  0.99791116 0.99534947 0.9991117  0.9807293
 0.9965473  0.99191415 0.9936592  0.9804812  0.962924   0.9987903
 0.97309643 0.9948954  0.9952354  0.9988127  0.9963595  0.99661475
 0.99835443 0.99235326]
[0.9985098  0.9936737  0.99718165 0.9934402  0.9955842  0.99710983
 0.9961986  0.99342126 0.9889839  0.93134564 0.9842168  0.9925487
 0.99678564 0.99513537 0.9991037  0.9832023  0.996231   0.99401987
 0.99326575 0.965735   0.99894494 0.62548286 0.962071   0.99522394
 0.9913731  0.9976793  0.995742   0.987934   0.9561788  0.99657506
 0.99898165]
[0.99908626 0.99225426 0.9971214  0.6899854  0.99548006 0.9962668
 0.99087536 0.9944661  0.9853758  0.9825449  0.9926461  0.992434
 0.9926052  0.98651135 0.99505687 0.9748584  0.9788169  0.99839896
 0.9844678  0.9758211  0.9954335  0.9819786  0.750867   0.57900274
 0.96352845 0.9931553  0.99468    0.9907223  0.9992824  0.92877054
 0.9797523  0.9658303  0.99452597 0.99318236 0.9961791  0.9895538
 0.995231   0.5698517  0.98567593 0.68462884 0.9860248  0.9941764
 0.9818941  0.9985812 ]
[0.99911493 0.9954798  0.99656075 0.96348345 0.971314   0.9969049
 0.9966143  0.9948002  0.99477637 0.9889565  0.96286523 0.98226374
 0.9982917  0.9901631  0.9925014  0.9960521  0.9947695  0.9989347
 0.9757706  0.9963486  0.9910812  0.9924078  0.96086687 0.9987031
 0.94465935 0.98874015 0.99562955 0.9902778  0.98601204 0.9982834
 0.9192739  0.99871266 0.9955876  0.9918304  0.9935561  0.9906358
 0.9502551  0.96505296 0.9985997  0.9949994 ]
[0.99928683 0.99409086 0.9948496  0.9956929  0.9899115  0.9962296
 0.99601233 0.99410266 0.9938964  0.98403    0.99378324 0.99496967
 0.9939813  0.9970245  0.95463514 0.9988085  0.95807856 0.9909108
 0.9911287  0.9936651  0.9898247  0.9872343  0.89237195 0.9636456
 0.96756303 0.99398416 0.9933956  0.9937562  0.9983248  0.993672
 0.9865928  0.9478688  0.9950347  0.9986094 ]
[0.9989126  0.99413115 0.9958984  0.99471843 0.99660707 0.9963128
 0.990316   0.9942152  0.99360484 0.92481595 0.9848679  0.9981693
 0.9913032  0.9968984  0.9949521  0.9994247  0.98272175 0.89387906
 0.99635565 0.9898713  0.9909067  0.99484336 0.9837308  0.998965
 0.8654574  0.9946061  0.9961947  0.9900277  0.998635   0.99443036
 0.989684   0.99704856 0.99566615 0.99864703 0.9950813 ]
[0.99940467 0.99586016 0.99506855 0.9946057  0.9971987  0.9968353
 0.99539715 0.99537224 0.99540186 0.98583347 0.9889613  0.99473023
 0.99667215 0.99577624 0.99923563 0.72489846 0.990247   0.9875564
 0.9874578  0.9938054  0.9839243  0.99473923 0.99055266 0.99704784
 0.9876989  0.9985562  0.99311054 0.99344206 0.99271023 0.9980235
 0.9948966  0.9325871  0.97004974 0.8845141  0.9745774  0.9929
 0.9853168  0.99874437]
[0.99912757 0.99378294 0.99600357 0.9957969  0.99683595 0.9966313
 0.98917514 0.99231076 0.9927451  0.9385748  0.9876894  0.99807006
 0.9922396  0.993508   0.99558395 0.99726474 0.99934274 0.99016726
 0.9918568  0.9935546  0.99527353 0.96795446 0.995426   0.99478996
 0.96772647 0.9986979  0.9896846  0.99560827 0.98834115 0.9500611
 0.99838376 0.5992202  0.99287945 0.99458224 0.98901004 0.99846894]
[0.9985172  0.99465925 0.997672   0.99592245 0.9957677  0.9954862
 0.9968816  0.993996   0.9932887  0.89141107 0.9797564  0.99198323
 0.93239504 0.99624485 0.9958489  0.9992435  0.9919694  0.99592674
 0.9922017  0.9899289  0.9718536  0.8075994  0.9982969  0.5257982
 0.9809084  0.9964414  0.98930734 0.9633924  0.9985586  0.99599
 0.9849872  0.96555924 0.9971486  0.9987153 ]
[0.9987122  0.9939387  0.9961428  0.9959792  0.9961379  0.9948953
 0.99445087 0.9934354  0.98819166 0.96733767 0.9871006  0.9969399
 0.9957004  0.9697659  0.99892384 0.9811803  0.9956185  0.9955172
 0.5752478  0.99111813 0.9834946  0.9780107  0.9944912  0.9992449
 0.9907032  0.99546885 0.9760944  0.9983998  0.99691075 0.9612757
 0.9969421  0.9979513 ]
[0.99898964 0.99336386 0.99599564 0.9901072  0.99567455 0.9952982
 0.9959319  0.99586403 0.987706   0.9514643  0.98805237 0.9819726
 0.9950919  0.9972057  0.96901524 0.9845263  0.999335   0.98440796
 0.982789   0.98938274 0.9946956  0.99545383 0.99345946 0.9888221
 0.99172956 0.9986796  0.9919314  0.9898982  0.9815931  0.9978217
 0.91934574 0.9929807  0.98188263 0.99631137 0.9984163 ]
[0.9991278  0.99056435 0.99524695 0.99666804 0.9957728  0.9941351
 0.9931781  0.9957917  0.99325573 0.9785836  0.99298894 0.9909044
 0.9738607  0.9968604  0.99522734 0.9991924  0.99325365 0.9965114
 0.9951094  0.99106383 0.98074394 0.9983766  0.9854219  0.99637467
 0.9899474  0.99840325 0.99352187 0.99521244 0.99321705 0.99888307]
[0.9985203  0.9915141  0.9958769  0.9834342  0.9972441  0.9944019
 0.99131364 0.9957831  0.9935616  0.5548365  0.9416798  0.9946226
 0.99191624 0.99931    0.9948146  0.99618715 0.9988489  0.9858161
 0.99706036 0.99761707 0.99335796 0.99643636 0.9915433  0.9534908
 0.980609   0.99884284 0.9075692  0.9932039  0.98780537 0.99773693
 0.99809355 0.9938012  0.99110097 0.814225  ]
[0.9990087  0.9928844  0.996197   0.995218   0.994668   0.9961255
 0.9958747  0.98985845 0.9929369  0.9950883  0.9759629  0.99709165
 0.9930248  0.94241655 0.9976342  0.99478346 0.6119748  0.9886869
 0.99903226 0.9855584  0.99540627 0.99477106 0.9967692  0.9898358
 0.9909552  0.994269   0.99697804 0.967477   0.9896271  0.9955918
 0.97833073 0.9983429  0.9555859  0.9951971  0.98109585 0.98307127
 0.976267   0.998887   0.9988914 ]
[0.99893373 0.99011606 0.9972963  0.99728966 0.99123985 0.99701655
 0.99380904 0.9949681  0.99106616 0.9661464  0.9854199  0.9900475
 0.99392724 0.99199593 0.9947491  0.99564254 0.9898802  0.99907327
 0.99117154 0.9375993  0.9838923  0.99338853 0.9948206  0.99621683
 0.99659073 0.98447126 0.994179   0.9931706  0.7649549  0.92348593
 0.98056555 0.99534374 0.9881076  0.997656   0.9969093  0.9942531
 0.9508488  0.9872556  0.99259055 0.9893931  0.8288665  0.98231447
 0.8889782 ]
[0.99889106 0.9950546  0.996554   0.993455   0.99723    0.99680316
 0.9934777  0.9951734  0.9926657  0.97472453 0.99030787 0.9911907
 0.99651885 0.9955129  0.9984658  0.9822521  0.97827244 0.994718
 0.9935429  0.9892362  0.73406523 0.9951585  0.99835014 0.9861136
 0.9966593  0.9942789  0.9987024  0.9938304  0.9954797  0.9943954
 0.9987392 ]
[0.9988103  0.993005   0.99633044 0.994966   0.99791604 0.99593335
 0.9964897  0.99348116 0.9741368  0.9910521  0.995276   0.98584753
 0.99757797 0.9967     0.99909604 0.996438   0.97592056 0.98145664
 0.997626   0.99664897 0.97804594 0.97455263 0.96172094 0.96820515
 0.99395704 0.9797376  0.97913593 0.9829821  0.99904937 0.99631447
 0.995673   0.99546766 0.9926075  0.998606   0.9986739  0.9688631
 0.9967547  0.8312555  0.99134845 0.985594   0.9990336  0.972204  ]
[0.9986407  0.9912014  0.99566597 0.9972777  0.9988611  0.99495935
 0.9934551  0.99516195 0.9928844  0.94923586 0.98974353 0.7522283
 0.9864282  0.9930432  0.99711514 0.99130464 0.9982077  0.99906224
 0.9946532  0.912886   0.99652594 0.9969789  0.9814958  0.994048
 0.9654925  0.99694854 0.9894238  0.97857887 0.9943025  0.9970943
 0.98835844 0.9917481  0.9622506  0.981938   0.99370354 0.9940777
 0.99580836 0.9666002  0.9314911  0.9974383  0.9917448  0.99890375]
[0.99886036 0.9927088  0.99658644 0.99705565 0.9978886  0.9972058
 0.99474144 0.9960382  0.9930322  0.98349184 0.98421115 0.9944946
 0.99103326 0.91100204 0.9961302  0.9975623  0.99931574 0.98594564
 0.9794667  0.993233   0.9914963  0.9938798  0.9720028  0.97034544
 0.998334   0.98604506 0.99547136 0.99464405 0.9566383  0.99846625
 0.9965149  0.9959682  0.71817493 0.9986197 ]
[0.99916995 0.9908471  0.9927366  0.995193   0.9966595  0.9901281
 0.99527293 0.9905468  0.99395496 0.98360014 0.99396956 0.9933442
 0.978876   0.99744403 0.9950795  0.8908309  0.9990381  0.99425596
 0.9942676  0.9938194  0.9947358  0.9787773  0.9935306  0.99495655
 0.9802946  0.994055   0.9982481  0.99490744 0.99488705 0.970415
 0.98236394 0.9901517  0.99885035 0.96571153 0.99365634 0.9978532
 0.985466   0.9953886  0.593397   0.9912866  0.9989255  0.9937447
 0.98612076]
[0.999416   0.9954762  0.99668473 0.99253404 0.9957338  0.9966133
 0.9968702  0.99538994 0.9942364  0.9884828  0.91425246 0.98900163
 0.9928804  0.9910137  0.9907611  0.9974841  0.9962475  0.95907885
 0.9988675  0.6201187  0.81989276 0.99504787 0.99344337 0.9941677
 0.99092454 0.99782276 0.90109766 0.97316146 0.98275316 0.9946818
 0.99500126 0.99685967 0.98886746 0.98850983 0.99841356 0.99597245
 0.99265516 0.983479   0.9920546  0.99637383 0.9949974  0.99864334
 0.7110254  0.998912   0.9189682 ]
[0.99888843 0.9937861  0.9963921  0.9966363  0.9961845  0.9952565
 0.99602085 0.9959025  0.9915592  0.98375916 0.98101896 0.9946418
 0.99599373 0.9990876  0.9879049  0.9960621  0.9888459  0.99127895
 0.96278775 0.9873745  0.99890614 0.6367139  0.97436666 0.9932836
 0.99523216 0.9987326  0.9961183  0.98908526 0.95958734 0.9971456
 0.9984561 ]
[0.99918085 0.99376535 0.99533904 0.99437594 0.9974491  0.9969001
 0.993458   0.99603915 0.9929951  0.91231906 0.98205525 0.99852544
 0.9934505  0.9953868  0.99583495 0.9976388  0.92498946 0.9991677
 0.9954333  0.9857259  0.9938864  0.98688215 0.99479914 0.9895118
 0.9918222  0.9961755  0.9963247  0.9990695  0.9857662  0.8915184
 0.9950932  0.9922317  0.96256405 0.9982445  0.9862607  0.9960044
 0.94201934 0.99681395 0.8754476  0.9987947  0.99224585]
[0.9987483  0.99404067 0.99552095 0.9950707  0.99700457 0.9971847
 0.9952572  0.99544156 0.99194396 0.98446226 0.98508507 0.9928712
 0.96404517 0.98761034 0.99617404 0.99737835 0.998919   0.9928618
 0.98449475 0.9921509  0.9865567  0.98605275 0.98644584 0.97661155
 0.99840885 0.97992146 0.9954607  0.9898525  0.99857223 0.99723876
 0.8582082  0.9979906  0.99854267]
[0.99927825 0.995745   0.99724245 0.98987216 0.9952728  0.99720854
 0.9968689  0.99345255 0.9916652  0.9840096  0.98395    0.97968745
 0.9939174  0.99625623 0.94124466 0.99890435 0.99438137 0.9989631
 0.9582141  0.9825911  0.9934268  0.99017197 0.99457705 0.9908174
 0.99559194 0.92964387 0.984109   0.9932857  0.99533206 0.99841654
 0.99080276 0.99536407 0.98900944 0.96868557 0.99826705]
[0.9988972  0.9942636  0.9966343  0.99497813 0.99777275 0.99491817
 0.9970106  0.99517053 0.9843581  0.96088535 0.99335045 0.99570674
 0.9834047  0.99892706 0.9740073  0.9962842  0.99302673 0.9939142
 0.9954998  0.97703207 0.9648172  0.9986332  0.98693025 0.9940404
 0.99307525 0.9984091  0.99556786 0.95871437 0.99650687 0.9985545 ]
[0.9992111  0.9938838  0.99634403 0.9980648  0.99518955 0.99506253
 0.9946936  0.9936685  0.98288786 0.9884863  0.9663411  0.9964335
 0.9965385  0.9957419  0.998558   0.9965514  0.99410653 0.99940455
 0.9509463  0.9814879  0.99790084 0.99157035 0.9962081  0.9756379
 0.91415143 0.9892943  0.98827225 0.9939044  0.99839044 0.8557443
 0.9960187  0.9963972  0.99347514 0.99864787 0.99811894 0.5331137
 0.9956589  0.99032974 0.9555723  0.9978411  0.9960288  0.99839467
 0.9809441  0.9628883 ]
[0.99870276 0.9945036  0.99704117 0.9910938  0.99803776 0.9971106
 0.9971438  0.9939335  0.98825467 0.9820294  0.9883553  0.99347925
 0.9957979  0.9919714  0.99915195 0.9912316  0.99380904 0.9765171
 0.9919552  0.9894677  0.9684381  0.98938644 0.99423695 0.95380545
 0.9985885  0.9931357  0.9743531  0.8549671  0.9809748  0.99862254
 0.99589086 0.9963883  0.99571276 0.99876   ]
[0.9991912  0.9952319  0.99533784 0.99600405 0.9843254  0.99564964
 0.99195236 0.9850418  0.9878973  0.9942411  0.9938438  0.9974496
 0.98721176 0.9990921  0.997124   0.99602675 0.9961087  0.99582785
 0.94372636 0.9951369  0.97249246 0.98185086 0.99639016 0.9704808
 0.989829   0.99589914 0.97558504 0.99427325 0.9984408  0.99405813
 0.99674207 0.99052495 0.99625385 0.998869   0.9960061  0.99836856
 0.9064352  0.9820164 ]
[0.99908674 0.9945103  0.9971558  0.9896165  0.99643636 0.9970112
 0.99549603 0.99372417 0.9915308  0.9498051  0.98154724 0.99757916
 0.99223596 0.9989806  0.9968862  0.99750584 0.99001837 0.9986772
 0.9849127  0.98893064 0.9973494  0.9804151  0.9954234  0.9958586
 0.97962415 0.9836083  0.99206597 0.98939335 0.9919601  0.99893373
 0.99656904 0.8643828  0.9924631  0.9986368  0.99731785]
[0.99890053 0.99529356 0.99741864 0.98705995 0.99702424 0.9955569
 0.9944143  0.9906385  0.96569455 0.9891995  0.99086106 0.997359
 0.99694604 0.999094   0.9659683  0.99499667 0.979317   0.990357
 0.95434165 0.9844994  0.9955942  0.6977043  0.9559334  0.99376374
 0.9950594  0.9984086  0.99599767 0.98706585 0.9503686  0.9975446
 0.9985642 ]
[0.99914825 0.9971565  0.996406   0.99382883 0.96860236 0.9971566
 0.9959168  0.9930062  0.99577004 0.9958016  0.9726785  0.9905007
 0.99265844 0.9938997  0.9979401  0.9948152  0.9911942  0.9876374
 0.99743515 0.9991961  0.9971258  0.9832466  0.99292094 0.97400725
 0.9950884  0.9920209  0.9933256  0.98821753 0.9959741  0.998108
 0.98705727 0.58205146 0.9984432  0.8938482  0.99132186 0.92198473
 0.9444842  0.8414829  0.99838996 0.9981067 ]
[0.9991492  0.99248284 0.9967667  0.99496716 0.9942966  0.99514186
 0.98894984 0.99564254 0.9919058  0.93133706 0.97786945 0.9967932
 0.9924274  0.97045857 0.9938413  0.9965733  0.9966462  0.98251534
 0.99897563 0.99206877 0.99507797 0.9944238  0.99672097 0.9933333
 0.98935354 0.9958825  0.98367727 0.9959369  0.56805056 0.9986004
 0.9881065  0.99570906 0.9864944  0.98848933 0.98038894 0.9985221
 0.90616864]
[0.999146   0.9941401  0.99647033 0.9646309  0.99599034 0.99691916
 0.99611855 0.9945227  0.9773628  0.9827724  0.9708887  0.991269
 0.99807346 0.9969349  0.99578166 0.9719153  0.9989932  0.9922133
 0.998005   0.99676275 0.9933564  0.9730323  0.99217904 0.9930125
 0.873334   0.9992711  0.9954873  0.99451834 0.9580026  0.998243
 0.98637944 0.9890155  0.99614704 0.9945539  0.97068477 0.9634032
 0.99847203 0.9903758 ]
[0.9985965  0.9936314  0.99551505 0.98856145 0.9954266  0.9962624
 0.99554366 0.99502265 0.9885577  0.93455344 0.98235506 0.99120116
 0.9953382  0.99593145 0.9985246  0.9932214  0.99544513 0.99464625
 0.99369425 0.96686256 0.99902534 0.79011756 0.9685025  0.99379915
 0.98389095 0.99858284 0.9965984  0.98656946 0.92957824 0.99649847
 0.99885404]
[0.99912626 0.99531156 0.99453557 0.99731076 0.9948762  0.99666625
 0.99415565 0.994749   0.99069    0.75833696 0.9785606  0.99076396
 0.987934   0.9942047  0.9949964  0.9989366  0.9441205  0.9893064
 0.993543   0.9925808  0.9875638  0.89371485 0.991578   0.97182095
 0.9990658  0.9715693  0.9946286  0.9947685  0.99861526 0.9959935
 0.9963542  0.99381095 0.9986461 ]
[0.9988432  0.9942906  0.9970939  0.99222046 0.9966807  0.99589217
 0.993262   0.9949138  0.9934291  0.96512324 0.9866065  0.98059285
 0.9903216  0.99495053 0.99590826 0.99884194 0.85784936 0.97581124
 0.99195874 0.9938793  0.99135953 0.9884242  0.5797915  0.58004427
 0.96849656 0.9941802  0.99365073 0.99833655 0.99434304 0.9896265
 0.995464   0.9989236  0.99847466]
[0.9992016  0.99371886 0.9960616  0.9951864  0.9952187  0.9954998
 0.9948388  0.995675   0.9930854  0.9233751  0.98528624 0.9901765
 0.99225944 0.9972103  0.9946367  0.99900824 0.9687657  0.97621006
 0.99572647 0.9907217  0.9878726  0.99092746 0.91232914 0.9686377
 0.99555945 0.9947466  0.63331544 0.99863964 0.9957099  0.9862662
 0.99577314 0.99853384 0.9986545 ]
[0.9988844  0.99512815 0.9982521  0.9911479  0.637514   0.6262686
 0.9962353  0.99415576 0.99623895 0.9899009  0.9830493  0.9858505
 0.99724317 0.99373794 0.99347705 0.9939859  0.99897826 0.99768984
 0.98632693 0.99686414 0.9922625  0.9916807  0.9612051  0.96896845
 0.98119146 0.5366791  0.93392825 0.6768542  0.9917419  0.98996055
 0.9908037  0.9978091  0.97996694 0.99341077 0.9733506  0.99805593
 0.99843067 0.9808507 ]
[0.999057   0.99355656 0.9944799  0.99554896 0.9956589  0.9956416
 0.9971318  0.99715364 0.99583167 0.9912186  0.97523254 0.99626285
 0.9915837  0.9948403  0.9966273  0.9956066  0.9904884  0.9987212
 0.9875009  0.9970655  0.98049027 0.9923205  0.99509335 0.991573
 0.9972414  0.94207567 0.9983126  0.9737114  0.9904941  0.9953033
 0.99454355 0.99246854 0.9881493  0.99732625 0.99523926 0.9927395
 0.87311727 0.9621081  0.99868625 0.97184414 0.88651466]
[0.9992067  0.99271977 0.9963755  0.9946642  0.9718222  0.9953206
 0.9948043  0.9956735  0.99228    0.98416454 0.98028666 0.7994888
 0.98821133 0.9984823  0.9824765  0.99564964 0.9959462  0.9971343
 0.9991509  0.9735431  0.99728024 0.99363893 0.978998   0.9958199
 0.99435353 0.9839586  0.9861057  0.9550198  0.9853484  0.9819016
 0.9925884  0.9963653  0.6667728  0.9982893  0.99469984 0.99266255
 0.9946567  0.98807216 0.99848086]
[0.998572   0.9907025  0.99495417 0.9972474  0.9846882  0.99699485
 0.9952614  0.9958806  0.9905719  0.9785761  0.99360025 0.99775773
 0.99547786 0.99116874 0.80982876 0.98725384 0.973239   0.9986771
 0.9940912  0.9792686  0.9963509  0.99270505 0.9276142  0.9773014
 0.99191225 0.97596586 0.99699044 0.9954697  0.9955113  0.96590894
 0.99908483 0.99611866 0.96682817 0.99552    0.9987686 ]
[0.9990558  0.9935282  0.99648404 0.59775716 0.9977915  0.995445
 0.9940645  0.9933763  0.99555874 0.98338217 0.98952264 0.99414295
 0.92856026 0.86109143 0.8712937  0.9968586  0.9981305  0.99916375
 0.976143   0.97727144 0.9946965  0.9838959  0.9929012  0.99127674
 0.99315697 0.98786175 0.9990533  0.98786795 0.9734031  0.9954814
 0.99335337 0.96183306 0.9983387  0.9944212  0.9967964  0.99710375
 0.99922    0.99419606]
[0.9991304  0.9939796  0.9973846  0.99173915 0.8265296  0.9950317
 0.9941841  0.99448735 0.99307764 0.9125581  0.98654026 0.9860865
 0.9915495  0.99517596 0.99564904 0.9947455  0.9994018  0.99073654
 0.99345464 0.98823047 0.98927456 0.98115426 0.87392974 0.97347754
 0.9960018  0.9965095  0.9934592  0.99846774 0.99706286 0.9810166
 0.99644333 0.99897826]
[0.9987948  0.9944284  0.99692243 0.99461526 0.99761176 0.995276
 0.9956754  0.99516296 0.9925041  0.98351616 0.9921989  0.99415284
 0.9962209  0.9989384  0.9868297  0.94032013 0.9919802  0.991601
 0.994087   0.83500224 0.9955877  0.91627043 0.99887604 0.97993153
 0.9941439  0.995887   0.6396043  0.9983955  0.99503434 0.99578154
 0.9985606  0.9910993 ]
[0.9986545  0.9931471  0.9955382  0.98855186 0.9866095  0.99598664
 0.99717194 0.99102145 0.9944226  0.9928912  0.9206688  0.9887735
 0.9907656  0.9940499  0.9963044  0.9952341  0.99463886 0.98058206
 0.99862003 0.99224675 0.9978527  0.8926011  0.9950381  0.9850027
 0.9920866  0.9924775  0.9308471  0.9827545  0.9934006  0.996505
 0.99525106 0.9883527  0.99559855 0.99876416 0.9956845  0.9983021
 0.9710018 ]
[0.9986129  0.99405944 0.996302   0.99478346 0.9933826  0.99538285
 0.99615794 0.99501246 0.993782   0.98966    0.97962713 0.99314886
 0.99292773 0.99693906 0.99685425 0.8068469  0.99556303 0.9991985
 0.9928762  0.915993   0.9935196  0.9913709  0.9915705  0.9352423
 0.86863273 0.9989723  0.61531794 0.97099876 0.9964109  0.99662495
 0.99864    0.9977779  0.99753016 0.95729417 0.9986609 ]
[0.99895716 0.9947049  0.99718696 0.93187195 0.9923804  0.9972363
 0.9856491  0.9962831  0.9917389  0.98244756 0.98039925 0.9821988
 0.99397004 0.9944661  0.99247    0.95022637 0.99559116 0.99131775
 0.9978809  0.99865013 0.9891128  0.99558544 0.99012613 0.9839557
 0.97707283 0.8460636  0.96149385 0.9870337  0.9919763  0.9984647
 0.9377716  0.9954105  0.9965874  0.99718225 0.99710375 0.9799604
 0.9957054  0.98411155 0.9885875  0.98430586 0.9968755  0.99178594
 0.9984749  0.98958534]
[0.9991542  0.993806   0.99653685 0.9948426  0.9960271  0.99469465
 0.995214   0.9951716  0.9929455  0.7277792  0.9808852  0.98583674
 0.99140257 0.99634176 0.99611    0.999114   0.958165   0.9957896
 0.9931727  0.5277296  0.990263   0.99204797 0.95447123 0.999074
 0.9775904  0.99450314 0.9940714  0.51749206 0.9984478  0.98172814
 0.99568546 0.74568194 0.99719304 0.99885404 0.99122965]
[0.9991155  0.99610573 0.9964521  0.9871679  0.99453664 0.9954893
 0.9938105  0.9850927  0.9589556  0.9840953  0.99277216 0.99305975
 0.9969971  0.99668014 0.9988668  0.97984034 0.99600536 0.9875745
 0.9943474  0.93955016 0.955385   0.9774187  0.9947679  0.9959084
 0.9913325  0.99807274 0.9962429  0.98903334 0.9358198  0.99672866
 0.99865365]
[0.9987987  0.99512947 0.99689853 0.99237376 0.99624276 0.9966581
 0.9927765  0.99590224 0.99293053 0.91419256 0.98884237 0.9862786
 0.98854584 0.9964227  0.9962664  0.9993175  0.9868781  0.99291867
 0.98886514 0.99413186 0.98049784 0.96243715 0.9990396  0.973532
 0.9945755  0.9919961  0.99826753 0.9961236  0.9838531  0.77847785
 0.9966348  0.9988194 ]
[0.9990338  0.9963361  0.9971426  0.9968682  0.993371   0.99448496
 0.99280727 0.9826888  0.9821859  0.9934638  0.9830799  0.99209595
 0.99810636 0.99253345 0.99356985 0.99093413 0.99921    0.9090492
 0.7995297  0.9889938  0.99457437 0.9856405  0.74284446 0.98409677
 0.9856706  0.98469526 0.986252   0.99772066 0.996518   0.9834093
 0.9980913  0.8557195  0.9931526  0.9844356  0.9857407  0.99546236
 0.9638192  0.99636674 0.9626438  0.9985592  0.9959473  0.9741976 ]
[0.9988355  0.99437606 0.8818858  0.9927954  0.9829495  0.9961481
 0.99542713 0.99677086 0.9887108  0.97019166 0.9870969  0.9932375
 0.9877958  0.99737155 0.9673022  0.99885523 0.9914179  0.9838012
 0.9915006  0.9938315  0.99792093 0.9143796  0.9927735  0.9977181
 0.9937755  0.9893277  0.99042624 0.99851173 0.9953625  0.99226344
 0.98493594 0.9893694  0.9926722  0.99869317 0.9973909  0.99164736
 0.99254346 0.98386616 0.63469535 0.9981876 ]
[0.9992872  0.9937981  0.99634284 0.9954223  0.9964652  0.9954762
 0.9926005  0.9941831  0.99289024 0.9844505  0.98983675 0.98957413
 0.9957547  0.9967788  0.99879706 0.9830513  0.99376845 0.98790926
 0.9928207  0.97596973 0.9628859  0.99867564 0.9676597  0.995033
 0.99484706 0.99844617 0.99601537 0.9881109  0.8082075  0.9960147
 0.9987544 ]
[0.9989673  0.9927738  0.9969554  0.99466586 0.9963799  0.9960849
 0.99715    0.9943509  0.9934012  0.9537369  0.9902008  0.9945639
 0.95995706 0.9967554  0.99631435 0.99930334 0.99393624 0.9439728
 0.9903619  0.9921543  0.98916733 0.9758327  0.9650252  0.9965076
 0.99181247 0.9531673  0.99785537 0.9896101  0.9848977  0.6230216
 0.9965197  0.9982539  0.99876165]
[0.9990701  0.99453664 0.99349326 0.99636734 0.9815641  0.99657494
 0.99518955 0.9936127  0.9926375  0.9740923  0.9941602  0.99607843
 0.9967429  0.9956012  0.99922633 0.9654308  0.9874248  0.9943619
 0.99163544 0.9915495  0.66155976 0.9911582  0.9850536  0.9971397
 0.99049836 0.9952819  0.99808276 0.92228156 0.99618125 0.9966742
 0.97117686 0.99853384 0.99563605]
[0.99868125 0.9924177  0.9967506  0.9957873  0.99428236 0.9966415
 0.99331844 0.99514306 0.994091   0.86770207 0.9825805  0.9918882
 0.99161947 0.99734515 0.9953927  0.9989513  0.991787   0.9952282
 0.9860875  0.99111813 0.9731529  0.9647705  0.99906117 0.9265113
 0.9956299  0.9959645  0.9985166  0.99596256 0.986161   0.99562234
 0.99816006]
[0.999094   0.994768   0.9943281  0.9923096  0.9972493  0.99663806
 0.9930801  0.9964079  0.99035674 0.8888354  0.9860329  0.9881742
 0.99354845 0.99558276 0.99612623 0.9989699  0.99414945 0.9961267
 0.968494   0.98795265 0.9874254  0.993288   0.97717017 0.7389875
 0.9990075  0.9682146  0.99556327 0.94880104 0.9970311  0.5084782
 0.98802197 0.99213684 0.9934983  0.9973279  0.9983839  0.7312283 ]
[0.998776   0.99457633 0.99600863 0.98708576 0.9956369  0.99440825
 0.99615127 0.9895449  0.96545935 0.98676646 0.9938012  0.99520737
 0.9963664  0.9990527  0.9770765  0.9966779  0.99124616 0.9936194
 0.9711837  0.96265984 0.99284464 0.97309375 0.993382   0.9962302
 0.98362017 0.9989613  0.99460983 0.98786885 0.9158359  0.99578744
 0.99878603]
[0.99892944 0.9942942  0.9970278  0.99489045 0.9970919  0.996167
 0.9967752  0.9954092  0.99332374 0.84693974 0.97847944 0.99455994
 0.99546814 0.9949968  0.8191292  0.99923146 0.9905297  0.99250495
 0.990355   0.9914546  0.9835941  0.96506906 0.9986099  0.97460073
 0.9959383  0.98486114 0.9978351  0.9937728  0.97895324 0.56442034
 0.9961461  0.99875283]
[0.99916625 0.9952844  0.9973641  0.98257107 0.9914198  0.9911363
 0.9957339  0.99517316 0.99583924 0.9917393  0.92416257 0.9825883
 0.9863501  0.9935388  0.99610966 0.9952331  0.9989121  0.9872076
 0.99625385 0.99290377 0.99475807 0.9717523  0.9859817  0.83370584
 0.9675405  0.9953837  0.9952043  0.9908896  0.9986896  0.9968046
 0.983414   0.95625657 0.997692   0.9988796  0.57793355]
[0.9984712  0.9920432  0.9965037  0.97607225 0.9954762  0.99702966
 0.99271715 0.9949892  0.99331653 0.9817868  0.9392168  0.8912578
 0.99319214 0.9962155  0.99329597 0.99865085 0.9908154  0.7882655
 0.99191296 0.9902896  0.9933882  0.9900719  0.98372203 0.99851376
 0.9712162  0.99160624 0.9887012  0.7636175  0.9981939  0.99480456
 0.9878072  0.8181292  0.9955089  0.9988883  0.99720925]
[0.9994504  0.99517053 0.9954592  0.99207336 0.99464464 0.9918073
 0.99571013 0.992774   0.9941549  0.9914396  0.9824934  0.9882506
 0.99372816 0.9894303  0.99812585 0.99747735 0.99664414 0.9991049
 0.94615614 0.9895035  0.99261075 0.9964316  0.98240906 0.9907884
 0.88435906 0.90666276 0.9859109  0.99627554 0.99482673 0.9979668
 0.9981742  0.9937272  0.98681265 0.9951538  0.9986614  0.99788576
 0.9909623  0.9968817  0.9937862  0.97449297]
[0.99882644 0.9914569  0.9967198  0.99746156 0.99531883 0.9957081
 0.9912094  0.8502161  0.98613936 0.5142587  0.98035    0.99551845
 0.99758196 0.88017523 0.5786773  0.9991616  0.98641264 0.97414136
 0.99598336 0.9704048  0.9167549  0.9958929  0.98066676 0.9749365
 0.9818763  0.98862386 0.99418676 0.99447507 0.99344516 0.99298096
 0.99471235 0.9983329  0.9970228  0.8007258  0.99638927 0.54388076
 0.9642735  0.9925114  0.9967339  0.99836785]
[0.99913627 0.994395   0.9969332  0.9871589  0.99046636 0.99657154
 0.99636865 0.9942338  0.99480057 0.9900518  0.885515   0.9850573
 0.99099016 0.9940823  0.9973099  0.8158733  0.9988918  0.988074
 0.9960466  0.9890506  0.9931745  0.989604   0.9055263  0.98923486
 0.93717545 0.99699366 0.9886391  0.9964766  0.9956209  0.5037656
 0.99799526 0.82953125 0.9936102  0.9375548  0.99018466 0.9989222
 0.99822766 0.9962644 ]
[0.998835   0.9918355  0.9942861  0.99191344 0.99619824 0.99595296
 0.9934796  0.9951244  0.9929491  0.9884725  0.987498   0.9894142
 0.9483495  0.9901841  0.99510854 0.99578744 0.9991227  0.9988569
 0.9948874  0.9958334  0.9957474  0.98756903 0.9925453  0.9883338
 0.9974903  0.8826581  0.9659258  0.9758614  0.99581236 0.97835654
 0.9269537  0.99833953 0.93902624 0.9893254  0.9942384  0.99485517
 0.9376734  0.9986657 ]
[0.9988141  0.99481046 0.9190723  0.99702543 0.9973959  0.99739933
 0.99597675 0.99238247 0.9956677  0.9685259  0.98272187 0.99312043
 0.93759835 0.9972168  0.9965618  0.9949694  0.99916387 0.9917538
 0.9659711  0.9944583  0.98809355 0.99531966 0.98485523 0.9970144
 0.9191844  0.99871695 0.9960483  0.9824516  0.99704486 0.9832934
 0.99621046 0.9944516  0.99823403 0.99613106 0.9854939  0.99398816
 0.9844118  0.8217336  0.99781185 0.96130073 0.9935881  0.99830735
 0.9948291 ]
[0.99894065 0.99347043 0.99537    0.99349254 0.99571604 0.99614257
 0.9958443  0.99218166 0.99499124 0.9921117  0.8796941  0.9858516
 0.989405   0.99234253 0.99597305 0.9957669  0.9992029  0.987281
 0.9961733  0.9788573  0.992268   0.99444455 0.9718471  0.77585244
 0.99881005 0.97848743 0.99605334 0.9925371  0.52236617 0.997741
 0.9898267  0.99542725 0.95014757 0.9987457 ]
[0.9993749  0.99446183 0.99773407 0.9852031  0.99224937 0.99551445
 0.99627566 0.99393046 0.99441814 0.99202746 0.97851914 0.9873447
 0.99561465 0.9099929  0.9955388  0.9971616  0.99898905 0.9862131
 0.9954853  0.9953707  0.7817072  0.9941507  0.9856571  0.9914807
 0.9971113  0.99174666 0.9991055  0.98379666 0.9877787  0.99633265
 0.9945722  0.99110246 0.99876934 0.9887228  0.9969729  0.8392
 0.9638573  0.9982822 ]
[0.9986388  0.99301356 0.9963076  0.9918656  0.99615896 0.99604696
 0.9967745  0.9799066  0.9653698  0.9928039  0.99363554 0.9962662
 0.9884241  0.9947113  0.967218   0.9990615  0.97372526 0.9451875
 0.97313493 0.99508375 0.979111   0.9426583  0.9968238  0.99324965
 0.99620444 0.9972331  0.9946907  0.99517655 0.9851425  0.97433645
 0.99268085 0.9962973  0.9979867  0.9943883  0.9980944  0.8155373
 0.9906296  0.9893996  0.97353655 0.98451245 0.9984316  0.9981153
 0.9941155 ]
[0.99940395 0.99333704 0.99552226 0.99554104 0.55066496 0.99486685
 0.9969308  0.9918509  0.99573696 0.99042505 0.97664684 0.9929946
 0.99431217 0.99642795 0.9926744  0.98601264 0.9990688  0.96820474
 0.9678441  0.9948259  0.99859244 0.6964466  0.98548824 0.9972223
 0.99427515 0.97162014 0.9984554  0.9954234  0.9958591  0.99731076
 0.9990326  0.9877336  0.9961707  0.9735631  0.98824394 0.9824228
 0.9989955  0.9988417  0.9899277 ]
[0.99920386 0.99660146 0.9978269  0.9976513  0.9865454  0.9946291
 0.9914991  0.5235138  0.9890008  0.9981558  0.9954978  0.99132955
 0.95553595 0.9961451  0.99669135 0.99335384 0.9586925  0.9949557
 0.9988859  0.7139079  0.988992   0.9990723  0.9940461  0.99899346
 0.99203944 0.99420035 0.9923017  0.9943739  0.95553595 0.9937883
 0.99398696 0.99402535 0.98791635 0.99262553 0.9591358  0.998212
 0.9856802  0.9980202  0.99444914 0.99657154 0.9975897  0.9885062
 0.99696726 0.9986551  0.9921894 ]
[0.9990971  0.9902524  0.9962088  0.9923235  0.9960444  0.9964252
 0.99413645 0.99428964 0.99000895 0.9451322  0.98594254 0.99748296
 0.99587667 0.99532205 0.9987243  0.9924793  0.99544084 0.99300134
 0.991617   0.9765728  0.96574765 0.9992243  0.97997254 0.99467814
 0.99103314 0.9924474  0.99819475 0.9935946  0.99213284 0.92608106
 0.9952793  0.99868625]
[0.9990916  0.9935254  0.99650276 0.9803311  0.99563146 0.9945628
 0.9964552  0.9946026  0.976539   0.98546314 0.98873454 0.9942028
 0.9978946  0.9936993  0.9816421  0.9994097  0.9870604  0.923313
 0.99119484 0.9931299  0.97437674 0.9926529  0.99580246 0.9839648
 0.9538167  0.99760675 0.9918378  0.9983821  0.99710625 0.9967147
 0.9757835  0.9958978  0.9941987  0.98671585 0.99245185 0.9798607
 0.99066645 0.9899969  0.9944621  0.9982844  0.98712975 0.99662626]
[0.99892646 0.9922047  0.9953615  0.9926186  0.9955146  0.99575436
 0.99407876 0.9954744  0.99177176 0.83911914 0.97582066 0.9906724
 0.9933569  0.99612623 0.9954333  0.9961934  0.9993494  0.9932267
 0.9951126  0.9941918  0.9939435  0.95540947 0.5753127  0.9984372
 0.9905805  0.9947865  0.9912395  0.99801314 0.9202628  0.9937262
 0.9854264  0.9934157  0.9986339 ]
[0.9987398  0.995312   0.9972579  0.9942731  0.9912424  0.9956721
 0.99492824 0.993985   0.9825319  0.97120184 0.980885   0.63055485
 0.9932777  0.9962334  0.995046   0.96990305 0.9896814  0.99048585
 0.9988913  0.9785406  0.91562307 0.9944429  0.9799273  0.9867747
 0.99442106 0.98964196 0.98744893 0.9829742  0.9952082  0.9953094
 0.9951835  0.9650755  0.9984432  0.7832071  0.8531303  0.98856
 0.9950518  0.996563   0.99890554 0.9841815 ]
[0.9994351  0.9944839  0.9947096  0.9792194  0.99750274 0.9963742
 0.9944231  0.99097323 0.94685405 0.98803663 0.99739826 0.9971334
 0.99762684 0.7376929  0.9941036  0.998966   0.98723596 0.99280655
 0.99488187 0.9913121  0.9931292  0.9832251  0.9970989  0.9954437
 0.9944185  0.9946397  0.98108876 0.98615927 0.98805946 0.98957133
 0.99819773 0.9337557  0.99654776 0.9488551  0.9266727  0.96142775
 0.9976374  0.9770015  0.9983026  0.99682295]
[0.9992361  0.99524623 0.9966162  0.9677709  0.99351776 0.99577844
 0.9961188  0.99393696 0.98849225 0.9725999  0.9839283  0.5488217
 0.9967642  0.9949026  0.98162717 0.99923384 0.965719   0.991623
 0.9952892  0.9906968  0.9935063  0.98828775 0.9583583  0.7104729
 0.9983524  0.9872973  0.9938963  0.99150825 0.9984906  0.9953387
 0.9506403  0.9972504  0.99883014]
[0.99864    0.99240667 0.99519664 0.9969651  0.99507445 0.9960622
 0.99593544 0.99541086 0.99295264 0.9803207  0.99342465 0.9156
 0.9952554  0.99655116 0.96800685 0.9988514  0.99109054 0.9952093
 0.97354984 0.9895823  0.85026246 0.9857248  0.999106   0.98466474
 0.99571806 0.99463487 0.9988895  0.9893339  0.99454075 0.9904197
 0.9967595  0.9817166  0.51739126 0.99866736 0.9939067 ]
[0.99879277 0.9935822  0.99626714 0.93819124 0.93506014 0.9974559
 0.99730885 0.99378914 0.99445677 0.99421316 0.9761294  0.9883762
 0.99270344 0.9130185  0.9946562  0.9733401  0.9961041  0.98662776
 0.9971015  0.99223095 0.98604333 0.98534656 0.99542916 0.98511374
 0.9914403  0.98779595 0.9969296  0.97662055 0.9188452  0.99922836
 0.9927759  0.994099   0.93925476 0.9978289  0.99347633 0.99919003]
[0.99857605 0.99559975 0.99736685 0.9908075  0.9926359  0.99570185
 0.9940264  0.9930161  0.9911205  0.9687863  0.98702663 0.99088204
 0.9937403  0.95147455 0.99700266 0.9968945  0.99931395 0.95326
 0.99369425 0.9949254  0.9940813  0.993533   0.9916255  0.99780995
 0.96272033 0.99587566 0.9847157  0.9649013  0.9987501  0.99409735
 0.9842487  0.99669266 0.99864954]
