Mprobs for dataset art (100)

[0.9389143]
[0.99933475 0.9942865  0.9981396  0.9981608  0.9968489  0.9948795
 0.99467385 0.9871869  0.9745276  0.9854719  0.98657215 0.99859244
 0.9967349  0.9969549  0.985515   0.99254143 0.9968321  0.99919695
 0.9935947  0.99464864 0.9936335  0.9840553  0.99046737 0.9962908
 0.9724921  0.97935516 0.99860424 0.95694953 0.99287224 0.9946516
 0.995518   0.9919853  0.85899734 0.990568   0.7667256  0.9989428
 0.9945574  0.997491   0.994544   0.9980817 ]
[0.9987942  0.99201715 0.99791676 0.99848026 0.9872758  0.99621385
 0.99547887 0.9903205  0.99381703 0.99204034 0.9893588  0.9931514
 0.99703443 0.99168944 0.99715304 0.99581933 0.98185086 0.97566175
 0.99860376 0.8187831  0.98318845 0.988912   0.9956501  0.92295676
 0.9904022  0.99776685 0.99191964 0.9817614  0.99876773 0.9961582
 0.9767642  0.8401745  0.94125026 0.9931942  0.9988254  0.9966317
 0.9976025  0.97631764 0.979787   0.9974432  0.9986583 ]
[0.9986683  0.99267876 0.9974227  0.99762756 0.97883326 0.9962417
 0.9963414  0.98386544 0.9932336  0.9910315  0.9864117  0.98934525
 0.9987816  0.9049523  0.99808794 0.9962119  0.9865726  0.9611736
 0.9988906  0.9892408  0.9955244  0.98582214 0.9973809  0.991886
 0.9175382  0.99894196 0.99820995 0.98433465 0.9937488  0.99125403
 0.9668465  0.99585575 0.99829704 0.9956903  0.9849867  0.9147632
 0.99521846 0.9945312  0.998762   0.98716044]
[0.99930584 0.9946002  0.99556834 0.99613464 0.99766016 0.99659806
 0.9883648  0.9945905  0.9913936  0.97734123 0.9772167  0.99811494
 0.997038   0.9970125  0.9990528  0.98337597 0.99677163 0.9814689
 0.9905565  0.9693254  0.9868536  0.9990451  0.9194179  0.976222
 0.9950063  0.9945018  0.9952603  0.99856925 0.99778795 0.9878563
 0.9725849  0.9964232  0.99834347]
[0.9987709  0.9940387  0.9971053  0.9965875  0.98945284 0.9954822
 0.9950329  0.9961572  0.9927221  0.99135625 0.9890097  0.9864253
 0.99697363 0.9946596  0.9937728  0.99886155 0.9967693  0.9807966
 0.9948409  0.98183125 0.9821118  0.6961609  0.9913152  0.9935136
 0.987927   0.99901474 0.9883314  0.99086577 0.99636567 0.9949545
 0.89705336 0.9799786  0.99841785 0.9885437  0.99566597 0.9876958
 0.9938188  0.83241147 0.99891484 0.995118  ]
[0.9993861  0.99387324 0.9935601  0.9935221  0.99711525 0.9966394
 0.995084   0.99418604 0.9932018  0.9594262  0.98872364 0.9658468
 0.9903065  0.99840707 0.9678527  0.9965154  0.9960219  0.9969656
 0.9908057  0.9784968  0.999116   0.97308064 0.97468793 0.99394494
 0.99463105 0.982692   0.98087776 0.9382591  0.99523664 0.9915325
 0.8518343  0.9979755  0.95146745 0.99327517 0.9963521  0.8512224
 0.99851257 0.62816536 0.93133295 0.99642    0.9859476  0.99622726
 0.9981542  0.9896359 ]
[0.9993253  0.99373746 0.9979413  0.9964562  0.9741561  0.9956533
 0.9961074  0.99576604 0.99227905 0.9907238  0.9856677  0.98849374
 0.99641377 0.9959764  0.99420506 0.9843195  0.9842456  0.9992893
 0.9902042  0.97589827 0.966603   0.99629754 0.9850541  0.9173776
 0.9946656  0.99296135 0.9935368  0.74418277 0.9985512  0.9848659
 0.99503076 0.9087023  0.9954568  0.99197656 0.9960598  0.99792296
 0.9953815  0.97237295 0.9909499  0.9951278  0.9986933 ]
[0.9992085  0.9934494  0.9980521  0.9972042  0.99200225 0.99681014
 0.9967109  0.984792   0.99230486 0.99253005 0.9844542  0.9882989
 0.99809045 0.99783164 0.9962192  0.97073966 0.98267174 0.99877065
 0.9845898  0.9937735  0.9756005  0.9971781  0.9848862  0.9290005
 0.9988212  0.98259145 0.9970182  0.995465   0.9963503  0.9959913
 0.9983742  0.99536103 0.95665485 0.98781836 0.9944833  0.989116
 0.9984682  0.99850404]
[0.9993449  0.9954816  0.99683493 0.99566025 0.9946069  0.9958882
 0.9952762  0.99071443 0.9936807  0.99154073 0.98330337 0.988255
 0.998142   0.99489284 0.9956     0.98454475 0.9993339  0.9862605
 0.99675876 0.9822818  0.70657605 0.9951303  0.9942655  0.9746908
 0.99900216 0.99325305 0.99658316 0.9955511  0.9887588  0.91705066
 0.99423766 0.9987803  0.99459165 0.9560882  0.91732603 0.9930981
 0.99435556 0.9975313  0.99857926 0.66712785]
[0.9993331  0.9947418  0.99672526 0.9941095  0.9982304  0.9925685
 0.9922924  0.99533975 0.99315757 0.9836103  0.97758466 0.95726806
 0.9990928  0.9965988  0.99625933 0.99760866 0.99841654 0.994144
 0.9988721  0.996084   0.9691656  0.97929025 0.9972037  0.99248135
 0.7916551  0.89812005 0.99618644 0.99125344 0.67313313 0.9992149
 0.98551774 0.9955902  0.99411774 0.9984211  0.9899268  0.9953815
 0.98898226 0.9762186  0.989698   0.9907699 ]
[0.9991208  0.995131   0.99682826 0.9912633  0.9919887  0.9954366
 0.9946918  0.9881719  0.99500614 0.9913428  0.98444116 0.98526263
 0.9985555  0.83424616 0.99595344 0.99562764 0.98415947 0.9988488
 0.99729675 0.9876686  0.9949261  0.9733257  0.9943053  0.9777609
 0.9940369  0.9812649  0.99926466 0.9908516  0.9750919  0.9954804
 0.99551743 0.87658185 0.9959294  0.9989003  0.9955244  0.9770016
 0.9864498  0.9984376 ]
[0.9989794  0.9950787  0.99736553 0.99859446 0.9899817  0.9960632
 0.9972017  0.99511576 0.99388653 0.99154836 0.9841887  0.9872939
 0.9969645  0.9951929  0.9662819  0.5263985  0.9920724  0.9992569
 0.99086994 0.98239833 0.9856448  0.99614525 0.904563   0.88319665
 0.99619377 0.9960693  0.98670584 0.9889185  0.99910647 0.9956625
 0.98594123 0.9943889  0.9934802  0.98122877 0.99697924 0.99618644
 0.98474485 0.99630594 0.9932399  0.9986646 ]
[0.998858   0.99388546 0.99768853 0.9971392  0.9881875  0.99585414
 0.9975068  0.9879462  0.99562573 0.9920133  0.99087626 0.98392636
 0.9976035  0.95546365 0.997829   0.9971129  0.9744571  0.99880636
 0.9507057  0.9969278  0.7955388  0.99647385 0.9881991  0.98031956
 0.998877   0.9970709  0.98928916 0.995978   0.99399453 0.9794295
 0.99591285 0.99817634 0.99627566 0.99280906 0.97091943 0.99658585
 0.99508095 0.99827504]
[0.9992029  0.99675375 0.9981912  0.99606377 0.9938642  0.9941322
 0.9939832  0.9924569  0.9901546  0.98660165 0.9918611  0.9953194
 0.9849849  0.9971232  0.99599457 0.9989806  0.9993761  0.99669385
 0.99674124 0.9972289  0.997233   0.96644944 0.9755359  0.98827296
 0.99196965 0.992763   0.9828461  0.9940988  0.9910149  0.9923389
 0.99043614 0.99796367 0.9709887  0.9786391  0.99401736 0.98999
 0.9985216  0.9986093  0.9956273  0.99340516 0.988839   0.6829604
 0.9984919  0.9961874 ]
[0.9991033  0.99638855 0.9961655  0.9956573  0.9964205  0.9974058
 0.99582016 0.98760265 0.9935335  0.9952924  0.95025176 0.99073446
 0.997823   0.9922661  0.9607327  0.99379784 0.9964244  0.9930427
 0.982262   0.9787915  0.9991616  0.9924534  0.9949693  0.960883
 0.99698347 0.9958568  0.9929249  0.99889237 0.9886749  0.9944766
 0.9910801  0.6855029  0.9982206  0.9969025  0.95213217 0.99583614
 0.98509175 0.94036937 0.91210026 0.9979658 ]
[0.9990695  0.9937279  0.99627256 0.99541485 0.9921042  0.9960991
 0.996454   0.99305516 0.9954301  0.98832905 0.98841685 0.99905545
 0.99581486 0.9694215  0.9952697  0.9960263  0.9917629  0.9919755
 0.9990245  0.9942591  0.9957684  0.9354051  0.971351   0.98836374
 0.99426454 0.99366874 0.9838747  0.99903405 0.5937785  0.98925763
 0.9959751  0.9906025  0.99072003 0.99792635 0.9970642  0.9924287
 0.949538   0.9835931  0.9349965  0.98784304 0.99835604]
[0.9990853  0.9923447  0.9979693  0.9825525  0.99372333 0.99654275
 0.9946101  0.9844797  0.9947107  0.99117553 0.99027985 0.99022853
 0.99778277 0.9972365  0.9964181  0.99164855 0.94099814 0.99906796
 0.9971053  0.9903424  0.9968665  0.9835064  0.9906686  0.98853266
 0.97087383 0.9925639  0.8294236  0.999199   0.99076056 0.99569464
 0.99646217 0.8596801  0.9290996  0.99724245 0.99842393 0.9969158
 0.95178497 0.98760986 0.99860865]
[0.99932516 0.9933335  0.9980987  0.9981754  0.98125273 0.9930293
 0.99703515 0.996557   0.9914664  0.99247605 0.98376554 0.9932082
 0.9900427  0.99635893 0.9966965  0.9993081  0.995701   0.9656871
 0.9930393  0.9954332  0.98157537 0.99353164 0.9973822  0.9922299
 0.917257   0.9982514  0.99562293 0.98878014 0.99513644 0.9898953
 0.69945174 0.9921144  0.9958384  0.9982279  0.99398535 0.9890799
 0.9831403  0.91372854 0.99512607 0.99823487 0.9983859 ]
[0.9989906  0.9944904  0.9969555  0.9930876  0.98047894 0.9955388
 0.9965495  0.9851344  0.99556303 0.99236214 0.9840837  0.9908313
 0.9975926  0.9603813  0.9968273  0.9959785  0.98766553 0.99923
 0.9758956  0.9958073  0.99107563 0.5975318  0.9955107  0.99414414
 0.99917704 0.97878337 0.9821494  0.9949852  0.9957355  0.9683174
 0.99528897 0.9987054  0.9943317  0.98752636 0.90813273 0.98594725
 0.99555993 0.9983735 ]
[0.99890065 0.9939932  0.99662834 0.9965714  0.9953177  0.99675924
 0.99655473 0.9923964  0.99200106 0.9943321  0.94512105 0.9908489
 0.9930513  0.6012308  0.9970637  0.9966594  0.9848681  0.9992976
 0.9849659  0.9742182  0.9946951  0.9821769  0.9562891  0.9949569
 0.9935208  0.979117   0.9994056  0.6329032  0.99164    0.9850699
 0.99692196 0.9918156  0.9138654  0.9979437  0.95048535 0.91572994
 0.9956691  0.96984035 0.9869739  0.998588   0.95956165]
[0.9988702  0.99222916 0.9973787  0.99575496 0.99652463 0.99504966
 0.99521303 0.9950997  0.98950595 0.98142344 0.98375136 0.99334997
 0.92852575 0.9966828  0.9967237  0.9823544  0.9950917  0.99912196
 0.99229723 0.99210006 0.9903702  0.9963432  0.9864101  0.9029609
 0.9797402  0.9952662  0.9919629  0.98462176 0.99899954 0.9672989
 0.9902686  0.99609464 0.99386543 0.9366777  0.9952891  0.99855226
 0.9956514  0.988572   0.9984499 ]
[0.99930286 0.99477506 0.9971132  0.9933236  0.9964109  0.99672985
 0.98831344 0.99531746 0.9914709  0.97875583 0.98934245 0.9978846
 0.93006533 0.99598455 0.99546885 0.9842271  0.99927086 0.99121994
 0.9944184  0.99026805 0.990202   0.9890877  0.94147056 0.9988675
 0.9847936  0.9956233  0.9940355  0.9047354  0.9925479  0.99865025
 0.9948862  0.9883316  0.9579583  0.9942234  0.99869627]
[0.9988783  0.9954151  0.9976808  0.99566096 0.98945075 0.9962507
 0.9973717  0.9886579  0.99295264 0.99164903 0.984768   0.98677015
 0.99838424 0.97832495 0.9960304  0.9954373  0.91782135 0.9993156
 0.9818981  0.99591285 0.97910106 0.99586236 0.9715784  0.9355045
 0.99860436 0.9809988  0.98839813 0.99550444 0.99422884 0.9353103
 0.9965108  0.99787164 0.9966683  0.9917393  0.9784258  0.99132794
 0.9929039  0.9986338 ]
[0.999114   0.994998   0.99831605 0.99233645 0.99321014 0.99649566
 0.9962633  0.9820885  0.9932153  0.9900092  0.9896722  0.98934454
 0.99850625 0.984992   0.99738723 0.99664706 0.9792316  0.99903166
 0.99430096 0.9780587  0.99032927 0.99563366 0.9565355  0.8090085
 0.9892184  0.99574405 0.99294287 0.976641   0.9986565  0.9906206
 0.9910971  0.9953596  0.9962276  0.9842441  0.9989392  0.9978187
 0.9967135  0.9642861  0.9795846  0.9759613  0.99846786 0.8749044 ]
[0.99853146 0.99405295 0.99663746 0.9986498  0.98850775 0.99717677
 0.9963343  0.9963697  0.9960453  0.993103   0.976918   0.98687476
 0.75151575 0.99585754 0.99686664 0.9991341  0.98806775 0.9990115
 0.9544472  0.9960691  0.975806   0.89503306 0.9981517  0.99107623
 0.9952122  0.96749586 0.99929714 0.9946629  0.9860691  0.98149085
 0.9949004  0.98643225 0.8978477  0.9305     0.99814796 0.99701595
 0.99735236 0.98522043 0.9983858 ]
[0.9984841  0.9945933  0.99820435 0.9977996  0.97664976 0.9938146
 0.99576485 0.9810114  0.9947077  0.98819995 0.9865086  0.9893477
 0.9978598  0.99208426 0.99604094 0.9962937  0.97846246 0.99908435
 0.98901165 0.9961092  0.97944725 0.84014386 0.9973947  0.9891122
 0.9504867  0.9979208  0.99827147 0.9906227  0.9932632  0.9908963
 0.9921687  0.9965224  0.9983858  0.9948325  0.9900232  0.9348633
 0.9969399  0.9956827  0.96409523 0.9982931 ]
[0.9992613  0.99279624 0.99641633 0.99387336 0.9896269  0.99521565
 0.99574476 0.9873926  0.9950134  0.9943546  0.9871694  0.9855723
 0.99878055 0.9970505  0.9946097  0.8797071  0.99923515 0.9208397
 0.98656285 0.9980202  0.99469995 0.9958075  0.97998136 0.9879083
 0.97719187 0.98982775 0.99870193 0.989916   0.99178773 0.9925525
 0.9938267  0.99116755 0.9785709  0.99631196 0.99840015 0.5418901
 0.99520725 0.99287754 0.9984932  0.98418427]
[0.99872524 0.99393046 0.9977908  0.9960984  0.99414897 0.9967907
 0.997255   0.9905812  0.9946733  0.99030334 0.9879132  0.9872006
 0.99889696 0.9660631  0.9952814  0.9949674  0.89382255 0.99884796
 0.9972767  0.99172467 0.98919547 0.99535334 0.9730604  0.9387863
 0.9940984  0.9947925  0.9693569  0.97816306 0.99890757 0.9985941
 0.99112344 0.9947707  0.9690685  0.9722769  0.99746406 0.99826485
 0.99732935 0.98890054 0.9761328  0.9985613  0.9957475 ]
[0.99907434 0.9949103  0.99780756 0.99432445 0.9914836  0.9968548
 0.99509466 0.98762333 0.99411964 0.99111813 0.9850755  0.990888
 0.9987822  0.9233171  0.9956086  0.9967991  0.98634714 0.8217291
 0.99926406 0.9975368  0.9844753  0.99659157 0.99057543 0.99237764
 0.987525   0.99359095 0.9158826  0.99921846 0.9874247  0.94228727
 0.9953778  0.99438137 0.80307734 0.99723166 0.9988109  0.9959239
 0.9358298  0.9950665  0.9983773  0.9583877 ]
[0.9992084  0.9926542  0.99752456 0.9944406  0.98722935 0.9957058
 0.99549687 0.99692094 0.993989   0.9903866  0.9816399  0.99005085
 0.99603444 0.9967445  0.9863985  0.99681515 0.9992028  0.9986181
 0.98823327 0.99441296 0.9773207  0.93372864 0.98073316 0.9922043
 0.99138206 0.9753702  0.9992582  0.8111715  0.98727304 0.99516255
 0.99522793 0.5871696  0.99374676 0.99843746 0.99704945 0.9006067
 0.5419639  0.9953361  0.9981651 ]
[0.9989403  0.99384874 0.9976532  0.99575377 0.9913113  0.99466586
 0.99652004 0.9758125  0.99389666 0.99268484 0.98230654 0.98474747
 0.99872655 0.99612683 0.9963766  0.9993062  0.99138653 0.9915236
 0.99529904 0.98064125 0.8720371  0.9980374  0.9922948  0.992763
 0.9785564  0.9893812  0.9947901  0.9936727  0.9884388  0.9554669
 0.9946101  0.9987192  0.98608285 0.99581796 0.9952319  0.9994844
 0.99107635 0.9853337  0.64946157 0.6379355  0.99814653]
[0.9989023  0.99534696 0.9968262  0.9960033  0.99805164 0.99569464
 0.9967866  0.9947131  0.995193   0.9723963  0.98383313 0.9935887
 0.9925983  0.994888   0.9983014  0.9959125  0.9923556  0.99874735
 0.9829549  0.96090156 0.99556375 0.89438    0.99417156 0.99255
 0.99350375 0.9988343  0.98797    0.9960372  0.99373215 0.9961086
 0.99513763 0.99809355 0.9887636  0.99826556 0.9965953  0.99068004
 0.99847156 0.99772316]
[0.9993424  0.9941901  0.99733967 0.9943151  0.9971336  0.9946674
 0.9908798  0.9924184  0.995089   0.9693637  0.9864551  0.99813735
 0.9458489  0.99667066 0.99706775 0.96184367 0.9991357  0.99208903
 0.99568355 0.9807042  0.9933428  0.99034554 0.9426144  0.99909663
 0.68646044 0.98272264 0.99552166 0.99181104 0.9660679  0.99593264
 0.9988632  0.99685705 0.98848265 0.9440141  0.9950132  0.9986498 ]
[0.9991073  0.99370074 0.9974687  0.98788875 0.99136144 0.99518776
 0.6238903  0.9946966  0.994306   0.9764955  0.9836706  0.9978732
 0.9930911  0.88200665 0.9963672  0.99062574 0.9970727  0.9968725
 0.9920209  0.99601185 0.9939031  0.9698814  0.9991611  0.9833703
 0.9936574  0.99658775 0.9885268  0.9611337  0.9973839  0.99425936
 0.9252461  0.9924873  0.9081535  0.9830496  0.9570761  0.99648845
 0.99656075 0.9876605  0.9941531  0.99694234 0.9984439  0.995342
 0.9962024  0.7757624  0.5894794  0.9984034 ]
[0.9993368  0.9941858  0.9963541  0.99375194 0.99658513 0.9960438
 0.9896986  0.9949575  0.9916741  0.9857304  0.98776126 0.9986192
 0.8172761  0.99626523 0.9958905  0.9897474  0.7082983  0.9993382
 0.9817083  0.9965307  0.9901689  0.9932249  0.9932151  0.9987305
 0.9444996  0.98345596 0.9944548  0.9930856  0.9632452  0.99486595
 0.9981402  0.9954181  0.9921536  0.9381144  0.99347067 0.9986206
 0.86599755]
[0.99900264 0.9903888  0.9972632  0.99862206 0.98620635 0.99529016
 0.9959061  0.99529994 0.9948112  0.9916266  0.98001695 0.9863734
 0.99561286 0.97006387 0.99426043 0.9958354  0.99622846 0.99910706
 0.99335164 0.82413864 0.96389216 0.9973143  0.995915   0.97368413
 0.9244448  0.996031   0.9927739  0.9729524  0.97073406 0.9988925
 0.99102354 0.9903087  0.993206   0.9971892  0.99443996 0.9984798
 0.9940509  0.9853286  0.9876815  0.9986265 ]
[0.99917835 0.99465275 0.9959061  0.99535215 0.99500763 0.99742496
 0.9964844  0.98871315 0.99305433 0.99421304 0.96428365 0.98539585
 0.9958846  0.99191344 0.7248611  0.99688417 0.99651825 0.9796122
 0.99904305 0.98893434 0.9900204  0.99638736 0.9890253  0.99382097
 0.9916061  0.8037055  0.9991992  0.8516022  0.9856005  0.9649559
 0.9953703  0.98570377 0.89176416 0.96250343 0.99824905 0.9379737
 0.9957178  0.9830678  0.9793124  0.9985002 ]
[0.99943966 0.9946964  0.99820673 0.9982948  0.98388046 0.9956013
 0.99511224 0.99713504 0.99516726 0.99153954 0.99074966 0.99072546
 0.99671954 0.99730587 0.98300666 0.97513324 0.99681205 0.99900275
 0.9969008  0.96465766 0.99560875 0.9708307  0.9915383  0.991708
 0.99093914 0.99706763 0.9991098  0.99590683 0.9909609  0.9958269
 0.99317074 0.80855525 0.9706797  0.99752206 0.9963356  0.99758375
 0.9941683  0.98560774 0.998161  ]
[0.99929976 0.9937909  0.9969989  0.9983323  0.9751855  0.99684477
 0.99659616 0.9949444  0.9947054  0.9922975  0.98175687 0.98897356
 0.99710625 0.99535096 0.9528386  0.9945116  0.9990772  0.9943357
 0.96562415 0.9877302  0.9958216  0.9687501  0.8769286  0.99669707
 0.9913421  0.98177826 0.96051645 0.99137515 0.99403244 0.99252737
 0.9479883  0.9987828  0.9991684  0.9765712  0.99328655 0.9960692
 0.986896   0.9852197  0.99866736 0.99644274]
[0.99929667 0.9949588  0.99606675 0.9974349  0.99495053 0.9959264
 0.9962915  0.9956357  0.9954484  0.990682   0.9715216  0.9881861
 0.99377763 0.99357164 0.9704314  0.99757475 0.99521095 0.9866219
 0.9822834  0.9993352  0.993052   0.9939871  0.9507473  0.961274
 0.99708694 0.9803985  0.9907747  0.9704343  0.9985266  0.9913328
 0.9965249  0.99347866 0.97767466 0.8366166  0.99845994 0.96085435
 0.9930293  0.96885496 0.90419406 0.9981281  0.98259765 0.8001734 ]
[0.999483   0.9930006  0.9955694  0.9921543  0.9922085  0.9959949
 0.99573994 0.98220736 0.99427915 0.99060667 0.9769915  0.986767
 0.9986389  0.91029143 0.99692315 0.9955362  0.97704095 0.9991223
 0.9877296  0.9964104  0.98344666 0.8006627  0.9938486  0.99258035
 0.9553934  0.99911696 0.93285906 0.9979583  0.9945738  0.9959027
 0.90871775 0.99530363 0.99852765 0.9969933  0.94835    0.918963
 0.98045415 0.9962166  0.99840945 0.9986658 ]
[0.9991738  0.9930034  0.9970182  0.99665713 0.98876613 0.99647164
 0.9952642  0.98334163 0.9955449  0.9886447  0.98788154 0.9880856
 0.99753463 0.99822944 0.99709964 0.9895539  0.9865587  0.9989728
 0.9889002  0.9958562  0.9866392  0.9962535  0.98907554 0.9497623
 0.99922204 0.99055594 0.9886163  0.99622405 0.99442023 0.8558992
 0.99586076 0.9984882  0.99501544 0.9918601  0.9859277  0.99553645
 0.97903466 0.9984484 ]
[0.99924916 0.99454534 0.9968491  0.99436074 0.9911823  0.99677724
 0.9969206  0.9861145  0.9933704  0.99278235 0.9882925  0.9880493
 0.9982439  0.6391569  0.99684554 0.99556077 0.98519933 0.9989754
 0.94970375 0.9948998  0.98664504 0.5915077  0.995154   0.99436176
 0.90867436 0.9990081  0.99540174 0.9835323  0.9952506  0.9957242
 0.8951131  0.9946508  0.99826103 0.99764085 0.9890589  0.9523772
 0.9635329  0.99401385 0.99848217 0.98691154]
[0.99894077 0.994132   0.99720156 0.9962936  0.9903548  0.99743843
 0.9965913  0.97867066 0.99602866 0.99123704 0.984703   0.9866361
 0.9977228  0.99038994 0.96436566 0.99612194 0.9968166  0.99458766
 0.99899584 0.9891661  0.9939359  0.99649966 0.8566925  0.9952873
 0.99647814 0.99540496 0.99205196 0.99901426 0.98779243 0.9930773
 0.99645245 0.9947371  0.8965759  0.98263645 0.99882144 0.9965926
 0.9950246  0.9887658  0.58661985 0.998723   0.9810409 ]
[0.9991898  0.9950964  0.9982504  0.9980556  0.9885903  0.9964194
 0.99622154 0.98551685 0.99518025 0.98841196 0.9913662  0.99054915
 0.99802005 0.88069004 0.99651283 0.9969072  0.9919778  0.99904364
 0.95734334 0.99560285 0.9830283  0.9968772  0.99455136 0.98316115
 0.9993278  0.99709785 0.9876781  0.995784   0.9933008  0.8185962
 0.9939919  0.9986771  0.9963666  0.99115807 0.6999563  0.997775
 0.9953341  0.9983368 ]
[0.9989047  0.9935306  0.9975418  0.9960878  0.9967487  0.99676776
 0.98574126 0.99466586 0.9937908  0.95210403 0.9887636  0.9869899
 0.9970981  0.9963832  0.9981027  0.97374445 0.9813167  0.9983107
 0.9957561  0.9749312  0.99153954 0.981488   0.89339024 0.99631137
 0.9970323  0.98142827 0.9991762  0.9833907  0.98995847 0.9772908
 0.9961798  0.9012069  0.9984573  0.99551505 0.9958554  0.99017227
 0.99692255 0.9571076  0.9815019  0.92133546 0.9927891  0.99552983
 0.99836487 0.9943672 ]
[0.998774   0.9918161  0.99776435 0.9974975  0.992786   0.99615544
 0.9959728  0.99518687 0.9954081  0.98882884 0.9785725  0.989038
 0.89231235 0.99667716 0.9958275  0.9953752  0.99890935 0.9704434
 0.9524667  0.9964831  0.9913278  0.98837554 0.9944841  0.9958519
 0.99479735 0.9989472  0.99329764 0.87462986 0.9954471  0.98556083
 0.89690363 0.9557487  0.9985575  0.9980698  0.9959495  0.99545705
 0.9982651  0.99075174 0.994733   0.9906442  0.9983047 ]
[0.99898535 0.9946768  0.99643123 0.99695945 0.98904306 0.99608046
 0.9967771  0.98554915 0.99522626 0.99017125 0.98421764 0.9890967
 0.99786097 0.83025247 0.9965693  0.9950675  0.9876188  0.9991247
 0.99026954 0.9969733  0.9863051  0.9969867  0.9930044  0.9612818
 0.9987386  0.99693406 0.9850358  0.9949384  0.9899776  0.9065635
 0.9946637  0.9983564  0.99443394 0.9869802  0.9263554  0.98955536
 0.9960234  0.9985359  0.9513415 ]
[0.99933726 0.99181116 0.99542195 0.9951331  0.9963665  0.99330807
 0.9890043  0.9937842  0.99049485 0.9758267  0.9878258  0.99839824
 0.98124975 0.9964477  0.99557835 0.99911886 0.98493236 0.9954417
 0.92393345 0.5823382  0.99281645 0.976596   0.98955745 0.99887115
 0.90251774 0.9843923  0.994896   0.99447376 0.9770582  0.99331903
 0.998204   0.99531496 0.9903667  0.9679107  0.99555403 0.99876034]
[0.9991855  0.99142027 0.99842775 0.9954601  0.99526805 0.9967578
 0.99592716 0.99644405 0.9931722  0.99522406 0.98164797 0.98939973
 0.992274   0.9973845  0.9974547  0.96061844 0.99500316 0.9988016
 0.9861373  0.9544111  0.9874462  0.9768698  0.9953837  0.982343
 0.9936138  0.9962345  0.9880177  0.99891293 0.99909997 0.99442494
 0.9834049  0.6054952  0.7841288  0.99815995 0.9762901  0.996856
 0.9887467  0.99752504 0.95954347 0.99866724]
[0.99921525 0.9957586  0.997766   0.9955171  0.9829117  0.99708205
 0.9970943  0.99645305 0.9954704  0.9895397  0.98919684 0.98542726
 0.89688426 0.99741495 0.99443674 0.9835864  0.9990165  0.99593544
 0.9481865  0.9973826  0.9961145  0.9893616  0.99497026 0.9910262
 0.9904379  0.6410447  0.9990042  0.9977143  0.9879666  0.9958831
 0.99431425 0.8512823  0.998765   0.99489343 0.96337324 0.99669755
 0.9426031  0.9955937  0.9986835  0.9961719 ]
[0.9987903  0.99467987 0.99794346 0.99769956 0.98473746 0.996458
 0.99564964 0.98716635 0.99397415 0.9899582  0.98559314 0.9888442
 0.9988218  0.72044045 0.9961164  0.99628264 0.983934   0.9548765
 0.9988802  0.9979011  0.98511547 0.98769987 0.9957008  0.95856243
 0.93369126 0.9758078  0.9898559  0.9889726  0.9618324  0.99908924
 0.9948784  0.99050575 0.99672383 0.99403584 0.891998   0.9959163
 0.998312   0.9971987  0.9731976  0.9940055  0.9630762  0.9988846 ]
[0.9992125  0.9916858  0.99725074 0.9970503  0.98661673 0.99671704
 0.99537164 0.9965114  0.9953135  0.99017674 0.9738539  0.98590034
 0.9112134  0.99723214 0.996188   0.96049577 0.9924465  0.9989021
 0.98576075 0.95640075 0.9293909  0.99533254 0.98140323 0.9343506
 0.99772924 0.9923638  0.9952603  0.9990107  0.9992976  0.9924684
 0.99614644 0.9912186  0.95363075 0.99823844 0.98578215 0.997396
 0.9707419  0.98142666 0.9978817  0.9566431  0.9893728  0.998466  ]
[0.99905056 0.99351394 0.99690527 0.9968285  0.99514633 0.9973354
 0.9953218  0.987721   0.9921646  0.99295443 0.9791947  0.98603225
 0.99742246 0.99736804 0.9951939  0.9791337  0.9989103  0.9580226
 0.99637634 0.9883973  0.99548966 0.9884271  0.9180597  0.99916613
 0.9961138  0.99768865 0.9966456  0.9946126  0.9574654  0.9879931
 0.9986488  0.9958954  0.92159    0.97329324 0.99706143 0.99526477
 0.9972355  0.99862945]
[0.99940276 0.9959794  0.9973527  0.9955446  0.99701667 0.9951827
 0.9883867  0.99444324 0.9913195  0.98852974 0.9850123  0.9972005
 0.95389956 0.99598515 0.9954146  0.9419433  0.9988254  0.97355235
 0.99700624 0.98811346 0.6588961  0.99278474 0.98291814 0.9547415
 0.9989567  0.9892069  0.9962775  0.99601495 0.95910263 0.99280095
 0.99835724 0.99660206 0.9874593  0.96448576 0.9948014  0.999102  ]
[0.99889237 0.99534446 0.997232   0.9949404  0.99714583 0.99633247
 0.9973705  0.99199814 0.9908064  0.98875976 0.9885744  0.95792025
 0.99384236 0.997866   0.9975896  0.9962748  0.99477565 0.99327445
 0.9992273  0.98359275 0.98579144 0.99252856 0.9947465  0.99500126
 0.9790052  0.8687033  0.99770266 0.9950736  0.9785715  0.9958721
 0.99008065 0.99866855 0.9932366  0.9949326  0.99565506 0.9952868
 0.9823386  0.9955947  0.9984151  0.9568274  0.9845828  0.9980387
 0.939072   0.98996675 0.99612266 0.9986136 ]
[0.9992374  0.99407023 0.99787104 0.9973322  0.9739347  0.99702877
 0.9957938  0.9885262  0.99256223 0.9932112  0.98621386 0.9914533
 0.9981421  0.9955798  0.99625057 0.9765682  0.99131936 0.9992681
 0.9911097  0.99529797 0.98051226 0.99662614 0.98824114 0.9584871
 0.9991522  0.9982343  0.98962224 0.99445975 0.9884481  0.9962226
 0.9983956  0.99540955 0.9895829  0.98744607 0.9977825  0.97930485
 0.99871314]
[0.99938595 0.9953206  0.9964998  0.9941479  0.9969754  0.9968733
 0.9947962  0.99356353 0.9910782  0.9759076  0.97876966 0.9951748
 0.9967429  0.9950394  0.9757975  0.98338413 0.998936   0.96522564
 0.9896129  0.99545443 0.9901884  0.9917144  0.9930814  0.9887157
 0.9993488  0.988076   0.98549575 0.9917476  0.99316144 0.9818272
 0.96457535 0.5473911  0.9897237  0.9979873  0.998159   0.9959741
 0.9735382  0.99873084]
[0.9993368  0.9940671  0.99718326 0.9890131  0.9944477  0.9966703
 0.9943916  0.9960062  0.9930606  0.9878542  0.986542   0.98854953
 0.9982734  0.99512744 0.9648685  0.99754614 0.9987446  0.9974463
 0.9722539  0.9805972  0.9959092  0.9248007  0.85852796 0.9824562
 0.993138   0.98842293 0.9910857  0.99925536 0.85176027 0.99259627
 0.9952732  0.9950807  0.9109052  0.99268395 0.9985033  0.99562186
 0.98166174 0.98760325 0.9984977 ]
[0.9994223  0.9931416  0.9981462  0.9973859  0.97983974 0.9971493
 0.9966769  0.9962597  0.99550915 0.99039906 0.9888474  0.9850545
 0.9740006  0.9965917  0.9973658  0.98527515 0.98288834 0.9988569
 0.99625456 0.9622883  0.9949791  0.9934796  0.9394706  0.99326915
 0.98591775 0.9929763  0.98266727 0.99877006 0.9916505  0.88897103
 0.9956098  0.99543166 0.9561852  0.9936505  0.99842596 0.99485
 0.69197285 0.9964552  0.99535024 0.99109614 0.99202174 0.9981749 ]
[0.99913955 0.9940602  0.9966822  0.99535626 0.98619926 0.9956339
 0.9959182  0.9884743  0.9949345  0.990529   0.9889014  0.9840837
 0.99823725 0.9956825  0.99427646 0.98200315 0.9988084  0.9841255
 0.9956267  0.98046595 0.56991893 0.99710625 0.99260795 0.9686406
 0.9993011  0.99874026 0.9970061  0.99549234 0.99033725 0.9314106
 0.99523443 0.9985274  0.9964426  0.9542024  0.88623136 0.9937605
 0.99809605 0.9986259  0.9981754 ]
[0.9994344  0.99524885 0.99720275 0.9939452  0.9976987  0.9948944
 0.9941303  0.99558747 0.9936732  0.9876695  0.9880256  0.981045
 0.9894153  0.91208893 0.9979843  0.99508333 0.9870613  0.9989936
 0.99606353 0.71197814 0.9965127  0.8536136  0.9490553  0.99193746
 0.95858294 0.84446067 0.99447423 0.9846097  0.99914706 0.93214345
 0.9775724  0.99566686 0.9972058  0.99824655 0.9974721  0.9628597
 0.9962155  0.9985083  0.98041576]
[0.9991679  0.99537224 0.997554   0.98617727 0.99520797 0.9967816
 0.99515027 0.9879441  0.9958839  0.9901399  0.9887531  0.9909121
 0.9980276  0.99646276 0.9967781  0.90145147 0.99927205 0.98344684
 0.9969548  0.9590278  0.9928503  0.98042244 0.9879959  0.999355
 0.9981173  0.9906606  0.99576306 0.99512154 0.99587077 0.9988134
 0.9957416  0.9901035  0.9764416  0.9949404  0.99837023 0.9966629 ]
[0.9985336  0.995643   0.996071   0.9931115  0.9975182  0.9955065
 0.9882605  0.9912641  0.9910391  0.9852031  0.98399955 0.9977464
 0.99667203 0.9968053  0.9876506  0.99917126 0.99325764 0.9952436
 0.9874371  0.9943581  0.9931456  0.946406   0.99887997 0.73928845
 0.9963211  0.9948543  0.9923856  0.77669585 0.99746215 0.99794704
 0.99539906 0.9694369  0.9305856  0.9941999  0.9961437  0.9985083 ]
[0.9989405  0.99382484 0.99581134 0.98372203 0.99358445 0.9964037
 0.99612206 0.9883825  0.99205095 0.99326706 0.9798876  0.9891276
 0.9978416  0.8541426  0.99729973 0.9961408  0.9908303  0.99908566
 0.9891453  0.99575484 0.92828333 0.9955177  0.9948822  0.9873532
 0.99904746 0.96818507 0.9973156  0.9959825  0.99413705 0.9598949
 0.9956962  0.998555   0.9967259  0.9482713  0.92210555 0.9937556
 0.9982817  0.9988109  0.95679516]
[0.9991708  0.9927118  0.9975805  0.9981711  0.9807036  0.99758255
 0.99656725 0.98760927 0.99316734 0.99151057 0.99013126 0.9917454
 0.99840564 0.9970227  0.99701536 0.986896   0.9986362  0.99934036
 0.8945313  0.98100936 0.9958455  0.99037206 0.8746349  0.9980824
 0.9939109  0.99421173 0.9986797  0.99748814 0.9834383  0.9955546
 0.9842705  0.9429599  0.9980615  0.9962818  0.99558264 0.8643828
 0.9407084  0.99584997 0.99862194]
[0.9991027  0.99621385 0.99560577 0.9770974  0.99696606 0.9969119
 0.99441034 0.99363905 0.99427044 0.9942187  0.9723227  0.98532355
 0.9940708  0.9973822  0.99540186 0.98861456 0.9993     0.9945979
 0.9943808  0.9930989  0.9913694  0.9455329  0.98942405 0.994173
 0.9704855  0.9993057  0.9918601  0.9968264  0.9869336  0.9454525
 0.99749607 0.9964265  0.9861779  0.99179345 0.9988782  0.9926041 ]
[0.99916327 0.99167585 0.9984211  0.9934534  0.992796   0.99630654
 0.9959632  0.972801   0.9956149  0.9923798  0.987328   0.9879062
 0.99743444 0.9874807  0.8803733  0.99620336 0.9971103  0.9879802
 0.9993843  0.9970149  0.9767393  0.9836178  0.9962238  0.9803091
 0.89117575 0.9880189  0.9936599  0.9907011  0.95579857 0.99888915
 0.9597281  0.9942806  0.99452245 0.9418086  0.9986312  0.99603206
 0.97501624 0.996953   0.98859686 0.86538064 0.9982444 ]
[0.99906355 0.9931717  0.9960355  0.99230826 0.9970144  0.9953614
 0.99150217 0.99482346 0.9946174  0.97615474 0.98949414 0.99649745
 0.9847284  0.9982008  0.9976562  0.9988569  0.9517395  0.9990876
 0.9966744  0.9794972  0.9455377  0.99617153 0.99472094 0.9872227
 0.736671   0.8463873  0.99508166 0.98631454 0.97647697 0.9992675
 0.990236   0.99543387 0.9939996  0.99851733 0.97849613 0.93325424
 0.99364763 0.99896586 0.9916163  0.95965916 0.9688447 ]
[0.9988059  0.9935394  0.9960515  0.99486285 0.9972007  0.9968802
 0.99361527 0.9930855  0.99336535 0.9749619  0.98446137 0.9975284
 0.9974439  0.9741199  0.99616086 0.9989888  0.9958156  0.978036
 0.99459696 0.99365944 0.98589826 0.99380314 0.98105556 0.989356
 0.98135984 0.9993555  0.99393773 0.9949699  0.99518895 0.76365066
 0.6972646  0.98984003 0.9987526  0.99619234 0.982758   0.998926  ]
[0.9990621  0.992878   0.99605846 0.9954732  0.9968286  0.995017
 0.984379   0.99178994 0.99172837 0.9765643  0.9904669  0.9973392
 0.9004155  0.99798125 0.99639493 0.98111284 0.99882215 0.9918264
 0.9969303  0.84759533 0.9921978  0.9903841  0.99007624 0.99915147
 0.7986001  0.9850407  0.9953253  0.99327564 0.9455977  0.99405706
 0.9987081  0.9963031  0.99039733 0.962351   0.9941043  0.9984017 ]
[0.9992094  0.99445146 0.9982029  0.99835485 0.9895571  0.99729687
 0.9970721  0.9964269  0.99473464 0.98909074 0.9866607  0.9888232
 0.99093634 0.9975001  0.99486005 0.9954711  0.9988121  0.9952146
 0.914967   0.99681973 0.9914641  0.9775019  0.99169123 0.99684215
 0.99216366 0.9988681  0.9595622  0.9985121  0.9959347  0.99397546
 0.8369734  0.97607464 0.99853027 0.9964154  0.97735333 0.98434675
 0.9986261  0.9989128  0.78526646 0.99093986]
[0.99925476 0.99423945 0.99719113 0.9922299  0.98872465 0.9973488
 0.9958305  0.98703045 0.9937162  0.992516   0.97230047 0.9873503
 0.9982551  0.9961737  0.9955586  0.9833297  0.9990583  0.9970131
 0.9929396  0.9912616  0.99610764 0.993095   0.99392164 0.99183345
 0.9935535  0.9988053  0.99278426 0.9940724  0.9938327  0.9246003
 0.9647142  0.9947719  0.9985468  0.9963033  0.98445547 0.9164864
 0.99877983]
[0.9989126  0.9932     0.99524045 0.9974118  0.9964721  0.99442863
 0.99429804 0.9959203  0.99075705 0.9707958  0.98332596 0.9916421
 0.9871607  0.9878265  0.99665654 0.9967847  0.98801684 0.99917966
 0.96969485 0.9963846  0.9742105  0.99365425 0.99119616 0.90085554
 0.86667806 0.998767   0.9864016  0.9966794  0.99668545 0.93471855
 0.97268957 0.9902152  0.9984983  0.9930032  0.99607867 0.986798
 0.9690391  0.998292   0.7637013 ]
[0.99893457 0.9955747  0.9973104  0.99542314 0.99652064 0.9948369
 0.9929925  0.99530953 0.99144953 0.970819   0.98469454 0.9898773
 0.9540483  0.9974993  0.99682295 0.9839452  0.9989429  0.98583466
 0.99486876 0.9750025  0.9934638  0.9943552  0.98292935 0.9989102
 0.79759717 0.9773082  0.99552    0.99360704 0.9559666  0.9988514
 0.9954235  0.9869244  0.96975154 0.9958209  0.9984694 ]
[0.99943715 0.994955   0.9983872  0.9905269  0.9955948  0.9976907
 0.9949903  0.9916545  0.99516195 0.99107844 0.98870426 0.9880607
 0.9985065  0.7393391  0.94312835 0.99566156 0.99398357 0.98418623
 0.9991609  0.9959598  0.9913844  0.9959985  0.93462104 0.8623887
 0.99007237 0.9944003  0.9907175  0.9833627  0.99919754 0.8418418
 0.9919891  0.9945287  0.9951461  0.9905687  0.9622284  0.99667346
 0.9984706  0.9960466  0.9862298  0.98961747 0.9988951 ]
[0.99925166 0.99365705 0.99773645 0.9936865  0.9904356  0.99575955
 0.9961708  0.9789217  0.99367416 0.9931733  0.9843807  0.9876222
 0.9987233  0.99679846 0.9949936  0.9173742  0.9988256  0.9875471
 0.9437783  0.9558215  0.99556583 0.968411   0.70743006 0.996521
 0.9931161  0.99388206 0.98845696 0.99907196 0.9927753  0.99611145
 0.99573815 0.9824386  0.99766684 0.99821883 0.99494165 0.9892111
 0.9950665  0.9889725  0.98867583 0.9985077  0.99582005]
[0.9992017  0.9946602  0.99680835 0.9922443  0.9948719  0.99723464
 0.9967397  0.99670714 0.99412185 0.98847187 0.9861058  0.98928994
 0.9148996  0.99735296 0.9960348  0.989181   0.99561775 0.9989574
 0.9969638  0.98911536 0.98853964 0.99576133 0.6276947  0.99398804
 0.9925087  0.9908817  0.9924567  0.9991472  0.9931764  0.9943159
 0.99616736 0.8148754  0.95712477 0.99483585 0.99878305 0.9964618
 0.98672664 0.6134534  0.9889148  0.9985196 ]
[0.99937975 0.9936767  0.99748695 0.9931639  0.9973219  0.9942437
 0.9850994  0.995086   0.9946883  0.9801553  0.9793888  0.9974974
 0.77414685 0.9960551  0.9968401  0.969232   0.9991547  0.9819149
 0.99567896 0.9642229  0.7434981  0.991368   0.98614    0.9835881
 0.9990055  0.99140537 0.99282503 0.9945263  0.988194   0.9942773
 0.99801743 0.9973859  0.9919264  0.9637649  0.9933594  0.9303871
 0.99858713 0.98808146]
[0.9991897  0.9956773  0.99683917 0.99667007 0.99704725 0.99428093
 0.99250597 0.993375   0.9891979  0.97705895 0.9896353  0.9851179
 0.9976857  0.99647826 0.9825477  0.99922466 0.99040365 0.99415755
 0.99083215 0.9916671  0.99005985 0.99907136 0.9951337  0.9958871
 0.9952983  0.9983864  0.9946344  0.97878337 0.94253427 0.993469
 0.994964   0.99848855]
[0.9989492  0.9941257  0.99782217 0.9979563  0.98101485 0.9951137
 0.9955492  0.9948913  0.99313885 0.99225825 0.9889003  0.99101263
 0.93270147 0.9973007  0.9961832  0.98666525 0.9271811  0.9986998
 0.9975707  0.9812578  0.99291503 0.9946563  0.99083835 0.99072134
 0.97876245 0.9950507  0.99240726 0.9991055  0.9939985  0.99003917
 0.9952549  0.9927038  0.91724175 0.9060503  0.9987368  0.9963722
 0.9926454  0.986382   0.9984181 ]
[0.9990996  0.99558085 0.9974662  0.9852025  0.9922943  0.997088
 0.9964032  0.9844854  0.99099135 0.99433535 0.9823375  0.9916863
 0.9983365  0.70670223 0.9973907  0.99510807 0.9835699  0.9991142
 0.9873077  0.99565434 0.96760833 0.9923881  0.9911947  0.9854095
 0.99927217 0.9708247  0.98686266 0.9948716  0.9900905  0.9109383
 0.99724305 0.9986486  0.99732095 0.9870983  0.94251335 0.9665536
 0.9954875  0.99861777]
[0.9990558  0.9930849  0.9967179  0.99371463 0.99718493 0.99496526
 0.99194133 0.9925167  0.99369276 0.9916175  0.9843078  0.9979266
 0.97691935 0.996582   0.9950995  0.98765844 0.99936694 0.95671946
 0.976833   0.99430346 0.9956546  0.98913026 0.99259746 0.98594046
 0.9937988  0.89747524 0.99925    0.8002925  0.9890717  0.9950956
 0.991855   0.8627452  0.92872006 0.9960091  0.9986021  0.9962943
 0.93311244 0.99528414 0.9983187 ]
[0.9988366  0.9943473  0.99755955 0.9974241  0.9885028  0.9957112
 0.99498343 0.9913333  0.99158186 0.9928041  0.98376447 0.99013054
 0.9976144  0.99210316 0.96770537 0.9955331  0.99705136 0.98887396
 0.99924916 0.94898176 0.971421   0.98493457 0.9972945  0.9750182
 0.95077986 0.9971523  0.99414897 0.95381266 0.99905103 0.9953447
 0.99416107 0.9935422  0.9947015  0.9475454  0.99441814 0.9989164
 0.99719834 0.91727144 0.9981597  0.9963626  0.99891675]
[0.9993592  0.9936022  0.99812216 0.9931151  0.99014014 0.99653196
 0.99660885 0.99616337 0.99335116 0.9937092  0.99032307 0.9897922
 0.93383354 0.9966859  0.9961183  0.9708816  0.99634004 0.9990356
 0.9977723  0.9885483  0.97156805 0.9949516  0.97523683 0.9905945
 0.9173579  0.98696715 0.9682274  0.99908984 0.8679902  0.99290013
 0.9955252  0.99499714 0.9265216  0.9905868  0.9986204  0.9969606
 0.98552275 0.99315876 0.99843997]
[0.9991911  0.99413174 0.9970669  0.9886441  0.98644394 0.9961922
 0.99700505 0.9944224  0.9929583  0.99353105 0.98227614 0.98793375
 0.99704367 0.996222   0.98654675 0.99564075 0.9990895  0.9962534
 0.9808365  0.9957217  0.9891116  0.89914805 0.96822876 0.992407
 0.9931525  0.61817205 0.99872893 0.64701295 0.993873   0.9947286
 0.9944829  0.9830958  0.63855094 0.9981996  0.990497   0.62636346
 0.9959396  0.9843157  0.98961675 0.9988129 ]
[0.999153   0.99265105 0.99687093 0.9952017  0.9932755  0.99692994
 0.98810613 0.9923151  0.99242437 0.98328424 0.9871122  0.99851185
 0.9949486  0.9973762  0.9965629  0.9781543  0.99905723 0.9869805
 0.99569964 0.9712635  0.52400863 0.9889176  0.98732126 0.9660215
 0.9973683  0.6849019  0.99710137 0.99700874 0.9958555  0.99242204
 0.99519134 0.99859613 0.9972153  0.97748315 0.95977587 0.995034
 0.9954814  0.9986272 ]
[0.99933213 0.9932614  0.9973164  0.9974003  0.99198735 0.99675614
 0.99674594 0.9924164  0.9946075  0.9907789  0.9908606  0.9905633
 0.9963568  0.97945076 0.99671364 0.9954308  0.98101944 0.98245114
 0.9990803  0.99746025 0.9859547  0.9788295  0.9950245  0.9943851
 0.9939657  0.9894125  0.9913617  0.9988844  0.992485   0.8942113
 0.9947142  0.9956221  0.89614403 0.9794245  0.99177074 0.9986149
 0.99557436 0.9907408  0.9738082  0.99459994 0.9910589  0.99840146]
[0.9991033  0.99253285 0.9980008  0.99345446 0.9868802  0.98527443
 0.99703693 0.9949033  0.99548584 0.98860615 0.9868874  0.9890015
 0.9956915  0.99651235 0.9943792  0.9991085  0.9980287  0.9842296
 0.9968284  0.9631437  0.99537426 0.99308574 0.99105483 0.9868548
 0.98814255 0.9933128  0.99291915 0.99470717 0.99443805 0.9367375
 0.9960905  0.9918833  0.9988902  0.9962773  0.9823214  0.9916545
 0.89545804 0.9818315  0.99871695 0.980295  ]
[0.9988669  0.9942439  0.99770784 0.99719894 0.9926374  0.9953258
 0.9954561  0.99646986 0.9944858  0.9942192  0.9841487  0.9868439
 0.99670994 0.9975938  0.98497796 0.9953063  0.99890125 0.9961408
 0.98151875 0.99566597 0.96177274 0.99675685 0.9157267  0.9302116
 0.99230945 0.9921033  0.9881323  0.9857017  0.9989017  0.9848818
 0.9911233  0.99550605 0.99546343 0.7390565  0.9909599  0.99882
 0.9971648  0.9720302  0.99031574 0.9983885 ]
[0.9988644  0.99540836 0.99705875 0.99046445 0.9943441  0.99666864
 0.9970324  0.98818356 0.9955877  0.9911539  0.98197764 0.9878236
 0.9977791  0.9978529  0.99732673 0.9886696  0.9992974  0.9808787
 0.9958234  0.9815378  0.9959187  0.99415296 0.9746105  0.999318
 0.8651163  0.99518234 0.9941333  0.99523145 0.9953935  0.99876946
 0.99567103 0.973502   0.96353376 0.9964952  0.99596834 0.997881
 0.9349093 ]
[0.998868   0.99299943 0.9978877  0.9981603  0.9908409  0.99682426
 0.99672335 0.99592197 0.9929819  0.9929126  0.98816866 0.9854768
 0.9905725  0.9965886  0.99685645 0.9932028  0.99905294 0.99526066
 0.9830215  0.99256647 0.970861   0.9967481  0.9701769  0.8894759
 0.9957119  0.9912396  0.9874764  0.99881065 0.9983315  0.9981185
 0.99608994 0.99239916 0.9523063  0.932551   0.9986326  0.947226
 0.9958289  0.9826691  0.9988587  0.5472857 ]
[0.9987224  0.9959176  0.99773175 0.9976076  0.9842061  0.9978498
 0.9956054  0.9970493  0.99257153 0.9947265  0.9877505  0.9912021
 0.99658906 0.9969457  0.9870429  0.627811   0.9964323  0.99915874
 0.997165   0.97932065 0.99731535 0.9964271  0.99177516 0.8977917
 0.9796627  0.99552023 0.9948502  0.9933575  0.840225   0.99883324
 0.9953832  0.9911918  0.99616927 0.9914436  0.97683483 0.9934504
 0.99835557 0.9943533  0.98894966 0.99480444 0.99865973 0.5749278 ]
[0.9990729  0.995434   0.99731904 0.9952016  0.9980478  0.9975986
 0.9957917  0.99203765 0.99074507 0.98880845 0.97486794 0.9901878
 0.9972886  0.99669194 0.989156   0.998691   0.86064416 0.8703253
 0.9909531  0.9966851  0.99593097 0.9707239  0.93257695 0.9758676
 0.994156   0.99416876 0.9967506  0.9921565  0.9992092  0.995802
 0.6842948  0.9058383  0.9706482  0.9930016  0.9986563  0.96070224
 0.9968831  0.9953957  0.9869892  0.9967662  0.88329643 0.9986065 ]
[0.9991621  0.9938471  0.99636203 0.955782   0.9898317  0.9958644
 0.9779613  0.99372226 0.9937784  0.988991   0.99020153 0.9979873
 0.99457175 0.99804235 0.9966563  0.98892677 0.99906284 0.98628217
 0.9968907  0.9719382  0.9954366  0.99223924 0.9555122  0.96038485
 0.996833   0.9953649  0.9955987  0.9919689  0.99678624 0.9989893
 0.9961838  0.96346706 0.88173145 0.99527127 0.9974037  0.9986808 ]
[0.99931026 0.9944537  0.9976428  0.9914778  0.99401134 0.99631196
 0.99703825 0.9955303  0.99264413 0.99112356 0.98191744 0.9906991
 0.9889305  0.98615396 0.99606377 0.99461657 0.99553216 0.9992774
 0.9882125  0.99516845 0.95142955 0.8938138  0.9977731  0.9948036
 0.9955225  0.9891733  0.97329235 0.9953601  0.99037594 0.9983273
 0.9719814  0.98508495 0.998885   0.99695873 0.9918854  0.9814601
 0.8990057  0.97380936 0.993057   0.88521975 0.99906796]
[0.9989027  0.9931351  0.99676174 0.99462044 0.9970392  0.9962536
 0.99258995 0.9957146  0.9948232  0.97607374 0.98687345 0.99757737
 0.9644728  0.99702674 0.9973929  0.939529   0.99890375 0.9948171
 0.99689204 0.95322555 0.77672726 0.9887742  0.98590314 0.9673292
 0.9988764  0.997347   0.99663275 0.9896728  0.94060177 0.99347186
 0.9985909  0.9966642  0.962767   0.9659656  0.9959401  0.9972242
 0.998546  ]
[0.99896765 0.9925412  0.9971306  0.99794894 0.9764846  0.99596137
 0.9958556  0.99507385 0.99605894 0.9922158  0.9852948  0.98890835
 0.99721944 0.9970235  0.95987374 0.99527836 0.99923384 0.89234966
 0.9616321  0.9955189  0.9742536  0.910393   0.9978544  0.9939785
 0.9938076  0.9538104  0.9989208  0.98964125 0.99839455 0.99579656
 0.98982435 0.9290598  0.9697651  0.98979646 0.99888283 0.9973827
 0.99671054 0.9291057  0.98986125 0.996707   0.99813217]
[0.99889755 0.99537706 0.9975043  0.9925364  0.9963081  0.9965785
 0.97887677 0.99358773 0.99081683 0.98951626 0.98474205 0.99811965
 0.9956363  0.996218   0.99890816 0.9845787  0.99655616 0.9885267
 0.99278015 0.96645933 0.5954182  0.99914885 0.9574965  0.9894163
 0.99621695 0.9912526  0.57326734 0.99659085 0.9988846  0.9964413
 0.98882025 0.97709626 0.994626   0.9987956 ]
