[0.0020161  0.00181418 0.02660185 0.00423219 0.00216394 0.9998486
 0.9999056  0.9998579  0.9997906  0.9998493  0.00354325 0.00341373
 0.00263275 0.00316632 0.00296796 0.99978715 0.99985516 0.9996959
 0.9997805  0.9997713 ]
[0.00201234 0.0026393  0.03275394 0.00318941 0.00244571 0.99986076
 0.99986124 0.99980694 0.9998074  0.99986196 0.0042546  0.00433986
 0.00270239 0.00341663 0.00316321 0.9997925  0.9997632  0.99973816
 0.99987674 0.9997687 ]
[0.00216201 0.00203295 0.03451893 0.00318143 0.00186267 0.9998066
 0.99981624 0.9998504  0.9998185  0.9998691  0.00783467 0.00389109
 0.00318016 0.00237249 0.00226304 0.999814   0.99986184 0.999566
 0.999785   0.99977034]
[0.00189533 0.00211925 0.03166323 0.0038002  0.00225428 0.99987507
 0.999793   0.99987626 0.999833   0.9998305  0.00631312 0.00301154
 0.00425734 0.0049361  0.00257746 0.99985266 0.9997569  0.9997962
 0.9997676  0.9997869 ]
[0.0026037  0.0019407  0.05604596 0.00344286 0.00243147 0.99990606
 0.9998419  0.9998474  0.99971586 0.99985754 0.00333551 0.00333121
 0.00427905 0.00404808 0.00243948 0.99982554 0.9998878  0.9996911
 0.99978846 0.99987924]
[0.00209238 0.00224586 0.0454681  0.00347562 0.0020636  0.9998167
 0.9998271  0.99990904 0.9997819  0.99982136 0.00346996 0.0034173
 0.00263011 0.00252149 0.00370879 0.9998692  0.9998153  0.9996544
 0.99975973 0.999853  ]
[0.00311277 0.00181268 0.04651137 0.00278544 0.00245956 0.99986136
 0.9998235  0.99981385 0.99966335 0.9998628  0.0048335  0.00357945
 0.00324296 0.00231963 0.00212447 0.9998124  0.9997862  0.9994949
 0.9998659  0.99979526]
[0.00275276 0.00259941 0.05258206 0.0022803  0.00254626 0.9999188
 0.9998173  0.99986327 0.9998074  0.99980634 0.00604503 0.00407432
 0.00326866 0.00272258 0.00203714 0.9998186  0.9997775  0.99960345
 0.99976236 0.999814  ]
[0.00192466 0.00208806 0.10700712 0.00344067 0.00186442 0.9999194
 0.9998048  0.99981266 0.9997341  0.99981064 0.00254738 0.00278841
 0.00283636 0.00295775 0.00277457 0.99983525 0.9998534  0.99967444
 0.99984515 0.9997726 ]
[0.0024666  0.00241231 0.03857398 0.00462308 0.00231546 0.9999087
 0.9998258  0.99978894 0.9996954  0.99984634 0.00694    0.00246506
 0.00290094 0.00360841 0.00198101 0.99988115 0.99988496 0.99950516
 0.99987006 0.99981743]
[0.00235532 0.00189717 0.06828196 0.00444344 0.00196422 0.9998716
 0.9999106  0.9998872  0.9997662  0.9998216  0.00708075 0.00314276
 0.0049315  0.00235767 0.00191361 0.9998056  0.9998865  0.99961084
 0.9998104  0.9998542 ]
[0.00195768 0.00261965 0.04944273 0.00367717 0.00237801 0.99983644
 0.999793   0.9998367  0.9998567  0.9998903  0.00384657 0.0029765
 0.00356842 0.00335882 0.00192753 0.99976784 0.999838   0.99961203
 0.9997726  0.9998185 ]
[0.00196814 0.00204027 0.02465977 0.00409996 0.00220943 0.999858
 0.99979395 0.9998517  0.9998541  0.99987495 0.00861913 0.00277683
 0.00293807 0.00374238 0.00251573 0.99979097 0.9997373  0.9997565
 0.99985254 0.9997743 ]
[0.00238703 0.0018379  0.03389511 0.00298052 0.00189125 0.99986684
 0.9997993  0.99988794 0.99968207 0.9997614  0.00617049 0.00334478
 0.00343467 0.00177274 0.00184402 0.99984944 0.99987245 0.99954057
 0.99984705 0.99987054]
[0.00240803 0.0021247  0.06292168 0.00272599 0.00192975 0.9998398
 0.99984396 0.9998543  0.99981576 0.999879   0.00345598 0.00224058
 0.00443191 0.00229957 0.00174907 0.9998759  0.99980456 0.9997147
 0.9997472  0.999816  ]
[0.00249301 0.00190539 0.05303613 0.00372564 0.0017547  0.99981314
 0.9998035  0.99980944 0.99975616 0.999841   0.00231645 0.0021907
 0.00285073 0.00263824 0.00192937 0.9998536  0.99981374 0.9995086
 0.99979264 0.99984396]
[0.00183978 0.00200109 0.04575098 0.00382378 0.00220685 0.99984753
 0.99990976 0.99985206 0.99982363 0.99989283 0.00542233 0.00237877
 0.0037391  0.00344839 0.00185642 0.99987483 0.9997521  0.99971205
 0.9998337  0.9998367 ]
[0.00235648 0.00244013 0.05160595 0.00485587 0.0018812  0.9998307
 0.99981564 0.99984777 0.99980754 0.9998698  0.00862379 0.00190335
 0.00417052 0.00342508 0.00244053 0.99980074 0.99982953 0.99955815
 0.99976736 0.99978834]
[0.00295511 0.0024134  0.05937137 0.00445519 0.00184819 0.99987805
 0.9999107  0.99982184 0.9997203  0.999813   0.00735977 0.00310723
 0.00356178 0.00222839 0.00218424 0.9997811  0.9998716  0.9997009
 0.9998159  0.99984837]
[0.00295182 0.002262   0.03961558 0.00392971 0.00247573 0.9998815
 0.99985564 0.99988973 0.99984264 0.99986553 0.0060425  0.00246397
 0.00363339 0.00471186 0.00277832 0.99979943 0.9997913  0.99977726
 0.99980587 0.99976724]
[0.00258326 0.00222698 0.08665957 0.0036024  0.00193244 0.99982786
 0.9998877  0.9998605  0.9996971  0.9998449  0.00556064 0.00232657
 0.00337793 0.00386594 0.00134694 0.99985397 0.9998072  0.9996563
 0.99978477 0.99976987]
[0.00222072 0.0022405  0.04390775 0.00519674 0.00220586 0.99983346
 0.9998385  0.99987125 0.9997086  0.9998599  0.00798018 0.00331622
 0.00280428 0.00292856 0.00181865 0.9998683  0.9998305  0.9996226
 0.99986935 0.99981576]
[0.00331806 0.0019463  0.10144173 0.00369558 0.00193294 0.9998512
 0.99983597 0.9998753  0.9996867  0.99982697 0.00418531 0.00215722
 0.0028875  0.00201251 0.00239727 0.9998834  0.99983203 0.9997663
 0.99974436 0.99982077]
[0.00171983 0.00260062 0.02140286 0.00279903 0.00252872 0.99987936
 0.9998344  0.99987185 0.9996927  0.9997987  0.00494881 0.0036187
 0.00288383 0.00236411 0.00188205 0.99976605 0.99984086 0.9995752
 0.99979025 0.9998567 ]
[0.00239385 0.00203383 0.02035471 0.00406201 0.00191135 0.99988854
 0.999859   0.9998634  0.9998486  0.9998554  0.00520328 0.00466276
 0.00337282 0.0025755  0.00189824 0.9998504  0.99987674 0.9997086
 0.99982625 0.9998147 ]
[0.00214917 0.00203919 0.10459324 0.00392288 0.00186609 0.99988425
 0.9998822  0.9998454  0.9998018  0.9998154  0.00450701 0.00274856
 0.00211798 0.00411257 0.00176402 0.9998264  0.9998826  0.99975747
 0.99986136 0.9997904 ]
[0.00234843 0.00190078 0.0501398  0.00489396 0.00214214 0.99981993
 0.9998697  0.9998771  0.99983656 0.99981767 0.00619705 0.00187318
 0.00367416 0.0022535  0.00181421 0.9998072  0.9998179  0.99959177
 0.999739   0.9997913 ]
[0.00269143 0.00236376 0.02821163 0.00362032 0.00175901 0.9998957
 0.9998858  0.9998349  0.9996786  0.99988115 0.00643454 0.00253239
 0.00218439 0.00230076 0.00230222 0.99979204 0.9998795  0.9998055
 0.99982566 0.99976915]
[0.00207778 0.00183596 0.06904151 0.00324645 0.0028329  0.9998679
 0.99986076 0.9998729  0.9998149  0.9998221  0.00765235 0.00342733
 0.00478346 0.00435918 0.00186541 0.99984694 0.9997304  0.9997888
 0.9998172  0.9998685 ]
[0.00218526 0.00185171 0.02555761 0.00338189 0.00259658 0.9998653
 0.99989104 0.9998529  0.9998586  0.999835   0.00776389 0.00369213
 0.00288047 0.00252602 0.00251427 0.99976677 0.99976236 0.999668
 0.9997732  0.9998586 ]
[0.00260672 0.00201195 0.04900237 0.00349521 0.00224386 0.99983394
 0.9998579  0.99981385 0.99967504 0.99986005 0.00814796 0.00271102
 0.0035184  0.00393083 0.00327178 0.9998491  0.99977857 0.99974126
 0.9998343  0.9997527 ]
[0.00245735 0.0018443  0.05485715 0.00408459 0.00231472 0.9998784
 0.99981624 0.9999069  0.99980074 0.99980456 0.00301629 0.00336899
 0.00490856 0.00209619 0.00216556 0.99987996 0.99983203 0.9997342
 0.999853   0.9997987 ]
[0.00259062 0.00198523 0.03806021 0.00391047 0.00181598 0.99984944
 0.99989176 0.999887   0.99981886 0.9998441  0.00243829 0.00316433
 0.00240187 0.00214181 0.00179869 0.9998191  0.9998406  0.99973685
 0.999764   0.99985695]
[0.00248866 0.00189342 0.13732336 0.0036636  0.00173319 0.9999144
 0.9998951  0.99988246 0.9998472  0.9998739  0.01360254 0.00370671
 0.00260534 0.00321627 0.0016706  0.99980706 0.99974924 0.9997385
 0.99976736 0.99975234]
[0.0023681  0.00199404 0.02998187 0.00380593 0.00226644 0.9998355
 0.9998467  0.9998466  0.9998301  0.99986815 0.00448527 0.00537762
 0.00249608 0.00326581 0.00314532 0.9998834  0.99979836 0.99960333
 0.99986255 0.99987304]
[0.00236419 0.00209281 0.089711   0.00349346 0.00195479 0.99989104
 0.99986947 0.9997987  0.9998248  0.999798   0.00817043 0.00389802
 0.00341676 0.00249283 0.00171958 0.99981207 0.9997483  0.9997093
 0.99984455 0.9997886 ]
[0.00224842 0.00207054 0.05520092 0.00383641 0.00190188 0.9999037
 0.99987805 0.9999     0.99980193 0.9997683  0.00227152 0.00289373
 0.00334557 0.00198921 0.0032372  0.9998178  0.9997887  0.99974185
 0.9997924  0.9997836 ]
[0.00296705 0.00281772 0.04131423 0.00397153 0.00234427 0.9999012
 0.9998765  0.99986565 0.99972373 0.99981195 0.00803156 0.00292806
 0.00282775 0.00259867 0.00296962 0.9998491  0.9998553  0.99969816
 0.99984777 0.9998336 ]
[0.00185326 0.00233664 0.03827734 0.00385584 0.00231557 0.9998902
 0.99989665 0.9999012  0.9997261  0.99977475 0.00475725 0.00310029
 0.00347589 0.00187161 0.00253474 0.9998864  0.9997558  0.99965584
 0.999783   0.9998165 ]
[0.00273422 0.00183965 0.02232052 0.00302558 0.00178112 0.9998734
 0.9997949  0.99982774 0.9996909  0.99987364 0.0041157  0.00304577
 0.0030747  0.00296839 0.00187243 0.99982834 0.99981743 0.99976224
 0.9997867  0.99987054]
[0.00236113 0.00183899 0.04374372 0.00289172 0.00176211 0.9998524
 0.99982184 0.9998547  0.9998006  0.99983275 0.00475055 0.00325919
 0.00420419 0.00616485 0.00172444 0.99979264 0.99975306 0.9996057
 0.99987507 0.99980444]
[0.00267885 0.0022128  0.04231531 0.00364832 0.00216784 0.9998394
 0.9998585  0.9998832  0.9998405  0.99980634 0.00633747 0.00340709
 0.00282371 0.00371226 0.00191775 0.9998288  0.99981576 0.9995503
 0.9998493  0.9998654 ]
[0.00223311 0.00264283 0.04537762 0.0032832  0.00198632 0.9998111
 0.99983597 0.9998958  0.99979204 0.99986184 0.00730851 0.00269595
 0.00537858 0.00184584 0.00187129 0.99987435 0.9998666  0.9994733
 0.99988425 0.9998286 ]
[0.00306657 0.00178057 0.04754018 0.00316503 0.0024723  0.9998652
 0.99989414 0.9998361  0.9997322  0.99988556 0.00192272 0.00281205
 0.00346826 0.00552024 0.00213506 0.99989843 0.99988186 0.9996277
 0.99973303 0.99987197]
[0.00246572 0.00286189 0.05317285 0.00334204 0.00249184 0.99990284
 0.99988866 0.99989355 0.9998324  0.99985313 0.00402768 0.00353294
 0.00257034 0.00174876 0.00201508 0.9998834  0.9998287  0.999741
 0.9998542  0.99988985]
[0.00261768 0.00174975 0.04652876 0.00318326 0.00227458 0.99991035
 0.9998591  0.9998516  0.999678   0.9998313  0.00216811 0.00314815
 0.00417741 0.00307984 0.00328806 0.9998734  0.9998611  0.99956375
 0.99980015 0.99976474]
[0.00200732 0.00176186 0.03458771 0.0028404  0.00215428 0.999881
 0.9999025  0.9998989  0.9996985  0.9998956  0.00475153 0.00316342
 0.00229565 0.0023357  0.00185828 0.99981743 0.9997352  0.9995784
 0.9998597  0.9998841 ]
[0.0030749  0.00220199 0.04416346 0.00285819 0.00299756 0.99987495
 0.99984336 0.9998179  0.9996227  0.9998449  0.00744668 0.00289105
 0.00353106 0.00240049 0.00208265 0.9998565  0.9998431  0.9996686
 0.99984396 0.99982125]
[0.00263821 0.00187996 0.0406428  0.00309089 0.00201238 0.99983084
 0.99990296 0.99989295 0.999703   0.9998659  0.00183511 0.00306455
 0.00308768 0.00284574 0.00229395 0.99987423 0.99980587 0.9996468
 0.99984264 0.999889  ]
[0.00244357 0.00186404 0.06046606 0.00365741 0.0012075  0.99990046
 0.9998406  0.9998493  0.9996791  0.99988794 0.00182487 0.00262992
 0.00467895 0.00572014 0.00452886 0.9997805  0.9997881  0.99977547
 0.9998436  0.99974555]
[0.00247133 0.00176748 0.03944832 0.00352897 0.00264901 0.9998591
 0.9998467  0.99990714 0.9998085  0.9998179  0.00327222 0.00253993
 0.00368582 0.00351091 0.00210122 0.9998436  0.99980336 0.9996971
 0.9998419  0.99988437]
[0.00181972 0.00201112 0.05064615 0.00338478 0.00216833 0.99980825
 0.9998553  0.99989426 0.9996921  0.9998373  0.00622927 0.0028093
 0.00377923 0.00399663 0.00180285 0.9997974  0.9998766  0.9995828
 0.9997117  0.9998349 ]
[0.00316168 0.00215287 0.06397402 0.00353181 0.00204513 0.9998524
 0.9999062  0.99989676 0.999824   0.9998223  0.00595686 0.00328965
 0.00325026 0.00360658 0.00274535 0.99981755 0.99973685 0.99975437
 0.999819   0.99980205]
[0.00193548 0.00204174 0.03669268 0.00307727 0.00239662 0.99982977
 0.99979705 0.9997923  0.9996828  0.99980754 0.00489634 0.00422575
 0.00747798 0.00371095 0.00406949 0.9998217  0.999851   0.9995029
 0.9998534  0.99984014]
[0.00241412 0.00200954 0.04622975 0.00337652 0.0018451  0.99985456
 0.99987864 0.9998429  0.9997217  0.99989927 0.00624197 0.00250667
 0.00518879 0.00193481 0.0016544  0.99978787 0.9997856  0.99974185
 0.99984396 0.9998752 ]
[0.00287139 0.00184872 0.03249269 0.00408116 0.00223237 0.99980646
 0.9998541  0.9999094  0.9998185  0.99984586 0.00630788 0.0038301
 0.00473519 0.00185245 0.00261826 0.99979705 0.9998394  0.99981576
 0.9998355  0.9998017 ]
[0.00279973 0.00186331 0.0239898  0.00359559 0.0018052  0.99982613
 0.99984217 0.9998951  0.9996878  0.99976665 0.00542549 0.00368664
 0.00387776 0.00225651 0.00176795 0.9998271  0.999845   0.9996797
 0.99977416 0.9998729 ]
[0.00186846 0.00227405 0.04889859 0.00308279 0.0019114  0.9998115
 0.999848   0.9998957  0.99963295 0.9998803  0.00488993 0.00403503
 0.00235066 0.00250668 0.00192337 0.9997675  0.9998311  0.99978954
 0.9998216  0.9998166 ]
[0.00238794 0.00208626 0.03001613 0.00389772 0.00211381 0.99988735
 0.9998665  0.9998579  0.9997019  0.9997944  0.00382018 0.00299667
 0.00307413 0.00242081 0.00168402 0.9998379  0.99986005 0.99975663
 0.99981076 0.99984586]
[0.00324971 0.00196607 0.0889071  0.00349547 0.00181618 0.99980193
 0.9998975  0.99987686 0.9996785  0.99986875 0.00379267 0.00362542
 0.00376102 0.00204314 0.00180886 0.9998671  0.9997863  0.9996613
 0.99985814 0.99980396]
[0.00215151 0.00175477 0.03328983 0.00369682 0.00192341 0.99982375
 0.99982065 0.9998771  0.9997023  0.99985254 0.00598882 0.00373327
 0.00548867 0.0022778  0.0018163  0.9998779  0.9997962  0.99961
 0.999819   0.99982625]
[0.00219712 0.00185499 0.14904658 0.00409896 0.00229112 0.9998783
 0.99984837 0.99980766 0.9996816  0.99982613 0.00619116 0.00235137
 0.00316305 0.00206761 0.00252905 0.99984205 0.99978584 0.9997812
 0.9998709  0.9998067 ]
[0.00241333 0.00181126 0.02730386 0.00372168 0.00225624 0.9998679
 0.9998411  0.9998883  0.9998349  0.99977094 0.00495354 0.00245252
 0.00285902 0.00404774 0.00231479 0.99986076 0.99987876 0.999684
 0.99982834 0.99973375]
[0.00251518 0.00169706 0.03028409 0.00457843 0.00231835 0.9998611
 0.99983096 0.9998093  0.99980503 0.9998777  0.00767976 0.00267159
 0.00394103 0.00319073 0.00186456 0.999814   0.9998349  0.9997334
 0.99981743 0.999765  ]
[0.00285707 0.00196616 0.04069336 0.00507054 0.00187738 0.99982566
 0.9998429  0.999902   0.99973017 0.9997985  0.00464039 0.00397163
 0.0042793  0.00367017 0.00248312 0.99977475 0.9998611  0.99964595
 0.99979407 0.9998099 ]
[0.00214567 0.00242225 0.04778532 0.00344297 0.00204841 0.9998827
 0.99987483 0.9998     0.9998066  0.99976367 0.00404112 0.00254798
 0.00340879 0.00219174 0.00188541 0.99984074 0.9998648  0.9996916
 0.99984    0.99987376]
[0.00250714 0.0022594  0.21738794 0.00397905 0.00218802 0.99981874
 0.9998018  0.99979573 0.99982053 0.9998332  0.00708212 0.00400871
 0.00336881 0.00252442 0.00167467 0.99987614 0.9998698  0.9993783
 0.99983335 0.99977297]
[0.00241248 0.00222125 0.03431516 0.00381883 0.00208196 0.9998541
 0.9998776  0.9998467  0.9998524  0.9997973  0.00602573 0.00385262
 0.00609763 0.00373894 0.00203011 0.9998516  0.9998343  0.99977714
 0.9998524  0.999845  ]
[0.00293928 0.00203545 0.02279791 0.00290868 0.0018972  0.9998411
 0.9998727  0.99989057 0.99977475 0.99987113 0.00441332 0.00382339
 0.00265192 0.00361932 0.00190804 0.99983287 0.99973434 0.9995409
 0.99976283 0.99981505]
[0.00249332 0.00262971 0.06583079 0.00256061 0.00191041 0.99986005
 0.9998454  0.99987733 0.9996853  0.9998099  0.0077331  0.00245284
 0.00326734 0.00458506 0.00244608 0.9998888  0.99986553 0.999706
 0.99977225 0.999796  ]
[0.00245107 0.00199557 0.06117702 0.00397821 0.00235113 0.99983275
 0.9998747  0.9998902  0.9998274  0.99984145 0.00866381 0.00256372
 0.00323099 0.00232937 0.00176622 0.9997702  0.999828   0.99971527
 0.9998642  0.99988306]
[0.00230225 0.00192242 0.01456665 0.00286934 0.002711   0.9999037
 0.999882   0.999835   0.99982846 0.9998185  0.0037108  0.00343163
 0.00312884 0.00247391 0.00303359 0.9997495  0.99978334 0.99972683
 0.9997743  0.9998857 ]
[0.00193398 0.00212388 0.04915029 0.0022141  0.00172464 0.99989057
 0.99977607 0.9998079  0.9997029  0.99988115 0.00562466 0.00246227
 0.00408806 0.00274302 0.00254575 0.9997631  0.9997936  0.9996586
 0.99976915 0.99987495]
[0.00241005 0.00240061 0.0546378  0.00425271 0.00232237 0.9998192
 0.999869   0.99981934 0.99971014 0.9998041  0.00944348 0.00364975
 0.00397351 0.00324845 0.0023785  0.99984753 0.9998467  0.99961555
 0.9998     0.99979466]
[0.00224966 0.00194064 0.03366739 0.00298769 0.00220307 0.999846
 0.9998373  0.99988365 0.9996973  0.99984217 0.00529332 0.00369564
 0.00238028 0.00446698 0.00356566 0.9998579  0.99973243 0.9997336
 0.9998627  0.99985754]
[0.00249141 0.00180721 0.08500288 0.00416624 0.00181012 0.9998888
 0.99984086 0.99979633 0.99976593 0.9997695  0.01028847 0.00316025
 0.0057195  0.00212097 0.00185818 0.9998499  0.99983025 0.99965703
 0.99981004 0.9997603 ]
[0.0018975  0.00212905 0.04481653 0.00328155 0.0027211  0.9998658
 0.99990654 0.9998759  0.9997882  0.9998554  0.00333961 0.00313345
 0.00365612 0.00210058 0.00205685 0.99983    0.9998529  0.9997285
 0.9997719  0.9997702 ]
[0.00239123 0.00187    0.02758161 0.00380142 0.0022687  0.9998913
 0.9998677  0.9998267  0.9997588  0.9998692  0.00706471 0.00254703
 0.00318417 0.00185779 0.00179129 0.99977773 0.9998735  0.9996666
 0.99982375 0.999833  ]
[0.00195414 0.00267526 0.09470446 0.00375788 0.00213585 0.9998282
 0.9997993  0.9998691  0.9998186  0.99987173 0.00422472 0.00333795
 0.00505311 0.00396741 0.00271997 0.9997689  0.999853   0.99977726
 0.9997923  0.9998523 ]
[0.00198515 0.00218727 0.05286354 0.0036283  0.0022602  0.9998987
 0.9999002  0.99982387 0.9996798  0.9997949  0.00749696 0.00345009
 0.00446174 0.00391877 0.00391509 0.9998939  0.9998807  0.99975795
 0.99981135 0.99983704]
[0.00175555 0.00218995 0.06037682 0.00386052 0.00192585 0.99982125
 0.99984527 0.99988246 0.9997154  0.99980026 0.00480567 0.00359849
 0.00300913 0.00205792 0.00195962 0.9998301  0.9997638  0.99973696
 0.99975055 0.99983394]
[0.00217129 0.00242614 0.03221314 0.00245288 0.00205252 0.99989605
 0.9998882  0.9999032  0.99984634 0.9998373  0.00459099 0.00310833
 0.00283417 0.00245821 0.00178281 0.99975747 0.9998759  0.9996855
 0.9998128  0.9997774 ]
[0.0023505  0.00263141 0.07925805 0.00311533 0.00266872 0.9998288
 0.999876   0.9998635  0.99984515 0.9998357  0.00474415 0.00397785
 0.00338086 0.00486051 0.00259998 0.9998801  0.9997913  0.9997876
 0.99975723 0.9997969 ]
[0.00286604 0.00232365 0.04002534 0.00406044 0.00191405 0.9998795
 0.99980766 0.99984014 0.9998166  0.9998586  0.00532306 0.0038006
 0.00465381 0.00387247 0.00226455 0.99984396 0.9997304  0.99962187
 0.9997787  0.9998629 ]
[0.00217266 0.00261011 0.04948386 0.00335867 0.00212054 0.99980706
 0.99981135 0.9998611  0.99981374 0.999838   0.01042338 0.00432582
 0.00626869 0.00205906 0.00196975 0.999861   0.9998752  0.99954885
 0.9998467  0.99976486]
[0.00247113 0.00204139 0.08917014 0.00436872 0.00202793 0.9998585
 0.9998292  0.9998779  0.9997845  0.9998696  0.0090431  0.00360768
 0.00307696 0.00247623 0.00183856 0.9998229  0.9998665  0.9996928
 0.99984527 0.999863  ]
[0.00241262 0.00237841 0.04500763 0.00246005 0.00201152 0.999821
 0.9998648  0.9998147  0.99971825 0.99978036 0.00384585 0.00322672
 0.00488587 0.00214956 0.00183676 0.99988616 0.9997857  0.9996979
 0.99974614 0.9998579 ]
[0.00205819 0.00212928 0.04957108 0.00399314 0.00236752 0.99987686
 0.99981195 0.9998493  0.9997937  0.999871   0.00695332 0.00326216
 0.00527155 0.0019     0.0023418  0.99980325 0.9998853  0.999676
 0.999869   0.99987984]
[0.00216374 0.00245804 0.05987027 0.00285436 0.00199695 0.9998055
 0.99990046 0.9998654  0.9997044  0.99978656 0.00539297 0.0021918
 0.00325522 0.0027834  0.00344135 0.99984646 0.99984837 0.9998141
 0.9998584  0.99983525]
[0.00217003 0.00240784 0.03231093 0.00471763 0.00290353 0.99989784
 0.99987686 0.9998435  0.999785   0.999814   0.0046768  0.00275344
 0.00348498 0.00244488 0.00248485 0.9998348  0.9998036  0.99966145
 0.99974316 0.9997955 ]
[0.00206502 0.00199355 0.07603056 0.00363617 0.00196486 0.9999188
 0.99989235 0.9999031  0.99983263 0.999775   0.00660703 0.00307648
 0.00570183 0.00235274 0.00192027 0.99987054 0.99976915 0.9996606
 0.9997962  0.99986804]
[0.00203401 0.00189595 0.03349737 0.00215043 0.00186369 0.999889
 0.99990237 0.99981934 0.99972624 0.9998877  0.00796754 0.00318926
 0.00386301 0.00328118 0.00188045 0.99988544 0.99982446 0.9996816
 0.999808   0.9998234 ]
[0.00219903 0.00210522 0.06776688 0.00360942 0.00238243 0.9999013
 0.9998785  0.9998242  0.9997223  0.99985373 0.00411585 0.00261892
 0.00498711 0.00356954 0.00325792 0.9998325  0.9998072  0.99974245
 0.9998597  0.99985754]
[0.00262254 0.00182867 0.07509495 0.00357686 0.00191521 0.99989724
 0.99980325 0.99980336 0.9998423  0.99989414 0.00510312 0.0037702
 0.00356061 0.00226658 0.00157441 0.9997508  0.9997818  0.9996389
 0.99977344 0.9997888 ]
[0.00193933 0.00180685 0.06965717 0.0030899  0.00300099 0.9998504
 0.9998     0.9998061  0.99966335 0.99978095 0.00491549 0.00351189
 0.00187681 0.00325807 0.0028588  0.99988425 0.9997694  0.9995016
 0.99973243 0.9998728 ]
[0.00228231 0.00194979 0.03345335 0.00368327 0.00276761 0.9999001
 0.9998994  0.9998703  0.99983764 0.99984777 0.00217662 0.00349587
 0.00422996 0.00345474 0.00227396 0.999764   0.9997873  0.99975485
 0.9998522  0.9998766 ]
[0.00221313 0.00193777 0.02168017 0.0037652  0.00201351 0.99989164
 0.9998778  0.99988043 0.9996896  0.9997918  0.00555976 0.00343585
 0.00281845 0.00179675 0.00439022 0.99981064 0.9997942  0.99970764
 0.99980205 0.99988484]
[0.00222685 0.00242594 0.06412434 0.00413936 0.0022109  0.99986386
 0.9998487  0.9998889  0.99967337 0.9998863  0.00567372 0.00273728
 0.00301897 0.00187293 0.0022894  0.999869   0.99981874 0.9996141
 0.99981624 0.99985313]
[0.00286638 0.0021912  0.05715165 0.00269318 0.00230327 0.99989617
 0.99981195 0.9998041  0.99970967 0.99986374 0.00775081 0.00319619
 0.00372407 0.00457747 0.00161454 0.9998628  0.9998561  0.99969256
 0.9998454  0.9998479 ]
[0.00251997 0.00193207 0.0328573  0.00429387 0.00242696 0.9998716
 0.9998878  0.99990857 0.9996921  0.9998078  0.00402806 0.00264084
 0.0024662  0.00251072 0.00170282 0.9998323  0.9997757  0.9996997
 0.99985003 0.99982846]
