[0.00250753 0.00209237 0.02333188 0.00485583 0.00202352 0.99988425
 0.9998884  0.99985874 0.9998356  0.9998963  0.00592047 0.00256147
 0.00372963 0.00199133 0.00169489 0.9997938  0.99986327 0.9996333
 0.9997317  0.9997459 ]
[0.00184208 0.00178343 0.01726893 0.00308357 0.00214165 0.9998882
 0.99984145 0.9998896  0.9997745  0.9997931  0.00374575 0.00340468
 0.00342107 0.00264177 0.00216755 0.99986446 0.9998609  0.99968076
 0.9998267  0.99980587]
[0.00234247 0.00229198 0.02256544 0.0031228  0.00228654 0.9998023
 0.99989295 0.9998229  0.9996507  0.999874   0.00728448 0.00331903
 0.00391607 0.00302991 0.00214501 0.99984753 0.9997851  0.9995276
 0.9998785  0.99978334]
[0.00225916 0.00228274 0.01495103 0.00564254 0.00242314 0.9998673
 0.9998883  0.9998741  0.9998011  0.9998479  0.00290886 0.00458177
 0.00337016 0.0026851  0.00183089 0.99983966 0.9998292  0.9997985
 0.99979585 0.9998803 ]
[0.00247758 0.00214546 0.01078027 0.0056987  0.00183618 0.9998909
 0.9998098  0.99990726 0.9997943  0.9998066  0.00482679 0.0018954
 0.00344215 0.00359501 0.002936   0.99987936 0.9997336  0.99974066
 0.9998764  0.9998758 ]
[0.00259613 0.00202311 0.01614129 0.002633   0.00185706 0.9999131
 0.99986565 0.99987495 0.99977916 0.99988556 0.00392448 0.00376707
 0.00292728 0.00462131 0.00180481 0.99982846 0.9997987  0.9996985
 0.9997292  0.9998282 ]
[0.00255497 0.00206124 0.00877657 0.00353397 0.00231918 0.9998859
 0.99990964 0.9998124  0.99978703 0.9998122  0.00368235 0.00345218
 0.00613366 0.00361054 0.00197051 0.99988246 0.9998654  0.99960953
 0.99980396 0.9998172 ]
[0.00215814 0.0020334  0.02567755 0.00386932 0.00201368 0.9998254
 0.9999076  0.99987006 0.9996216  0.99978095 0.00401243 0.00299572
 0.00343021 0.00411897 0.00170022 0.9998821  0.99984    0.9997428
 0.9998828  0.9998715 ]
[0.0020655  0.00258465 0.04517041 0.00226862 0.00196162 0.99986076
 0.9998294  0.99989045 0.999778   0.99983525 0.00599314 0.00349331
 0.003841   0.00195464 0.00175812 0.9998155  0.9997814  0.99962044
 0.9998753  0.99988985]
[0.00354574 0.00217054 0.02592475 0.00437543 0.00202071 0.99989283
 0.99980015 0.99990153 0.9997124  0.999813   0.00484574 0.00200485
 0.0023046  0.00262169 0.00460402 0.99987125 0.99987006 0.99978346
 0.99979347 0.99984336]
[0.00233056 0.00231843 0.04270046 0.00459344 0.00206854 0.99977916
 0.99981636 0.99984396 0.9997148  0.99987006 0.0059312  0.00177479
 0.00228101 0.00182763 0.00226238 0.99987614 0.9998186  0.9996191
 0.99986136 0.99979514]
[0.00325444 0.0025518  0.03390115 0.00459127 0.00207659 0.9999105
 0.9998834  0.9997985  0.9996557  0.99984515 0.008168   0.00186475
 0.00257815 0.00314929 0.00201382 0.999843   0.99988353 0.99977916
 0.9998497  0.9998572 ]
[0.00242435 0.00187716 0.01123811 0.00231994 0.00206295 0.99986684
 0.99988747 0.9998634  0.99980265 0.9998086  0.00491664 0.00311668
 0.00327218 0.00311699 0.00310729 0.99976784 0.99984205 0.9997869
 0.99979824 0.9998042 ]
[0.00285401 0.00191988 0.05238402 0.00359982 0.00199546 0.9998977
 0.99988616 0.99985075 0.99975425 0.9998087  0.00769942 0.00215831
 0.00220673 0.00320382 0.00158211 0.99985147 0.99977297 0.9996039
 0.9997588  0.99981695]
[0.00228735 0.00188205 0.03112704 0.00367967 0.00183747 0.9999101
 0.99983585 0.99988246 0.99975365 0.99988496 0.00237907 0.00254449
 0.00306357 0.00233601 0.00198731 0.9998178  0.9998573  0.9996358
 0.9998253  0.99982446]
[0.00235657 0.00210578 0.021577   0.00418787 0.00268773 0.9997999
 0.9998766  0.99979705 0.99985194 0.99984336 0.00533917 0.00243287
 0.00470048 0.00394064 0.00312575 0.9998431  0.9997861  0.99978346
 0.9998692  0.9998053 ]
[0.00187471 0.00187026 0.02761791 0.00195506 0.0018802  0.99990165
 0.99986756 0.9998467  0.9997719  0.9998272  0.00383677 0.00298494
 0.00383431 0.003949   0.00202427 0.9998217  0.9997292  0.9996983
 0.99981314 0.9998385 ]
[0.00210817 0.00191483 0.01906509 0.00368513 0.00210218 0.9997938
 0.9997944  0.9997923  0.99970204 0.9998939  0.0023257  0.00386092
 0.0037939  0.00320759 0.00255086 0.99982315 0.9997669  0.99972004
 0.9998418  0.9998869 ]
[0.00178261 0.00183883 0.01159127 0.00625287 0.0017582  0.9998361
 0.9998153  0.99984574 0.99971336 0.9998288  0.00356922 0.00395204
 0.00310321 0.00296144 0.00243211 0.9998523  0.99983025 0.9995802
 0.9997116  0.99977523]
[0.00193114 0.00180768 0.02711    0.00340694 0.00211861 0.99988055
 0.9998956  0.9998424  0.99976844 0.999889   0.00488284 0.00324488
 0.00284062 0.00275011 0.00191958 0.9998641  0.9998653  0.9997019
 0.99980456 0.9998338 ]
[0.00235656 0.00184349 0.0259985  0.00306616 0.00188793 0.9998654
 0.999788   0.99990475 0.9997352  0.99989665 0.00544367 0.0017981
 0.00271552 0.00324757 0.00291096 0.9997718  0.999833   0.99969816
 0.99975663 0.99986804]
[0.00326552 0.00269902 0.02374415 0.00504492 0.00212769 0.99987626
 0.99979526 0.99980515 0.99985945 0.999887   0.00626789 0.00385165
 0.00293619 0.00199574 0.00195485 0.9998443  0.9998692  0.9997451
 0.9997676  0.9997627 ]
[0.00235769 0.00291039 0.03370622 0.00380135 0.00267146 0.99987566
 0.99987984 0.99982566 0.99976104 0.99986947 0.00472387 0.00341326
 0.00370509 0.00576661 0.00287331 0.99977833 0.99976796 0.99979883
 0.9997603  0.9998216 ]
[0.00207198 0.0025901  0.01729575 0.00257817 0.0017695  0.9998994
 0.99983823 0.9998958  0.9998467  0.99983656 0.00492513 0.00172914
 0.00398117 0.00196075 0.00274858 0.9997775  0.99987185 0.9996295
 0.99984455 0.9998715 ]
[0.002195   0.00197013 0.0146142  0.00457591 0.00179358 0.99981993
 0.99980205 0.9998221  0.9998523  0.99984324 0.00219818 0.00332627
 0.00301278 0.0033689  0.00213496 0.99979955 0.99987066 0.999622
 0.99979    0.9997936 ]
[0.0023416  0.00201021 0.01715258 0.00435791 0.00175513 0.99984765
 0.99986327 0.9998777  0.9998016  0.9998184  0.00368167 0.00241777
 0.00310353 0.00361571 0.0026876  0.99983704 0.999816   0.99973863
 0.99987316 0.9998079 ]
[0.00239177 0.00261289 0.01190328 0.00420037 0.00217214 0.9998958
 0.9997887  0.9999031  0.9997348  0.99983823 0.0113691  0.00265812
 0.00310374 0.00234839 0.00198221 0.9998505  0.9998847  0.99959594
 0.99975115 0.9998234 ]
[0.00226306 0.00181803 0.04485563 0.00392017 0.00194543 0.99987113
 0.99982846 0.99986005 0.9996891  0.9997583  0.00574491 0.00328761
 0.00299136 0.00274911 0.00190157 0.9998078  0.9998765  0.9996426
 0.99984455 0.9998585 ]
[0.00198727 0.00255823 0.01644833 0.00416184 0.00197516 0.99986887
 0.99979204 0.99987245 0.9997836  0.9998431  0.00436131 0.00328706
 0.00543105 0.00315989 0.00203515 0.9998938  0.9998729  0.9996474
 0.9997812  0.9998903 ]
[0.00247386 0.00245589 0.01599186 0.00188102 0.00179318 0.9998568
 0.99990153 0.99987876 0.9997496  0.99983215 0.00184513 0.00193419
 0.00310466 0.00212515 0.00198831 0.9998611  0.9998518  0.9996099
 0.9998348  0.9998561 ]
[0.00299474 0.00192454 0.02777627 0.00331664 0.00236891 0.999785
 0.9998579  0.99989426 0.99966013 0.99979085 0.00470316 0.00403335
 0.00657909 0.00195893 0.00344455 0.9998771  0.9998871  0.9994593
 0.99981517 0.9998073 ]
[0.00227872 0.00210888 0.0197631  0.00415263 0.00197234 0.99980205
 0.9999049  0.9998698  0.9996766  0.99983335 0.0033231  0.00265441
 0.00308965 0.00320544 0.00209292 0.99979    0.99985397 0.9996363
 0.99987936 0.99979335]
[0.00277158 0.0019187  0.0157178  0.00305524 0.00198749 0.9997874
 0.9998745  0.99984634 0.9998179  0.99980134 0.00339359 0.00325993
 0.00653337 0.00533527 0.00202538 0.9998516  0.99972266 0.9998274
 0.9998499  0.9997614 ]
[0.00253533 0.00228331 0.02430391 0.00367024 0.00216437 0.9998431
 0.99985874 0.99988246 0.9998276  0.999806   0.00494151 0.00345179
 0.0028077  0.00364553 0.00236008 0.9998275  0.99987245 0.99976116
 0.99978644 0.9998029 ]
[0.0026339  0.00202652 0.01877868 0.00323192 0.00229536 0.9998492
 0.9998913  0.999908   0.9998344  0.99977237 0.00376508 0.00351546
 0.00239708 0.00358124 0.00223359 0.99975866 0.9998847  0.9995245
 0.9998368  0.99981946]
[0.00290955 0.00191616 0.01880029 0.00331317 0.00220354 0.99978477
 0.99985456 0.9998215  0.99979764 0.999876   0.00756903 0.0025255
 0.00300905 0.00349786 0.00171046 0.9998404  0.99984825 0.99966526
 0.99973315 0.9997708 ]
[0.00250459 0.0022569  0.02247031 0.00401966 0.00217427 0.99985754
 0.9998454  0.99983835 0.99981135 0.99989796 0.00864182 0.00242488
 0.00419843 0.00372089 0.00207975 0.99989855 0.99983287 0.9996848
 0.99970204 0.9997918 ]
[0.00225804 0.00204349 0.04479051 0.00363022 0.00209257 0.9998574
 0.99986136 0.99984896 0.99979764 0.9998381  0.00422675 0.00353061
 0.00467867 0.00406386 0.00338159 0.99982953 0.99981576 0.99957186
 0.99979824 0.9997677 ]
[0.00238278 0.00243456 0.01494938 0.00365986 0.00243336 0.9999083
 0.99988925 0.9997844  0.99974364 0.99985635 0.00378159 0.00348907
 0.005898   0.00277973 0.0020359  0.99986935 0.99988806 0.999488
 0.9997472  0.99983644]
[0.00201035 0.00193125 0.0174842  0.00378466 0.00236374 0.9998241
 0.99990153 0.9998585  0.99976856 0.9998609  0.00285358 0.00367884
 0.00286112 0.00232084 0.00379633 0.9998023  0.99986637 0.9996542
 0.9997241  0.9997913 ]
[0.00189301 0.00177307 0.0246658  0.00327736 0.00205521 0.99981064
 0.9998012  0.99987185 0.99969506 0.99989915 0.00451898 0.00262299
 0.00481779 0.00478151 0.00391613 0.99983716 0.9997595  0.9996289
 0.9998198  0.9998826 ]
[0.00261678 0.00184417 0.02083714 0.00364219 0.0021698  0.9998448
 0.9998907  0.999874   0.9997565  0.9998031  0.01015555 0.0034964
 0.00275515 0.00201154 0.00257431 0.9997557  0.99989367 0.9995078
 0.9997656  0.99986064]
[0.00193788 0.00214223 0.01325108 0.00246919 0.00189514 0.99980825
 0.99989593 0.99989116 0.99981934 0.9998914  0.00607906 0.00272709
 0.00251298 0.00323168 0.00170297 0.99986327 0.9998759  0.9997696
 0.9997725  0.99987185]
[0.00204765 0.00205474 0.0216494  0.00369453 0.00172158 0.99980277
 0.99986494 0.9998549  0.9997067  0.9998902  0.00479541 0.00369269
 0.00312208 0.00243004 0.0023173  0.9997781  0.99979776 0.99971896
 0.99977237 0.9998536 ]
[0.00203031 0.00185713 0.03852243 0.00378522 0.0024204  0.99980587
 0.9998523  0.9998355  0.99976844 0.9998343  0.00640537 0.00386606
 0.00341459 0.00198275 0.00451849 0.9998203  0.9998561  0.9997217
 0.9998165  0.99985135]
[0.00221323 0.00194921 0.03015869 0.00410643 0.00269715 0.9998888
 0.9998865  0.99981433 0.99980515 0.99988437 0.0108206  0.00243575
 0.00472677 0.00177081 0.00205501 0.9998822  0.9997539  0.99961483
 0.99978715 0.9997856 ]
[0.00216604 0.00189616 0.05014744 0.00464837 0.00195633 0.9998715
 0.9998388  0.9998574  0.99974674 0.9997844  0.00397901 0.00274616
 0.0028969  0.00162909 0.00204957 0.9998903  0.99974984 0.99978465
 0.99986696 0.999775  ]
[0.00269272 0.00233547 0.01004866 0.00380523 0.00245098 0.99982846
 0.99980646 0.9998752  0.99967456 0.99987614 0.0039344  0.00352049
 0.00297246 0.00200038 0.00210733 0.99980634 0.99986017 0.99958736
 0.99972874 0.99974185]
[0.00245143 0.00170654 0.02865779 0.00361313 0.00194693 0.9998167
 0.9997936  0.9998975  0.99973804 0.9997774  0.00557614 0.00270221
 0.0025529  0.00282736 0.00171967 0.9998424  0.9997974  0.99977905
 0.99974424 0.9997862 ]
[0.00243309 0.0023649  0.02191569 0.0034659  0.00217225 0.9998399
 0.9998011  0.99988914 0.99979705 0.9998361  0.00393814 0.00284412
 0.00406756 0.00303433 0.00212157 0.9998305  0.9997799  0.99966323
 0.99975747 0.99985015]
[0.00275358 0.00258691 0.0289418  0.00339891 0.00244837 0.9997981
 0.99983096 0.99981815 0.99977225 0.9998622  0.00417411 0.00395583
 0.00400881 0.00294889 0.00219083 0.99984586 0.9998148  0.9997409
 0.9997693  0.99980134]
[0.00314484 0.0022901  0.0218502  0.00394554 0.00243193 0.9998116
 0.99984026 0.99978274 0.9996792  0.99987817 0.00507709 0.00262264
 0.00329997 0.00354769 0.00185709 0.99986243 0.99985516 0.99966395
 0.99978644 0.99987113]
[0.00199383 0.00205799 0.0116643  0.0035432  0.00206508 0.9998584
 0.9998604  0.9998006  0.9996618  0.9997974  0.00417817 0.00374761
 0.00364349 0.00195041 0.00242285 0.999861   0.99973077 0.9997638
 0.9997832  0.9998406 ]
[0.00305733 0.00234976 0.01865857 0.00390143 0.00241748 0.99987686
 0.9999008  0.9998363  0.9997669  0.9999008  0.00647921 0.00281343
 0.00252496 0.00243925 0.00205783 0.99981266 0.99974626 0.99955136
 0.99988246 0.9998061 ]
[0.00257587 0.00199298 0.0165439  0.00316374 0.00250082 0.9998642
 0.999856   0.9998598  0.9998418  0.9998528  0.00507433 0.00249363
 0.00275563 0.00242951 0.00187117 0.99981743 0.9998479  0.99979824
 0.9998006  0.9998859 ]
[0.00211653 0.00183779 0.02524144 0.00328113 0.00232912 0.99978715
 0.99982697 0.99980956 0.9997969  0.9998441  0.00193178 0.00191608
 0.0029298  0.00214965 0.00208235 0.999869   0.9998178  0.9995191
 0.99988043 0.99982363]
[0.00177556 0.00185252 0.01747222 0.00472492 0.00194388 0.99979717
 0.99979824 0.99980193 0.9997553  0.99982053 0.00519859 0.00205975
 0.00206461 0.00267089 0.00232159 0.9998355  0.99987745 0.9997342
 0.9998636  0.9998863 ]
[0.00317613 0.00238801 0.04212589 0.00355291 0.00195445 0.999813
 0.9999095  0.9998542  0.99976724 0.99976224 0.00704163 0.00428616
 0.00469048 0.00404288 0.00204527 0.9998896  0.9997956  0.9996468
 0.9998497  0.9997445 ]
[0.00338292 0.00211099 0.02590543 0.00332852 0.00250481 0.99985564
 0.99985385 0.99990904 0.9997162  0.9998826  0.00716929 0.00284141
 0.00349935 0.00190695 0.00171855 0.99986887 0.9998317  0.99949265
 0.9997719  0.9997907 ]
[0.00226996 0.00281146 0.0243612  0.00372644 0.00225504 0.9999002
 0.9998927  0.99983084 0.99976546 0.99988484 0.00875935 0.00309098
 0.00374601 0.00248884 0.00229373 0.9998344  0.99984026 0.99964833
 0.9998117  0.99987864]
[0.00265963 0.00172262 0.0163237  0.0031102  0.00247287 0.9998772
 0.999806   0.99986684 0.99981016 0.9997882  0.00491422 0.00242783
 0.00350134 0.00268648 0.00267805 0.9998111  0.9997943  0.9995907
 0.9998404  0.9998516 ]
[0.00264961 0.00235042 0.01072788 0.00325308 0.00180736 0.9998801
 0.9998154  0.99986017 0.9998307  0.9998933  0.00542718 0.00259211
 0.0049783  0.00205497 0.00183288 0.99985075 0.99982005 0.999668
 0.99983776 0.9997496 ]
[0.00211983 0.00202411 0.03898932 0.0025273  0.00225962 0.99985063
 0.9998795  0.999795   0.9996983  0.9998541  0.00509202 0.00316269
 0.00327251 0.0028782  0.00142716 0.99977285 0.999882   0.99975985
 0.99982125 0.99987864]
[0.00282936 0.00206987 0.01650474 0.00371296 0.00334952 0.9998815
 0.9997898  0.999783   0.9997279  0.9998584  0.00840723 0.00489611
 0.00515027 0.00186678 0.00279247 0.999863   0.9997811  0.99966884
 0.9997187  0.9998379 ]
[0.00253977 0.00219409 0.03467892 0.00312998 0.00337155 0.99981445
 0.9998809  0.9998932  0.99970657 0.9998467  0.00463244 0.0033936
 0.00330831 0.00206799 0.00202316 0.9998136  0.9998068  0.9996075
 0.9997955  0.99982077]
[0.00193645 0.00208414 0.01506896 0.00381527 0.00275965 0.99987495
 0.9998499  0.99978644 0.999696   0.9998983  0.00621227 0.00261267
 0.00529912 0.00185198 0.00215104 0.99983513 0.9998275  0.99956495
 0.9998056  0.99983704]
[0.00267061 0.00192038 0.00966137 0.0032401  0.00181781 0.999811
 0.99987113 0.99979204 0.9996506  0.9997675  0.00513547 0.00491139
 0.00400839 0.00426101 0.00351528 0.99988306 0.9998609  0.9996879
 0.9997563  0.99984884]
[0.00222703 0.00216269 0.02115723 0.00323036 0.00211427 0.9998679
 0.9998971  0.99979943 0.99983287 0.99988246 0.00387471 0.00190023
 0.00386558 0.0020954  0.00243924 0.9998549  0.99983764 0.9996543
 0.99977297 0.99984443]
[0.00290459 0.00221963 0.0126157  0.0046123  0.00196387 0.99981207
 0.99989533 0.9998709  0.9998167  0.99977726 0.00325387 0.0035637
 0.0035371  0.00311295 0.00474766 0.99981755 0.99982977 0.9996847
 0.9998667  0.9998907 ]
[0.00254351 0.00183212 0.01910431 0.00233339 0.00190352 0.9998098
 0.9998388  0.9999018  0.99982077 0.9997793  0.00333656 0.00189965
 0.00263938 0.00216962 0.00348258 0.9998803  0.99981016 0.9997811
 0.999881   0.99988675]
[0.00277156 0.00223401 0.02212297 0.00247808 0.00197224 0.99983585
 0.9998963  0.99987555 0.9998548  0.9997925  0.00433903 0.00372507
 0.0035754  0.00206795 0.00193767 0.9998332  0.9997718  0.99960965
 0.99981207 0.9997782 ]
[0.0022092  0.00273151 0.02021515 0.00319654 0.00187653 0.9998068
 0.9998528  0.9998276  0.99969244 0.99979514 0.00258793 0.00283736
 0.00297561 0.00180717 0.00305269 0.99986744 0.9997774  0.99957925
 0.9998217  0.9998292 ]
[0.00205812 0.00232352 0.01456091 0.00328002 0.00289775 0.9998541
 0.99984026 0.9998772  0.99981254 0.99989355 0.00608743 0.00206467
 0.00272645 0.00272375 0.00261094 0.9997708  0.9998418  0.9996948
 0.9997657  0.99983084]
[0.00288469 0.00192976 0.01621463 0.00225418 0.00271832 0.999783
 0.9998635  0.99989986 0.9997646  0.99989736 0.00604509 0.00189667
 0.0043889  0.00201018 0.00271858 0.99982685 0.9997657  0.99967253
 0.99984956 0.9998641 ]
[0.00217116 0.0022237  0.00821355 0.00370306 0.00219508 0.99987054
 0.9998468  0.9998066  0.9997987  0.9998859  0.00823622 0.00375365
 0.00356455 0.00215122 0.00186571 0.99976677 0.9997633  0.999419
 0.9997464  0.99987066]
[0.00238497 0.00192214 0.04939629 0.00376074 0.00207307 0.99987423
 0.9998857  0.99987257 0.99964213 0.99975973 0.00942079 0.00251978
 0.00216882 0.00563498 0.00189473 0.999754   0.99984777 0.99960536
 0.9998474  0.99985516]
[0.00324776 0.00214973 0.01722013 0.00351006 0.00240067 0.9998454
 0.9998242  0.99987173 0.9998128  0.9998909  0.00653173 0.00197796
 0.00349347 0.00496598 0.00292398 0.9998141  0.9998846  0.9995308
 0.9997924  0.99983215]
[0.00254374 0.00196339 0.01690629 0.0030297  0.00222416 0.99990773
 0.9998591  0.999869   0.9997495  0.9998393  0.00284372 0.00473547
 0.00346062 0.00393315 0.00173799 0.99987817 0.9997532  0.99964285
 0.9998523  0.9998355 ]
[0.00260831 0.00200535 0.02347962 0.00457473 0.00288424 0.99989986
 0.9998522  0.99983335 0.9998331  0.9998305  0.00724549 0.00493609
 0.00311142 0.00263862 0.00214679 0.9998833  0.9997955  0.99962413
 0.9998149  0.99988854]
[0.00246793 0.0020632  0.02772452 0.00357608 0.00174034 0.9999052
 0.99991095 0.99989617 0.9997863  0.99987984 0.00467308 0.00233376
 0.00529124 0.00351636 0.00179953 0.9998498  0.9998202  0.9995301
 0.99985397 0.9998621 ]
[0.00201256 0.00200973 0.02609177 0.00353052 0.00208378 0.9998011
 0.999905   0.9998956  0.99967813 0.99987423 0.00557367 0.002638
 0.00672965 0.00529943 0.00175566 0.9998629  0.9998404  0.99975234
 0.9998247  0.9997882 ]
[0.0026551  0.00223314 0.03214152 0.00374547 0.00208646 0.9998932
 0.9999019  0.99984145 0.9998209  0.99980026 0.00519967 0.0025875
 0.00388226 0.00212624 0.00280424 0.99978215 0.99983203 0.99966955
 0.9997465  0.9998472 ]
[0.00262564 0.00188141 0.03477633 0.00353468 0.00191438 0.99983263
 0.9998419  0.9998485  0.99970514 0.99981683 0.00274632 0.00298548
 0.00327048 0.00199716 0.00173912 0.99987805 0.99987173 0.99964094
 0.99983394 0.99978596]
[0.00263139 0.00195361 0.0219092  0.00243796 0.00207137 0.99982005
 0.9998246  0.99985504 0.99975353 0.99989176 0.00529619 0.00308052
 0.00346541 0.00456966 0.00413639 0.9998989  0.99983084 0.99969506
 0.9998054  0.9998826 ]
[0.00217662 0.00183512 0.01287912 0.00257566 0.00204313 0.99990714
 0.99987996 0.99990785 0.9997497  0.99986947 0.00659323 0.00283357
 0.00350422 0.00375791 0.0016238  0.9998776  0.99976045 0.9997514
 0.9997607  0.9998858 ]
[0.00202883 0.00205828 0.02749677 0.00292554 0.00206427 0.9998338
 0.9998765  0.9998542  0.9998412  0.999795   0.00224183 0.00263101
 0.00335252 0.00246199 0.0019073  0.99988127 0.99980813 0.9996995
 0.9998609  0.9998518 ]
[0.00329639 0.00199909 0.03329441 0.00373891 0.00207065 0.9998696
 0.9997869  0.9998375  0.9997689  0.9998485  0.00911462 0.00316353
 0.00341264 0.0019682  0.00439956 0.99988186 0.9998017  0.99965453
 0.99981016 0.9998647 ]
[0.00263145 0.00276516 0.01765937 0.00327539 0.00212791 0.9998822
 0.9997807  0.9998573  0.9998155  0.9997714  0.00430349 0.00304091
 0.0046759  0.00262978 0.00206278 0.9998387  0.9998313  0.9996923
 0.99975353 0.9998591 ]
[0.0020462  0.00242613 0.02375679 0.00298883 0.001835   0.9998578
 0.99987316 0.99981314 0.99982685 0.99983025 0.00518984 0.00256088
 0.00260943 0.00186295 0.00177487 0.99986005 0.999876   0.99969184
 0.99986994 0.9998522 ]
[0.00227888 0.00182663 0.03969188 0.00388971 0.0018746  0.99989605
 0.9998599  0.99989617 0.9998324  0.99989986 0.00671566 0.00189734
 0.00330497 0.00206076 0.00180686 0.99984    0.9998888  0.9995932
 0.9997439  0.9997937 ]
[0.00288916 0.00242365 0.01807155 0.00337322 0.00181989 0.9998029
 0.999841   0.9998388  0.99981123 0.99985874 0.00304364 0.0024414
 0.00363404 0.00338572 0.00219448 0.9998838  0.9998066  0.99973005
 0.9998018  0.9998223 ]
[0.00181461 0.00266346 0.01709374 0.00234748 0.00196308 0.99990237
 0.999824   0.99990857 0.9998456  0.9998031  0.00564303 0.00258913
 0.00368837 0.00285596 0.00194778 0.99988914 0.99980396 0.9996779
 0.9998524  0.99985075]
[0.00285272 0.00207573 0.01236722 0.00354101 0.00187193 0.99990785
 0.99986184 0.9998198  0.9997651  0.99977607 0.00587063 0.0045752
 0.0032446  0.00454689 0.00190008 0.99979883 0.9997756  0.99971384
 0.99983704 0.99987006]
[0.00344888 0.00190387 0.02620704 0.00474552 0.00199866 0.9998338
 0.99985373 0.9997981  0.99984145 0.9997663  0.005449   0.00411516
 0.00238437 0.00330231 0.0037801  0.9998331  0.99987686 0.99966776
 0.9998634  0.99979347]
[0.00217466 0.00213081 0.01306367 0.00254752 0.00263264 0.9998417
 0.99982303 0.99985826 0.9998171  0.99983287 0.00247284 0.0017549
 0.00281238 0.00313133 0.00249311 0.99977416 0.9997992  0.99967206
 0.9998424  0.9998036 ]
[0.00197504 0.00226293 0.01951176 0.0045866  0.00190653 0.999887
 0.99979335 0.9998387  0.9998542  0.9997676  0.00536805 0.00429216
 0.00349746 0.00340532 0.00207784 0.9997522  0.99974734 0.99967206
 0.99979967 0.9997898 ]
[0.00269412 0.00201841 0.01837832 0.0030021  0.00202509 0.99987805
 0.99985325 0.9998785  0.9998223  0.99986935 0.00431971 0.00183895
 0.00370564 0.00200995 0.00166144 0.99981004 0.99981123 0.9995321
 0.99976164 0.9998068 ]
[0.00238838 0.00228794 0.02711252 0.00274466 0.0020806  0.9998667
 0.9998042  0.9999038  0.9997222  0.99985003 0.00533078 0.00358438
 0.00298972 0.0021898  0.00233972 0.9998919  0.9998091  0.9996197
 0.9998344  0.99987423]
[0.001791   0.00193083 0.01050288 0.00453994 0.00333726 0.99989474
 0.9997851  0.99985254 0.9996973  0.99988425 0.01031318 0.00428476
 0.00196542 0.0047193  0.00463161 0.9998777  0.9997893  0.99963665
 0.9997819  0.9998827 ]
[0.00357893 0.00248761 0.03215093 0.00487419 0.00221006 0.9997987
 0.999811   0.99986744 0.9996886  0.99985373 0.00486447 0.00297373
 0.00488656 0.0038701  0.00252345 0.99976534 0.99986696 0.99980766
 0.9997559  0.9997515 ]
