[0.00201951 0.00215096 0.98703057 0.00345189 0.00252513 0.99989486
 0.9998896  0.9998085  0.9998524  0.99986565 0.00344719 0.00302858
 0.00328781 0.00231605 0.0028396  0.9998796  0.9997844  0.9996245
 0.99975044 0.9998517 ]
[0.00312966 0.00218155 0.9500738  0.0037546  0.00213695 0.9998865
 0.9998097  0.9998865  0.9997844  0.9997929  0.00379357 0.00376578
 0.00369718 0.0060732  0.0036908  0.99977523 0.9997756  0.9995152
 0.99985206 0.9998425 ]
[0.00281194 0.00196961 0.97872156 0.00216997 0.00239163 0.99987733
 0.9999062  0.99990106 0.9997693  0.9997861  0.00357724 0.00287215
 0.0033516  0.00237254 0.00254122 0.99987626 0.9997465  0.999559
 0.9998517  0.9998553 ]
[0.00196298 0.00181934 0.9803155  0.00318905 0.00227984 0.9998759
 0.9998971  0.99989736 0.9998388  0.9998554  0.00661153 0.0026695
 0.00303481 0.00399649 0.00328829 0.999859   0.9998186  0.99973446
 0.999798   0.9998203 ]
[0.00243607 0.0026109  0.97847867 0.00330058 0.00189307 0.99989164
 0.99981683 0.9998043  0.999668   0.9997693  0.00522878 0.00363068
 0.00436557 0.00202615 0.00305821 0.9998647  0.9997681  0.9997259
 0.9998281  0.9998436 ]
[0.00215413 0.00198689 0.5384955  0.00365578 0.00183043 0.9999249
 0.99984    0.9998721  0.9997327  0.9997986  0.00627058 0.00379123
 0.00437761 0.00217415 0.00277504 0.99982506 0.9998184  0.99974006
 0.9997638  0.9997925 ]
[0.00211567 0.00266947 0.7563598  0.0033826  0.00183517 0.9999232
 0.99990773 0.9998242  0.9996636  0.9998871  0.00946931 0.00178351
 0.00366654 0.00218502 0.00249795 0.9998204  0.9998472  0.99978155
 0.99974245 0.99977106]
[0.00247793 0.00200838 0.9022736  0.00320179 0.00213824 0.99989367
 0.9998704  0.99987245 0.99968064 0.99976426 0.00650221 0.00335262
 0.00244381 0.00320472 0.00179549 0.9998155  0.99981636 0.99960035
 0.9998653  0.9998523 ]
[0.00337794 0.00193789 0.9605559  0.00369805 0.00171227 0.9999263
 0.9999008  0.99988246 0.9996691  0.999851   0.00265083 0.00481354
 0.00331764 0.00336607 0.00204603 0.9998318  0.9997508  0.9997321
 0.99984443 0.9997527 ]
[0.00209802 0.00201357 0.99247897 0.00420653 0.00267772 0.9998584
 0.99988735 0.99983203 0.9997404  0.9998915  0.00405676 0.00373466
 0.00249958 0.00177288 0.00170124 0.9997657  0.9998154  0.99947006
 0.9998661  0.99982053]
[0.00250591 0.00206234 0.96696466 0.0029651  0.0020976  0.99986947
 0.99990463 0.99985516 0.9997203  0.9997402  0.00405379 0.00404878
 0.00468603 0.00206509 0.00182989 0.9998833  0.9998374  0.9995285
 0.9997528  0.99984956]
[0.00258924 0.00220189 0.9888465  0.00314395 0.00217839 0.9998795
 0.9998869  0.9998437  0.99971193 0.9998467  0.00591482 0.00344364
 0.00348836 0.00344506 0.00204872 0.99986255 0.999835   0.9997416
 0.999863   0.99985635]
[0.00216996 0.00275927 0.98314935 0.00511543 0.00248843 0.9999062
 0.9998362  0.9998178  0.9997855  0.9997954  0.00414287 0.00332012
 0.00439908 0.00272943 0.00179947 0.99986005 0.9997881  0.99973494
 0.9997198  0.99986696]
[0.0025327  0.002125   0.9627912  0.00372946 0.00192095 0.99987566
 0.99990654 0.9998041  0.99966896 0.99978226 0.0076219  0.0026537
 0.00476098 0.00203096 0.0025546  0.9997861  0.9998098  0.9997621
 0.9997675  0.999887  ]
[0.00214832 0.00182404 0.97678375 0.00340093 0.00182304 0.999908
 0.999819   0.99989283 0.9996892  0.9998665  0.00514547 0.00337853
 0.00368572 0.00292017 0.00214563 0.99988234 0.9998561  0.9997931
 0.99984086 0.9998661 ]
[0.00195297 0.00210124 0.828827   0.00322863 0.00231669 0.9999316
 0.9998727  0.999824   0.99984384 0.999819   0.01082168 0.00331764
 0.00368816 0.00280879 0.00236631 0.9998441  0.99979395 0.9993216
 0.99972934 0.99979967]
[0.00216677 0.00261995 0.8377956  0.00344207 0.00202806 0.99991465
 0.99979705 0.99984336 0.99982965 0.99982834 0.00661289 0.00291704
 0.00487185 0.00451711 0.00174648 0.999879   0.9998543  0.99970585
 0.9997578  0.99984837]
[0.00265688 0.00235982 0.9499377  0.0032941  0.00215903 0.99994123
 0.9998361  0.9998553  0.9997695  0.99986625 0.00243075 0.00438897
 0.00295811 0.0023785  0.00201201 0.9997482  0.99988055 0.99958223
 0.99986315 0.99982136]
[0.00248006 0.00206101 0.9924138  0.00333516 0.00183541 0.99984646
 0.99984837 0.9998909  0.9998254  0.9998399  0.00298648 0.00342442
 0.00259547 0.00285317 0.00177279 0.999777   0.9997818  0.99969375
 0.9998394  0.99983823]
[0.00198396 0.00199041 0.97205395 0.00376768 0.00212469 0.99989724
 0.9999026  0.9997968  0.9997137  0.9998215  0.00476012 0.00414689
 0.00567286 0.00204944 0.0019797  0.99977773 0.99975675 0.99980444
 0.9998011  0.99986506]
[0.00335559 0.00194086 0.94785523 0.00364083 0.00252517 0.99988556
 0.9998565  0.99985695 0.9997582  0.99982196 0.00595185 0.00314343
 0.00358861 0.00343791 0.00168511 0.99981576 0.9998549  0.9997489
 0.9998628  0.99977845]
[0.00195543 0.00186242 0.9382357  0.00296619 0.0021011  0.9999291
 0.9999007  0.9998196  0.9998447  0.99976236 0.00493347 0.0033258
 0.0039079  0.00302095 0.00182624 0.9997849  0.9998541  0.99960417
 0.9998115  0.99988616]
[0.00245638 0.00236482 0.9551351  0.0026488  0.00196657 0.9999014
 0.99982953 0.99986494 0.9997427  0.9997948  0.00515439 0.00276438
 0.00278028 0.00301807 0.00186416 0.999869   0.99986744 0.99953234
 0.99986684 0.9998766 ]
[0.00207548 0.00219027 0.97703916 0.00391117 0.0019034  0.9998722
 0.99983263 0.9998901  0.9997974  0.99988556 0.00646649 0.00228677
 0.00302932 0.00263624 0.00424685 0.99982446 0.9998197  0.9995578
 0.9997522  0.99984956]
[0.00260546 0.00246183 0.948941   0.00481694 0.00245619 0.99992
 0.9998568  0.99983394 0.99978405 0.9998054  0.00679038 0.00331238
 0.00301587 0.00350972 0.0018071  0.999853   0.9997634  0.999585
 0.9997676  0.99986815]
[0.0046258  0.0025895  0.99285537 0.00941395 0.00208752 0.99983895
 0.99987733 0.99968743 0.9998091  0.9998853  0.0039266  0.00348905
 0.00271978 0.00208136 0.00180236 0.9997619  0.9998549  0.9996705
 0.9997482  0.9998412 ]
[0.00290596 0.00225889 0.9919849  0.00350685 0.0019829  0.999856
 0.99985325 0.9999027  0.9998385  0.99982363 0.00763723 0.00216552
 0.00242074 0.00214834 0.00398237 0.9997806  0.9998652  0.9992643
 0.9997782  0.999826  ]
[0.00220212 0.00180579 0.9340389  0.00371597 0.00292908 0.99991333
 0.9998179  0.99981254 0.9996474  0.9998079  0.00759394 0.00355436
 0.00342114 0.00269459 0.00403946 0.9997538  0.99983275 0.9996587
 0.99979645 0.9998759 ]
[0.00268256 0.00225735 0.9695733  0.00370254 0.00233858 0.9998696
 0.9998155  0.99985707 0.9998473  0.99989414 0.00584806 0.00334383
 0.00326514 0.00237512 0.00228998 0.999851   0.9998735  0.9994307
 0.9998197  0.9997671 ]
[0.00244775 0.00176171 0.9766291  0.00327645 0.00190228 0.9998615
 0.99990535 0.9999118  0.9996985  0.9997838  0.00403646 0.00179186
 0.00228799 0.00282808 0.00193773 0.9997961  0.9997936  0.99966705
 0.9998745  0.999841  ]
[0.00219546 0.00220371 0.97928566 0.00391496 0.00197005 0.9999019
 0.99983716 0.999887   0.9997944  0.9998833  0.00465647 0.00411512
 0.00316256 0.00279014 0.00268126 0.9998437  0.9997936  0.99955004
 0.99982136 0.99988794]
[0.0022338  0.00205796 0.98378307 0.00293179 0.00247954 0.9998714
 0.99989843 0.99982053 0.99973613 0.9998054  0.00353881 0.00362415
 0.004127   0.00230811 0.00313496 0.9998859  0.9997737  0.99975246
 0.999866   0.9998449 ]
[0.00228226 0.00211265 0.9769216  0.00438002 0.00344175 0.99986887
 0.9997936  0.9998061  0.9998122  0.9998154  0.00411005 0.00352783
 0.00443804 0.00238083 0.00198671 0.99976176 0.99985623 0.99960333
 0.99981385 0.99980396]
[0.00224508 0.00183109 0.9776628  0.00349921 0.00173353 0.99990547
 0.9998822  0.99990714 0.9998355  0.9998149  0.00496646 0.00393981
 0.00289375 0.00239318 0.00273597 0.99986124 0.9998667  0.9996476
 0.9998209  0.9998542 ]
[0.00304271 0.00187899 0.9446436  0.0033413  0.00226255 0.999887
 0.9998503  0.9997826  0.99975806 0.99986565 0.00775878 0.00262138
 0.00458454 0.00208503 0.00207356 0.99981505 0.9997981  0.9997094
 0.99986994 0.999777  ]
[0.00209173 0.00216656 0.9861326  0.0043399  0.00179142 0.9998838
 0.9998869  0.99979407 0.99962795 0.9998091  0.00236169 0.00321182
 0.00369214 0.00248137 0.0021028  0.9998777  0.9998054  0.99963725
 0.99976534 0.9998559 ]
[0.00223062 0.00189823 0.4429293  0.00369719 0.00184818 0.9999218
 0.9998424  0.99986124 0.99973744 0.9998847  0.00546254 0.00310323
 0.00346938 0.00296533 0.0024138  0.99983525 0.9998698  0.99974793
 0.9998049  0.9998685 ]
[0.002292   0.00212505 0.989509   0.00387723 0.00135287 0.9998733
 0.9998122  0.9998374  0.9998622  0.9998441  0.00243752 0.00312172
 0.00489154 0.00207402 0.0037496  0.9998857  0.9997731  0.99960274
 0.9997826  0.9998971 ]
[0.00246427 0.0017435  0.9876775  0.00270366 0.00225647 0.9999058
 0.9998883  0.99991286 0.9996815  0.99980825 0.00345    0.00371536
 0.00451259 0.00338948 0.00212659 0.9998727  0.9997954  0.99966204
 0.999879   0.9997603 ]
[0.0025224  0.00188794 0.99079984 0.00288654 0.00233204 0.9998679
 0.99990106 0.9998004  0.99978596 0.9997706  0.00584811 0.00376804
 0.00250381 0.00454784 0.00222852 0.9998617  0.99977666 0.9997632
 0.9998653  0.99983215]
[0.00295853 0.00219405 0.9766508  0.00381519 0.00204796 0.99992263
 0.999851   0.999858   0.9997532  0.99975353 0.00486524 0.00276055
 0.00622904 0.00235689 0.00337625 0.9998411  0.9998061  0.99969006
 0.9997789  0.99980754]
[0.00212398 0.00311571 0.86451787 0.00339568 0.00249269 0.9999223
 0.9998963  0.9998037  0.99975985 0.9998908  0.00830376 0.00353651
 0.00248313 0.00242662 0.00172335 0.99979514 0.99978465 0.9997147
 0.99977773 0.99981314]
[0.00209575 0.00238157 0.92209256 0.00261492 0.00201804 0.99992645
 0.99981946 0.99983656 0.99971694 0.9998241  0.00773816 0.00326771
 0.00322417 0.00297635 0.00205455 0.9998925  0.9998783  0.9996099
 0.99987423 0.9997843 ]
[0.00194383 0.00193198 0.99475443 0.00250502 0.00246399 0.99982834
 0.9998184  0.999841   0.99967563 0.9998342  0.00214913 0.00410696
 0.00415957 0.00433721 0.0019129  0.9998498  0.99982256 0.999723
 0.9998534  0.99978465]
[0.0017741  0.00183616 0.67035353 0.00309921 0.00221501 0.99991524
 0.9997991  0.9998636  0.999762   0.9998584  0.0042801  0.00247616
 0.00240903 0.0041953  0.00168713 0.99989736 0.99983037 0.99963963
 0.9997391  0.99983466]
[0.00204381 0.0018349  0.9875492  0.0030135  0.00210239 0.99985194
 0.99989665 0.9997769  0.99972445 0.9998753  0.00312961 0.00353416
 0.00293653 0.00295925 0.00305412 0.99984014 0.9998847  0.9997875
 0.99974495 0.999869  ]
[0.00212927 0.00207814 0.9159612  0.0038442  0.00212334 0.9999131
 0.99985814 0.9998667  0.99974674 0.9998567  0.00706174 0.00242716
 0.00236224 0.00449149 0.00200555 0.99984956 0.99986315 0.9997551
 0.9998758  0.9998785 ]
[0.00214183 0.00200024 0.97054255 0.00487205 0.003233   0.9999162
 0.9998228  0.99980587 0.99982697 0.9998079  0.00395143 0.00315743
 0.00590294 0.00434272 0.002119   0.9997702  0.99979776 0.9996283
 0.9998134  0.99983   ]
[0.00207673 0.00204256 0.98574466 0.00386511 0.00232353 0.9998388
 0.9997999  0.99988973 0.9998198  0.9998797  0.00392588 0.00347942
 0.00280681 0.00232403 0.0018613  0.99988747 0.9997484  0.9997631
 0.9997242  0.9998529 ]
[0.00191284 0.00238812 0.92165977 0.00445716 0.00190251 0.9999291
 0.99988294 0.9998896  0.99973696 0.99985623 0.00386    0.00402427
 0.00376172 0.00505551 0.00304416 0.9997837  0.99986184 0.9996377
 0.9998696  0.9998487 ]
[0.00189779 0.00263737 0.93129915 0.00418298 0.00203581 0.9999014
 0.999895   0.9997936  0.9998394  0.9998932  0.00270235 0.0035758
 0.0035106  0.00308737 0.00239517 0.99987745 0.9997851  0.9996351
 0.9997365  0.99987805]
[0.00242697 0.00197641 0.9177601  0.00312423 0.00209068 0.9999149
 0.99987197 0.9998435  0.99980515 0.9997862  0.00744209 0.00300659
 0.00364688 0.00280431 0.0022377  0.99987423 0.99982196 0.99965715
 0.9998031  0.9997712 ]
[0.0024375  0.00232556 0.9898732  0.0037982  0.00223033 0.9998431
 0.9998803  0.99982697 0.99971265 0.9998357  0.00444642 0.00244046
 0.00248506 0.00418092 0.00337528 0.99984086 0.9998511  0.999678
 0.99986553 0.9997894 ]
[0.00209397 0.00211596 0.7753786  0.00484201 0.00181193 0.99991107
 0.9997979  0.99981314 0.999736   0.99986553 0.00633003 0.00277615
 0.00284319 0.00186479 0.00215014 0.9998846  0.9998838  0.99971074
 0.9998723  0.99981683]
[0.00217282 0.00217113 0.99923074 0.00382519 0.00201505 0.99988616
 0.9999012  0.99990857 0.99982136 0.9997831  0.00617176 0.00330209
 0.00414774 0.00275037 0.00183891 0.99979705 0.9998721  0.99952507
 0.99984753 0.99979717]
[0.00236105 0.00274919 0.8634567  0.00312033 0.0025623  0.9999318
 0.99979573 0.9998222  0.9996966  0.99984777 0.00579718 0.00318754
 0.00329408 0.0024602  0.00195984 0.999887   0.9997259  0.99966574
 0.99976104 0.9998801 ]
[0.00323849 0.00208038 0.9856237  0.00283901 0.00232577 0.99988496
 0.99988973 0.9998746  0.9998419  0.99986506 0.00786769 0.00319939
 0.00318648 0.00226054 0.00184073 0.9998253  0.9997944  0.99966407
 0.999859   0.99976856]
[0.00256413 0.00240176 0.8297176  0.00291533 0.0018136  0.99992573
 0.9998807  0.99988985 0.9997205  0.9998167  0.00589914 0.00326096
 0.00227154 0.00287274 0.00317365 0.99977976 0.99981827 0.9997739
 0.9997675  0.9998354 ]
[0.00302801 0.00204395 0.9508124  0.00312355 0.00231237 0.9999186
 0.99989307 0.9998235  0.9997969  0.99985147 0.00677428 0.0027904
 0.00311367 0.00260617 0.00221759 0.9998801  0.999793   0.9996847
 0.9998386  0.9998479 ]
[0.00324464 0.0022572  0.925533   0.00340842 0.00235483 0.99989665
 0.9998863  0.9998852  0.9998547  0.9997472  0.00590603 0.0028381
 0.00304737 0.00234482 0.00286203 0.9997929  0.9998118  0.9997353
 0.99985456 0.99984694]
[0.00274375 0.0017415  0.9267532  0.00315221 0.00227398 0.99989176
 0.9999044  0.99986076 0.99980956 0.9997987  0.00717757 0.00313007
 0.00445968 0.00212489 0.00440632 0.99983203 0.99986935 0.9997744
 0.9998784  0.99980825]
[0.00200926 0.00192597 0.97119933 0.00412689 0.00216865 0.9999032
 0.99981064 0.999899   0.9998192  0.99984217 0.00862844 0.00322005
 0.00254288 0.00208287 0.00204098 0.9997496  0.9998325  0.99958473
 0.99980205 0.99988353]
[0.00198831 0.00215584 0.93974024 0.00376849 0.0018301  0.9999186
 0.9998348  0.9998148  0.9997366  0.9998142  0.00325071 0.00291526
 0.00318172 0.00462661 0.00191074 0.9998846  0.9998148  0.99964714
 0.9997696  0.99982953]
[0.00259887 0.00195244 0.97389835 0.00387811 0.00186644 0.9999188
 0.9998952  0.9998909  0.99980956 0.99980885 0.00278206 0.00256563
 0.00449958 0.0017897  0.00178063 0.99989045 0.9997873  0.99982846
 0.9998616  0.9997712 ]
[2.5691935e-03 3.1416651e-03 9.7203153e-01 3.9965562e-03 6.6703948e-04
 9.9991274e-01 9.9982834e-01 9.9987972e-01 9.9982810e-01 9.9987411e-01
 5.0737145e-03 4.1564195e-03 2.8181698e-03 2.9608756e-03 5.1687015e-03
 9.9987960e-01 9.9975115e-01 9.9981183e-01 9.9977785e-01 9.9981374e-01]
[0.00254311 0.00176217 0.989799   0.0033299  0.00215705 0.9998604
 0.9998832  0.9997917  0.9997009  0.999846   0.00588345 0.0037549
 0.00291902 0.00353969 0.0031945  0.999778   0.9998739  0.99961275
 0.99983144 0.9997867 ]
[0.00225923 0.00182599 0.98367184 0.00365674 0.00110239 0.99987197
 0.99989057 0.99985945 0.99978477 0.99983406 0.00578073 0.00338833
 0.00242379 0.00373502 0.00209321 0.99981815 0.99979085 0.9996543
 0.9998504  0.999775  ]
[0.00199527 0.00188641 0.99332047 0.00276751 0.0023852  0.9998704
 0.99981695 0.9999045  0.99987197 0.9998685  0.00925832 0.00251954
 0.00330757 0.00267403 0.00193257 0.99983966 0.99977916 0.9997634
 0.9998629  0.9997913 ]
[0.00311372 0.00273589 0.9852379  0.00373245 0.00188235 0.9998796
 0.9998103  0.999813   0.9998222  0.99975795 0.00684806 0.0034593
 0.0026583  0.00473441 0.00167314 0.9998605  0.9998012  0.99971396
 0.9998567  0.99976987]
[0.00237022 0.00314471 0.83941793 0.00343105 0.00261626 0.9999304
 0.9998789  0.99986124 0.99969053 0.99981993 0.0044472  0.00415011
 0.00403464 0.00212661 0.00202163 0.9998234  0.9997955  0.9995987
 0.9997986  0.9997569 ]
[0.00188399 0.00269568 0.97783446 0.00279185 0.00195567 0.99988616
 0.9998568  0.99983644 0.99982494 0.99986804 0.00923067 0.00225693
 0.00383595 0.00360354 0.00188019 0.9997713  0.9998629  0.9995376
 0.99984634 0.9998148 ]
[0.00234268 0.00231598 0.9915352  0.00353644 0.00210968 0.99989533
 0.9998198  0.99984086 0.99979955 0.9998337  0.00557917 0.00244349
 0.00437665 0.00273389 0.00186077 0.99980456 0.99986696 0.9994609
 0.9997975  0.9998647 ]
[0.00229141 0.00178056 0.9714137  0.0031625  0.00255821 0.9998908
 0.9999026  0.9998921  0.99972016 0.99984705 0.00577493 0.00347034
 0.00265809 0.0048281  0.00216136 0.9998592  0.99986994 0.9996164
 0.99985707 0.99975485]
[0.00245687 0.00182676 0.98953664 0.00477904 0.00202371 0.99987566
 0.9998349  0.9998048  0.9997732  0.9998702  0.00529375 0.00244489
 0.00561773 0.00186395 0.00378868 0.9998448  0.99973136 0.9996985
 0.99981076 0.999762  ]
[0.00189222 0.00184948 0.98971856 0.00328266 0.00184783 0.9998754
 0.99982387 0.9998066  0.99976987 0.9997856  0.00256955 0.00467576
 0.00301254 0.00174645 0.00285358 0.9998585  0.9998549  0.9996811
 0.99977595 0.9998534 ]
[0.00334967 0.00201286 0.9733995  0.00347788 0.00267199 0.9998678
 0.9998235  0.9998858  0.99968815 0.9998952  0.00193232 0.0046536
 0.00268012 0.00179695 0.00204665 0.9998722  0.9998468  0.9997104
 0.99979025 0.99986136]
[0.00226129 0.00193527 0.98959947 0.00472262 0.00216523 0.99985325
 0.99988604 0.9999043  0.99976987 0.99988866 0.00266283 0.00390698
 0.0031915  0.00232305 0.00180815 0.99988914 0.99988866 0.9997402
 0.99984884 0.99975127]
[0.00257715 0.00179503 0.27279615 0.00330338 0.00183024 0.99992347
 0.9999083  0.9998292  0.99975306 0.9997986  0.00224468 0.00297165
 0.00253534 0.00243768 0.00341344 0.99982375 0.99985397 0.999681
 0.99960285 0.9998797 ]
[0.00299162 0.00183084 0.5114491  0.00426061 0.00180203 0.9999119
 0.9998124  0.9999064  0.99969375 0.9998499  0.00614497 0.00435033
 0.003347   0.00308855 0.00337581 0.99979275 0.99978775 0.9996668
 0.9998018  0.9998406 ]
[0.00199753 0.00241672 0.5276391  0.00304756 0.00169945 0.9999192
 0.99982077 0.9998266  0.9998053  0.99975973 0.00560996 0.00336539
 0.00357563 0.0025589  0.00251181 0.9998056  0.9997366  0.99964833
 0.99987876 0.99980515]
[0.00278802 0.00296912 0.9920919  0.00464379 0.00276965 0.99985504
 0.9998833  0.9998703  0.9998379  0.9998023  0.00560456 0.00330554
 0.00316063 0.00310499 0.00314518 0.9998778  0.9998865  0.9996196
 0.99974674 0.9997874 ]
[0.00262482 0.00178949 0.97134835 0.00294977 0.00221475 0.999913
 0.99987257 0.99978465 0.9998281  0.99988127 0.00457352 0.0040012
 0.00329965 0.00456685 0.00213884 0.9998305  0.9998853  0.99973947
 0.9998579  0.9998524 ]
[0.00288749 0.00211512 0.9454038  0.00415279 0.00242628 0.9999161
 0.9998055  0.9998882  0.99983025 0.99977165 0.00394109 0.00329177
 0.00391805 0.00257433 0.00300473 0.99985874 0.99986625 0.99955124
 0.99977046 0.9998412 ]
[0.00260584 0.00244763 0.98996526 0.00271405 0.00176428 0.9998406
 0.99988306 0.9999062  0.99980456 0.9998301  0.00538768 0.00244336
 0.00214127 0.00209297 0.00201813 0.9998816  0.99982953 0.99947935
 0.99972516 0.99978644]
[0.00205436 0.0020162  0.89466506 0.00339763 0.00227006 0.9999151
 0.999843   0.9998585  0.99984086 0.9998925  0.00401215 0.00342329
 0.0043362  0.00455097 0.0025295  0.9998481  0.9997601  0.99968374
 0.99984944 0.99982196]
[0.00180356 0.00218189 0.98892957 0.00385113 0.00311836 0.99983287
 0.9997955  0.9998585  0.99983025 0.9997745  0.01078634 0.00346795
 0.00447072 0.00172512 0.00173395 0.99981123 0.9998505  0.9995895
 0.99982774 0.9998628 ]
[0.00216141 0.00208527 0.98700535 0.00345655 0.00184192 0.9998884
 0.99986315 0.9998313  0.99973613 0.99980336 0.00314923 0.0033152
 0.00338542 0.00182477 0.00200373 0.99987924 0.9998336  0.9997383
 0.99984396 0.9998659 ]
[0.00179426 0.00275554 0.98212135 0.00204464 0.00202911 0.99987185
 0.99986935 0.99982846 0.99975365 0.999775   0.00426776 0.00373878
 0.00280428 0.0034641  0.00296988 0.9998431  0.99984264 0.9996697
 0.99986255 0.99980086]
[0.00276794 0.00214599 0.9051327  0.00386557 0.00181737 0.9998977
 0.99981946 0.99988365 0.99969125 0.99985695 0.00406074 0.00225077
 0.00289673 0.00266542 0.00176814 0.99984455 0.9998523  0.9994752
 0.9998098  0.99977916]
[0.00185647 0.00203955 0.9908642  0.00253436 0.00167375 0.9998473
 0.9999039  0.99981636 0.9996983  0.99988496 0.00683102 0.00359679
 0.00446693 0.00211575 0.00186425 0.99985003 0.9998486  0.9996742
 0.9997415  0.99986064]
[0.00411278 0.00279413 0.99202126 0.00769057 0.00356082 0.9998822
 0.99983335 0.9998305  0.9996942  0.9998772  0.00910485 0.01161725
 0.00482744 0.00523431 0.00356231 0.99986565 0.9997875  0.9997991
 0.99974686 0.9998628 ]
[0.00252697 0.00236749 0.9851601  0.00380309 0.00216233 0.9998894
 0.99989605 0.99984324 0.99980885 0.99981254 0.00281466 0.00354794
 0.00423355 0.00288883 0.0025215  0.9998161  0.99985445 0.99971026
 0.99979156 0.99985564]
[0.00194205 0.0017981  0.85647076 0.00335221 0.00222369 0.9999089
 0.99983346 0.99984574 0.99983037 0.99977905 0.00828787 0.00317645
 0.00374614 0.00147501 0.00194514 0.9997919  0.9997781  0.9994935
 0.9998354  0.999838  ]
[0.00290923 0.00216657 0.97762805 0.00316803 0.00190556 0.9998925
 0.9998047  0.99981815 0.9996656  0.9998374  0.00248639 0.00209326
 0.0041515  0.00294052 0.00244416 0.9998265  0.9998266  0.9996898
 0.99975497 0.9997533 ]
[0.00289331 0.00179448 0.9695528  0.00382764 0.00181706 0.99992085
 0.9998976  0.99980766 0.9997837  0.99982554 0.00590788 0.00383653
 0.00208152 0.00351844 0.00175372 0.9998338  0.9997632  0.9997948
 0.99975806 0.99980444]
[0.00234162 0.00211468 0.92850727 0.00474707 0.00210094 0.9999249
 0.99985397 0.99982375 0.9997595  0.99987435 0.00204669 0.00312358
 0.00248355 0.00214548 0.00250266 0.9997434  0.9997993  0.99981016
 0.9998012  0.9998166 ]
[0.00240463 0.00238964 0.98419154 0.00422652 0.00203732 0.99988806
 0.99983    0.99983144 0.9998178  0.99981266 0.00404466 0.00410014
 0.00333159 0.00348503 0.00239146 0.9997739  0.99986887 0.9997522
 0.9998642  0.99974424]
[0.00217666 0.00224009 0.992312   0.00355876 0.00221859 0.9998733
 0.99982184 0.999845   0.9996569  0.9997906  0.00643582 0.00404955
 0.00361916 0.00379429 0.00194162 0.99987864 0.99986243 0.9997255
 0.9997354  0.9998369 ]
[0.002224   0.00196047 0.9563579  0.00370731 0.00211382 0.99992025
 0.99987304 0.9998605  0.9998375  0.9998956  0.00538029 0.0031841
 0.00319089 0.0020659  0.00285781 0.9997427  0.99985623 0.999744
 0.9998242  0.9998827 ]
[0.00187964 0.00279786 0.93813425 0.00289141 0.00247809 0.9999083
 0.99983215 0.9998909  0.9997993  0.9997961  0.00454297 0.00322671
 0.00225352 0.00234787 0.00220687 0.9997938  0.9998286  0.99966073
 0.99981636 0.9997919 ]
