[0.00247257 0.00209728 0.14060631 0.0036364  0.00206163 0.9999043
 0.99990225 0.99983394 0.9998005  0.9998903  0.00515987 0.00251599
 0.00332349 0.00296354 0.00233891 0.99984217 0.99984205 0.9997706
 0.9998387  0.99985003]
[0.00201013 0.00218086 0.0404482  0.00431627 0.00270548 0.99991524
 0.9997874  0.9998447  0.99979    0.99981624 0.00536179 0.00364498
 0.00351786 0.00225377 0.00142537 0.9998791  0.999801   0.9997675
 0.99982893 0.9997738 ]
[0.00243527 0.00199446 0.8412896  0.00435399 0.00177238 0.99982387
 0.9998264  0.9998474  0.99979275 0.9998865  0.00514095 0.00413107
 0.00285887 0.00374326 0.00305496 0.99987316 0.9997811  0.999658
 0.9997279  0.9997999 ]
[0.00296169 0.0022004  0.08878229 0.00350988 0.00216741 0.9999018
 0.9998965  0.99982196 0.9998342  0.99983656 0.00706688 0.00448987
 0.00272222 0.00313912 0.00205307 0.9998037  0.99986374 0.999582
 0.99977845 0.999841  ]
[0.00256197 0.00214202 0.22956415 0.00511501 0.00225401 0.99990964
 0.9998667  0.99988234 0.99979013 0.9997702  0.00415396 0.00371319
 0.00251921 0.0041682  0.00198556 0.9998878  0.9997577  0.9997004
 0.9997414  0.999856  ]
[0.00221947 0.00218762 0.18744288 0.0034916  0.00202176 0.9999119
 0.9998691  0.99982375 0.999759   0.9998066  0.00655294 0.00357731
 0.00301221 0.00474489 0.00312312 0.9998684  0.9998306  0.99963784
 0.99984753 0.999841  ]
[0.00186101 0.00300169 0.1591809  0.00242543 0.00234422 0.99992096
 0.99984753 0.9997981  0.99966085 0.99986434 0.0039719  0.00361915
 0.00280568 0.00211158 0.00208606 0.9997991  0.9997347  0.99960345
 0.9998683  0.9997757 ]
[0.00218497 0.00191267 0.7236128  0.00367202 0.00138985 0.9998907
 0.9997887  0.9999058  0.9997003  0.9997942  0.00965867 0.00300217
 0.0028472  0.00252938 0.00199026 0.99987435 0.999889   0.9996093
 0.9998801  0.999828  ]
[0.00189983 0.00242439 0.6878142  0.00475239 0.00180185 0.9998821
 0.9998274  0.999819   0.99973685 0.99987936 0.00482486 0.00369055
 0.00499016 0.0022028  0.00208292 0.9998265  0.99984777 0.9996587
 0.99982136 0.99981135]
[0.00270693 0.00213066 0.97230005 0.00422374 0.00338723 0.99983704
 0.9998373  0.99977976 0.9997962  0.9998636  0.00820693 0.00317924
 0.00338346 0.00316952 0.00284869 0.9997739  0.99976224 0.99959296
 0.99985266 0.99986255]
[2.3424434e-03 2.1312046e-03 7.7622569e-01 3.4568172e-03 1.9134980e-03
 9.9985623e-01 9.9985242e-01 9.9989343e-01 9.9986720e-01 9.9982291e-01
 4.0867403e-03 2.9115013e-03 4.6550767e-03 9.9773065e-04 2.0524841e-03
 9.9986231e-01 9.9984324e-01 9.9972373e-01 9.9985242e-01 9.9976522e-01]
[0.00287731 0.00194575 0.87363243 0.00362962 0.00214826 0.999838
 0.99980253 0.9997751  0.99977905 0.9998723  0.00887422 0.00331889
 0.0034161  0.00282115 0.00177969 0.99981874 0.99981445 0.99966383
 0.99983335 0.999861  ]
[0.00188187 0.00181751 0.37299067 0.00366955 0.00188136 0.9998938
 0.99979526 0.99990153 0.99970156 0.99987936 0.00553746 0.00346149
 0.0036218  0.00452858 0.00206376 0.99979013 0.9998599  0.9997148
 0.9997508  0.9997528 ]
[0.0022407  0.0019913  0.46427622 0.00238766 0.0019453  0.99985695
 0.99987507 0.99978644 0.99963176 0.99983585 0.00567965 0.00357245
 0.00260561 0.00312177 0.00250551 0.99975604 0.99975485 0.9996755
 0.9997973  0.99987376]
[0.00181986 0.0017344  0.23701598 0.00186621 0.00253191 0.99990165
 0.9998977  0.9998528  0.999741   0.99984455 0.0036466  0.00239319
 0.00309119 0.00250969 0.00232315 0.99978584 0.9997558  0.9997956
 0.99981433 0.9998228 ]
[0.00229424 0.00237895 0.03411591 0.00323431 0.00216299 0.99990594
 0.99989617 0.9998779  0.99972016 0.9997842  0.00319859 0.00332912
 0.00237158 0.00179612 0.00215789 0.9998628  0.9998361  0.999684
 0.999861   0.99987185]
[0.00288789 0.00177778 0.06994186 0.00393535 0.0023985  0.99988663
 0.9997955  0.99984777 0.9998529  0.9999006  0.00289669 0.00342636
 0.00268915 0.00287151 0.00406377 0.9998493  0.999749   0.99961424
 0.99987555 0.99976283]
[0.00219376 0.00200456 0.9194813  0.00262672 0.00179773 0.99984086
 0.9999025  0.99982005 0.9997596  0.999813   0.00451126 0.00324222
 0.00370992 0.00175336 0.00166885 0.99987125 0.9998548  0.99957305
 0.99986506 0.99984825]
[0.00219969 0.00177728 0.08451196 0.00345982 0.00172213 0.9998878
 0.99982697 0.99984527 0.9997931  0.9998894  0.01139474 0.00260646
 0.00224476 0.00195999 0.00198416 0.9998646  0.9998091  0.9997073
 0.9997738  0.9998029 ]
[0.00205088 0.00274881 0.22663099 0.00345801 0.0030477  0.9998932
 0.9997812  0.99986386 0.99982375 0.999858   0.0078635  0.00281649
 0.0024085  0.00283412 0.00196059 0.9998753  0.99973494 0.9994666
 0.99983096 0.9998841 ]
[0.00254993 0.0017706  0.05125051 0.00358923 0.00197402 0.99991465
 0.9997999  0.9998894  0.9996983  0.9998356  0.00764152 0.00374635
 0.00408109 0.00521581 0.0040387  0.99977404 0.99983335 0.9997458
 0.9997609  0.99985397]
[0.00179981 0.00191791 0.15716913 0.00368666 0.00216722 0.9998907
 0.99988186 0.9998841  0.9997099  0.99984145 0.00212657 0.00305819
 0.00396709 0.00299703 0.00218359 0.9998846  0.99978966 0.9996655
 0.9997801  0.9998853 ]
[0.00172871 0.00195825 0.25164142 0.00320584 0.00189677 0.9998857
 0.9998425  0.9998472  0.9997193  0.9998727  0.00491065 0.0036185
 0.00343425 0.00372789 0.00200241 0.9997905  0.99986243 0.99951446
 0.99976057 0.9998211 ]
[0.00286846 0.00189401 0.7849679  0.00317789 0.0019108  0.9998584
 0.9997923  0.9998636  0.9996427  0.99989235 0.00892027 0.00388017
 0.00299467 0.0024519  0.00284938 0.9998708  0.999884   0.99950933
 0.9997428  0.9998217 ]
[0.00252834 0.00227984 0.3261794  0.00406432 0.00280999 0.9998869
 0.9998393  0.9997836  0.9998191  0.9998864  0.00628561 0.00168446
 0.00254557 0.00383465 0.00254749 0.9997615  0.9998516  0.99974436
 0.9998398  0.99979967]
[0.0019127  0.00205842 0.47566926 0.00494924 0.00165236 0.99991655
 0.9998056  0.9998578  0.9997626  0.9998754  0.00295049 0.00388342
 0.00279336 0.00247307 0.00261982 0.99987066 0.9997955  0.99956506
 0.99979144 0.9997727 ]
[0.00302181 0.00212319 0.15509476 0.00317818 0.00231266 0.9998877
 0.9998876  0.99981874 0.99970406 0.99978393 0.00681281 0.00272697
 0.00250032 0.00174096 0.0020734  0.99987817 0.9998437  0.9996915
 0.9997874  0.9998228 ]
[0.00215056 0.00198818 0.9427669  0.00385452 0.00303911 0.9998665
 0.9999105  0.99985456 0.999782   0.9997789  0.00775999 0.00383539
 0.00560829 0.00276695 0.00196693 0.9997874  0.99981445 0.999747
 0.9997781  0.99986553]
[0.00258445 0.00179367 0.18978027 0.0020618  0.00213834 0.99987173
 0.9998307  0.9999025  0.9997545  0.999841   0.00421838 0.00384763
 0.00497807 0.00219969 0.00311567 0.9997578  0.9998715  0.9995376
 0.9998561  0.99974245]
[0.00264353 0.00348333 0.28213245 0.00431402 0.00229249 0.9998938
 0.99981445 0.99989593 0.99981326 0.9998857  0.0086957  0.0036304
 0.00206215 0.00276678 0.00216134 0.9998901  0.99981374 0.9995596
 0.99977535 0.99975663]
[0.00490343 0.00191977 0.9998311  0.00556618 0.00333392 0.9997899
 0.99987423 0.99978    0.9998056  0.99975044 0.00365426 0.00294532
 0.00366509 0.00263802 0.00141273 0.99964416 0.99979097 0.9996024
 0.9998294  0.99976486]
[0.00332168 0.00195799 0.85286075 0.00378668 0.0022929  0.9998423
 0.99988234 0.9998361  0.99973196 0.9998381  0.0037662  0.00269498
 0.00315289 0.00268748 0.00252554 0.9998857  0.9998287  0.99967885
 0.9997868  0.999759  ]
[0.00273893 0.0020344  0.5206934  0.00356949 0.00208401 0.99992454
 0.9998741  0.9998134  0.99968636 0.9998796  0.00556081 0.00357813
 0.00378381 0.00358409 0.00294067 0.99975187 0.9998603  0.99977726
 0.9997695  0.99985814]
[0.0021347  0.00245375 0.66872966 0.00386735 0.00206852 0.9999037
 0.99988115 0.999889   0.99971086 0.99980694 0.00473663 0.00367755
 0.00385482 0.00414018 0.00341019 0.99978906 0.9997845  0.9998078
 0.99980885 0.99983585]
[0.00183204 0.00231079 0.86316085 0.00337461 0.00177314 0.99991786
 0.99980193 0.99981934 0.9996948  0.999871   0.00701236 0.00325784
 0.00327619 0.00292435 0.00418862 0.99985206 0.9998055  0.999483
 0.9998357  0.99979204]
[0.00241863 0.00194018 0.94744706 0.00473003 0.00185626 0.9998534
 0.99982244 0.99982846 0.9997869  0.9998585  0.00542679 0.00323941
 0.00346757 0.00206038 0.00169578 0.99976367 0.9998442  0.99972385
 0.9998771  0.99982435]
[0.00247271 0.00221252 0.14976037 0.00335706 0.00189124 0.9999114
 0.99985194 0.9998704  0.9997305  0.9998573  0.00607751 0.00366103
 0.00305235 0.00216671 0.00174057 0.9998603  0.9998394  0.9996978
 0.9997842  0.9998784 ]
[0.00188334 0.00193922 0.03622354 0.00320702 0.00231597 0.99988484
 0.9997807  0.99985385 0.9997819  0.9998753  0.00515933 0.00281525
 0.00399281 0.0024839  0.00365592 0.9998745  0.9998702  0.9996531
 0.9998568  0.9998826 ]
[0.00218848 0.00200522 0.02730999 0.00371504 0.00237853 0.9998765
 0.9998186  0.99985397 0.99981254 0.99985623 0.00395874 0.00290576
 0.00367874 0.00239563 0.0028283  0.99981564 0.9998493  0.99966526
 0.9998447  0.9998423 ]
[0.00174394 0.00190859 0.8720077  0.00354994 0.00175842 0.9998523
 0.9998103  0.9998971  0.9997943  0.99985313 0.00944396 0.00281347
 0.00490117 0.00505395 0.00256128 0.9998349  0.99985087 0.9997614
 0.99985266 0.99988496]
[0.00263409 0.00200758 0.02546295 0.00337378 0.00195079 0.999908
 0.9998956  0.99990094 0.9996575  0.99978524 0.00481082 0.00287601
 0.00595736 0.00274805 0.00167444 0.99988186 0.9998516  0.99973506
 0.9998142  0.999783  ]
[0.00206022 0.0019842  0.41609886 0.00463224 0.0024297  0.99991333
 0.9998079  0.9997831  0.9996648  0.9998286  0.00909207 0.00386616
 0.00286481 0.00243013 0.00334268 0.99982244 0.99972075 0.99981135
 0.99987864 0.9997826 ]
[0.0030527  0.00222727 0.04001928 0.00334129 0.00252434 0.9998492
 0.9998266  0.999806   0.9996736  0.9998927  0.00566967 0.00325676
 0.00302032 0.00377743 0.0024217  0.9998852  0.9998023  0.9997987
 0.99978346 0.9998307 ]
[0.00308448 0.00204133 0.55613905 0.00403187 0.00190872 0.9998739
 0.99984634 0.9998129  0.99972504 0.9998147  0.00323131 0.00378159
 0.00389007 0.00183248 0.00155125 0.9998273  0.99988365 0.99967134
 0.9998274  0.9998252 ]
[0.00241755 0.00180601 0.12151229 0.00400049 0.00277018 0.99987984
 0.9999013  0.9997886  0.9998055  0.9998777  0.00968108 0.00276219
 0.00308591 0.00246695 0.00176421 0.9998234  0.99986804 0.999613
 0.9998267  0.99986506]
[0.00259828 0.00218738 0.8718691  0.00306929 0.00196242 0.9998896
 0.99988186 0.9999049  0.9997931  0.99977857 0.00298835 0.00278203
 0.00362415 0.00402246 0.00185306 0.99988246 0.9998621  0.99953794
 0.99981385 0.99982786]
[0.00205049 0.00216352 0.5802516  0.00341953 0.00189232 0.999882
 0.99988353 0.9997768  0.9997452  0.99978536 0.00594783 0.00333672
 0.00467122 0.00510864 0.00220864 0.9997751  0.9998233  0.9996437
 0.99979025 0.9998926 ]
[0.00166782 0.00268898 0.34489745 0.00398747 0.00211787 0.9998933
 0.9998018  0.9998485  0.99978596 0.99982786 0.00498514 0.00351057
 0.00306925 0.00213364 0.00224509 0.9997789  0.99983585 0.99972755
 0.9998622  0.9997923 ]
[0.0028015  0.00190218 0.65453076 0.00429459 0.00212714 0.9998487
 0.9997875  0.9998795  0.99968684 0.99975616 0.00450657 0.00322891
 0.00386105 0.0045136  0.0018726  0.9998754  0.9998703  0.99958223
 0.9998287  0.99983776]
[0.00325809 0.00187859 0.33989465 0.00363292 0.00251099 0.9998795
 0.9998049  0.999879   0.99969983 0.99981624 0.00646581 0.00428592
 0.00424168 0.0049769  0.00505899 0.99986506 0.99987745 0.99953747
 0.9998542  0.99980766]
[0.00213095 0.00240268 0.48890632 0.00264868 0.00185251 0.99990666
 0.9998754  0.9998852  0.99984    0.9998596  0.0024501  0.00301882
 0.00215318 0.00238571 0.00419434 0.9998752  0.9998178  0.9994448
 0.9997285  0.9997892 ]
[0.00250903 0.0025477  0.510404   0.00256225 0.00293771 0.9998429
 0.999876   0.9998103  0.99979836 0.9998697  0.00471289 0.00376635
 0.00341974 0.00192218 0.00454197 0.9998171  0.9998103  0.9996935
 0.99987555 0.9998462 ]
[0.00251402 0.00255386 0.9560871  0.00399404 0.00231083 0.99984527
 0.99989855 0.9998248  0.9997117  0.99987566 0.00221658 0.00184238
 0.00559763 0.0024692  0.00199302 0.99975425 0.999841   0.99960893
 0.9998803  0.9997745 ]
[0.00184943 0.00210812 0.08741999 0.00498785 0.00232789 0.9998882
 0.9998481  0.9998796  0.99982893 0.99980766 0.00664012 0.00406346
 0.00281771 0.00247297 0.00232187 0.9997631  0.99985623 0.99964297
 0.99985015 0.99977   ]
[0.0032305  0.00261992 0.39994097 0.00344607 0.00192497 0.99986875
 0.99990475 0.9999068  0.99974245 0.9998907  0.00736642 0.00283599
 0.00677587 0.00234784 0.00177984 0.9998154  0.9998733  0.99948007
 0.9997384  0.9997701 ]
[0.00209831 0.00179105 0.8932059  0.00425061 0.00206222 0.999853
 0.99986243 0.9998165  0.9996197  0.9998934  0.00699594 0.00327962
 0.0032963  0.00483018 0.00168322 0.99984694 0.99986696 0.9996271
 0.9998733  0.99984276]
[0.00258922 0.00161972 0.9783836  0.00336414 0.00270177 0.99985147
 0.99989486 0.9998272  0.9998579  0.99978906 0.00598337 0.00287294
 0.00195142 0.00435826 0.00170281 0.99976546 0.9998884  0.99969494
 0.9998596  0.9998908 ]
[0.00244062 0.00202461 0.05345453 0.00382604 0.00178175 0.9999163
 0.9998828  0.99980813 0.9997123  0.99985945 0.00513818 0.0032238
 0.00251315 0.00234745 0.00531806 0.99983    0.99986565 0.99959475
 0.9998801  0.9998833 ]
[0.00252055 0.00247263 0.05275028 0.00392927 0.00194017 0.99988496
 0.9998198  0.9998827  0.99981385 0.9998267  0.00411117 0.002213
 0.00510463 0.00263788 0.00201978 0.9998977  0.99988556 0.9996251
 0.99976784 0.99977773]
[0.00224847 0.00206082 0.82997006 0.00384722 0.00193753 0.9998523
 0.9998381  0.9998956  0.99976057 0.999788   0.00221339 0.00452795
 0.00328666 0.0023243  0.00208071 0.99979144 0.99983    0.99971145
 0.9997429  0.9998692 ]
[0.0038692  0.00206609 0.06962525 0.0031876  0.00196254 0.999908
 0.9998852  0.99990594 0.9997241  0.9998797  0.00635296 0.00290465
 0.00270616 0.00440648 0.00183531 0.9998518  0.9998167  0.99965346
 0.9998776  0.9998223 ]
[0.0018682  0.0024486  0.12288465 0.00469802 0.00259689 0.9999113
 0.9999014  0.99979633 0.9998041  0.99984    0.00557733 0.00348002
 0.00383396 0.00283739 0.00160809 0.9998472  0.9998286  0.99962234
 0.999796   0.9998233 ]
[0.00200999 0.0019918  0.09800523 0.00285967 0.00205762 0.9999144
 0.9998228  0.9998901  0.99966955 0.9997838  0.005428   0.00283706
 0.00327856 0.00382936 0.00230032 0.999801   0.9998498  0.9995079
 0.99980825 0.99987066]
[0.00218741 0.00215483 0.4852984  0.00423616 0.00217254 0.9998679
 0.99990165 0.9997969  0.999858   0.99989104 0.00474745 0.00364069
 0.00551008 0.00279525 0.00307273 0.9997638  0.99973184 0.99976856
 0.99985635 0.99985945]
[0.00493363 0.0018484  0.29878217 0.00343277 0.0019286  0.9999124
 0.9998154  0.9998307  0.99979013 0.9998845  0.00319354 0.0035376
 0.00333561 0.00305774 0.00227888 0.99979967 0.99984574 0.9994985
 0.99973637 0.99977106]
[0.00268125 0.00201069 0.899438   0.00506208 0.00295006 0.9998596
 0.99981135 0.99982136 0.9997713  0.999858   0.00773813 0.00364231
 0.00353887 0.00207869 0.0047828  0.9998965  0.9998085  0.9997353
 0.99973434 0.9997849 ]
[0.00276022 0.00204271 0.07775468 0.00328933 0.00187289 0.99990726
 0.9998559  0.9998927  0.99986374 0.9998864  0.00678884 0.00285491
 0.00332734 0.00341255 0.00232967 0.99984086 0.9998529  0.9996327
 0.9998272  0.9998216 ]
[0.00256359 0.00178373 0.64426774 0.00412367 0.00210515 0.99989045
 0.99980396 0.9998834  0.99976116 0.99986136 0.00608584 0.00258382
 0.00373245 0.00264144 0.0017486  0.9998362  0.9998272  0.9996623
 0.9998104  0.99975723]
[0.00236634 0.00173355 0.7259766  0.00447725 0.00227274 0.9998679
 0.9998105  0.99987996 0.99984074 0.99982953 0.00327272 0.00312887
 0.00373973 0.00253105 0.00200853 0.99985147 0.9997826  0.99959093
 0.99987185 0.9998759 ]
[0.00193422 0.00213845 0.97826517 0.00423066 0.00234364 0.9998381
 0.9998903  0.9999063  0.9998385  0.99983346 0.00440205 0.00254035
 0.00484408 0.00254183 0.00296573 0.99988234 0.99978846 0.999734
 0.99981934 0.99978   ]
[0.002082   0.00206894 0.29221702 0.0024503  0.00216715 0.9999087
 0.99983776 0.99984825 0.9998085  0.99982244 0.01227688 0.00304572
 0.00270018 0.00378623 0.00211301 0.9997948  0.9997526  0.9996505
 0.9998734  0.9998098 ]
[0.00244872 0.00184104 0.17677811 0.00407114 0.00198326 0.99992657
 0.99986863 0.999908   0.99977595 0.99987626 0.00796615 0.00361549
 0.00289495 0.00459815 0.00254854 0.9997664  0.99987555 0.9995733
 0.9998516  0.9997887 ]
[0.00200309 0.00231045 0.33200932 0.00377934 0.00194488 0.9999074
 0.999856   0.999828   0.9997805  0.99988794 0.00417355 0.00300532
 0.00435397 0.00360033 0.00349969 0.9998796  0.99984753 0.99979943
 0.99985564 0.99983346]
[0.00244203 0.0024069  0.6564043  0.00325839 0.00216343 0.9998492
 0.999795   0.9998994  0.99968696 0.99983454 0.0060154  0.00389416
 0.00430424 0.0024019  0.00221241 0.99988306 0.99983764 0.9997023
 0.99975246 0.99984634]
[0.00200759 0.00187216 0.47619876 0.00249599 0.00181656 0.9998728
 0.9998435  0.999871   0.99975055 0.9998841  0.00680256 0.00432646
 0.00409143 0.00325314 0.00208181 0.99988127 0.9997402  0.9997749
 0.99984217 0.9998858 ]
[0.00204407 0.00179391 0.8335576  0.00299849 0.00297938 0.9998541
 0.9998227  0.99980444 0.9997917  0.9998338  0.00275331 0.00301409
 0.00265973 0.00373412 0.00254287 0.99984264 0.9998704  0.9996834
 0.9998437  0.9998047 ]
[0.00242385 0.00179913 0.246398   0.00329758 0.00163569 0.9998679
 0.9997925  0.9998337  0.99978787 0.9997757  0.00975545 0.00246911
 0.00355714 0.00187077 0.00168092 0.99982834 0.99985826 0.9995865
 0.9997714  0.9997694 ]
[0.00180596 0.0019754  0.55016613 0.00348913 0.001902   0.999897
 0.9998739  0.99989295 0.9996892  0.9998348  0.01291984 0.00366262
 0.0024719  0.00267774 0.00402915 0.9998692  0.9998741  0.999574
 0.9998448  0.9997764 ]
[0.00216703 0.00230973 0.0672536  0.00390562 0.00227888 0.99992
 0.9997967  0.9999056  0.99973506 0.9998907  0.00738318 0.00276208
 0.0037249  0.00369342 0.00205943 0.99987495 0.99985814 0.9996742
 0.9997545  0.99985576]
[0.00257011 0.00181981 0.15864187 0.00431723 0.001886   0.99990666
 0.9998004  0.9997906  0.9997408  0.9997665  0.00436304 0.00266622
 0.00476324 0.00492227 0.00225793 0.9998754  0.99980944 0.9996542
 0.999806   0.99982363]
[0.00307249 0.00180704 0.8661742  0.00460489 0.00245839 0.99986315
 0.99982125 0.9997919  0.9998129  0.9998758  0.00484996 0.00329609
 0.00296688 0.00224084 0.00232709 0.99988663 0.999813   0.9997489
 0.9997794  0.99975675]
[0.00259011 0.00201212 0.14031354 0.00268539 0.00233771 0.9999145
 0.99980646 0.99990356 0.99976605 0.99981326 0.00670559 0.00444269
 0.00492397 0.00261808 0.00260151 0.99981683 0.99979    0.999653
 0.9997347  0.9998105 ]
[0.00217394 0.00257779 0.2083041  0.00323813 0.00200587 0.9998487
 0.9998258  0.99988496 0.9997831  0.9998056  0.00465061 0.00430581
 0.00373844 0.00270991 0.0019378  0.9998764  0.9998474  0.999782
 0.99986875 0.9998449 ]
[0.00211964 0.00227304 0.6911076  0.00394762 0.00219289 0.9998752
 0.99989486 0.9998306  0.99972385 0.99989104 0.00727737 0.00351492
 0.00324403 0.00325694 0.0038869  0.99988437 0.9998784  0.99977845
 0.9997645  0.99987066]
[0.00256758 0.00232919 0.2934288  0.003302   0.00263307 0.999889
 0.9998926  0.99982435 0.999752   0.99982506 0.00442909 0.00279837
 0.00363412 0.00340414 0.00322608 0.9998387  0.99983823 0.99963856
 0.9997937  0.99983275]
[0.00272489 0.00179037 0.07261474 0.00455    0.00202191 0.9999068
 0.9998883  0.9998888  0.9998     0.99981207 0.00461042 0.00411036
 0.00334601 0.00237294 0.00185701 0.99983716 0.99985945 0.9995529
 0.99985754 0.99973994]
[0.00232933 0.00178608 0.66816604 0.00397155 0.00249173 0.9998828
 0.9998368  0.9998503  0.9996309  0.99977714 0.00895232 0.00387129
 0.00440677 0.00406271 0.00299017 0.9998697  0.9998666  0.9996289
 0.9997688  0.99981827]
[0.00280094 0.0024357  0.7923312  0.00346114 0.00293617 0.99983644
 0.9998454  0.9998368  0.99977344 0.9998134  0.00498539 0.00357734
 0.00352732 0.00397237 0.00169191 0.99978846 0.9998043  0.99979955
 0.9998135  0.999806  ]
[0.00317336 0.00185406 0.19976863 0.00380132 0.00226042 0.9999107
 0.9998436  0.99984026 0.9997936  0.9998925  0.00784987 0.00398077
 0.0031589  0.00288345 0.00200901 0.99985385 0.9998573  0.999668
 0.99984527 0.9998667 ]
[0.00169164 0.00247947 0.31536922 0.00426933 0.00199255 0.9999157
 0.99980587 0.9998642  0.9998394  0.9998216  0.00538375 0.00279262
 0.00458089 0.00286779 0.00343174 0.99983585 0.9998103  0.9997781
 0.9998134  0.99986494]
[0.00165294 0.00201048 0.07613745 0.00301076 0.00205163 0.999876
 0.99984694 0.9998543  0.9997359  0.9998462  0.00562456 0.00325866
 0.00237538 0.00415155 0.00194797 0.99983084 0.9997571  0.99975616
 0.99981743 0.9998005 ]
[0.00175694 0.00258262 0.13753195 0.00325992 0.0025208  0.9998952
 0.99979466 0.99989593 0.9997565  0.99987566 0.0050034  0.00246503
 0.00390186 0.00292185 0.00321122 0.9998318  0.99978703 0.99962986
 0.99977905 0.9998753 ]
[0.00213907 0.00221471 0.8448366  0.00449981 0.00181769 0.99983346
 0.9998882  0.999877   0.99979144 0.9997613  0.00629569 0.00474156
 0.0037085  0.00440673 0.0020513  0.99985266 0.99980074 0.99946266
 0.9997694  0.9997485 ]
[0.00227357 0.00196565 0.16677013 0.00453209 0.00226923 0.9999112
 0.9997812  0.99990046 0.9998307  0.99983656 0.00307087 0.00346762
 0.00247291 0.00224815 0.00205639 0.99983644 0.9998086  0.99980754
 0.99982125 0.99978095]
[0.00225367 0.0021414  0.41776797 0.00234676 0.00251017 0.9998859
 0.9999101  0.9998022  0.99973065 0.9998035  0.00373503 0.00272661
 0.00412063 0.00350592 0.00188005 0.9998776  0.9997862  0.99954164
 0.99972826 0.9997898 ]
[0.00330148 0.00212527 0.9672976  0.00372953 0.00191537 0.9998343
 0.9998293  0.9998053  0.9997441  0.9998147  0.0067778  0.00214845
 0.00241988 0.00272903 0.00202844 0.99984026 0.9998733  0.9996264
 0.99981624 0.99982834]
[0.00205944 0.00201967 0.10799441 0.00362786 0.00211295 0.99989974
 0.9998012  0.9998677  0.99973863 0.9998777  0.00548328 0.00384121
 0.00314133 0.00210164 0.00203071 0.9998425  0.99983656 0.9996258
 0.999876   0.99986184]
[0.00312568 0.00191599 0.0719301  0.00349196 0.00237418 0.999912
 0.999887   0.99984694 0.999821   0.9998129  0.00279598 0.0019663
 0.00365513 0.00246961 0.00185345 0.99985087 0.9998529  0.9996592
 0.99986887 0.9998098 ]
[0.00248006 0.00185634 0.93224543 0.00193717 0.00280635 0.99986815
 0.9998266  0.9997862  0.9997781  0.9998759  0.00758497 0.00205061
 0.00202928 0.00183765 0.00221268 0.99986947 0.9997608  0.9996258
 0.99985766 0.99988353]
[0.00225404 0.002122   0.33886853 0.00359202 0.00226998 0.9998878
 0.9998745  0.99981564 0.99969494 0.9998779  0.00291317 0.00369502
 0.00644101 0.00253951 0.00231779 0.9998248  0.9998572  0.9998011
 0.99977165 0.9997638 ]
