[0.00191999 0.00228906 0.03107039 0.00297275 0.00194579 0.99986124
 0.9998412  0.99990773 0.9997887  0.99978834 0.00725407 0.00306896
 0.00309289 0.00203744 0.00104518 0.9998629  0.9998356  0.99972194
 0.9998405  0.99989116]
[0.00278738 0.00206747 0.02506622 0.00299951 0.00204403 0.99986327
 0.9998852  0.9998578  0.99979967 0.9998797  0.00418759 0.00353991
 0.00306123 0.0025467  0.00332539 0.99985814 0.9998412  0.99970573
 0.99986255 0.9998827 ]
[0.00327186 0.00185183 0.02497726 0.00337113 0.00181904 0.99982494
 0.9998123  0.99981683 0.9997371  0.99981695 0.00553852 0.00354694
 0.00233216 0.00337593 0.00217213 0.9997993  0.99983275 0.9997974
 0.9998394  0.9998765 ]
[0.00330262 0.00232238 0.03559681 0.00347548 0.0022128  0.9998534
 0.9998043  0.999826   0.9998573  0.9998318  0.00402526 0.00293901
 0.00341701 0.00311542 0.00234279 0.9998547  0.99984205 0.9996693
 0.99976    0.99975723]
[0.00254378 0.00239537 0.03594445 0.00366455 0.00121233 0.9998652
 0.9998098  0.99988735 0.99981135 0.9998098  0.0022971  0.00312824
 0.00352618 0.00236669 0.00177893 0.99989426 0.99984646 0.9997435
 0.99981576 0.99988115]
[0.00275461 0.00207446 0.02844761 0.00374212 0.00212681 0.9998379
 0.99988747 0.9999095  0.9997315  0.9998784  0.00620193 0.00318741
 0.00441417 0.00218534 0.0036823  0.9998228  0.9998223  0.999706
 0.9997391  0.9998803 ]
[0.00282212 0.00228299 0.02823588 0.00348991 0.00258611 0.9998596
 0.999818   0.99985397 0.99975985 0.9997849  0.00546737 0.00293064
 0.00285451 0.00253835 0.00329454 0.99984    0.99986625 0.9996456
 0.99986017 0.99987054]
[0.00290881 0.00222284 0.03673219 0.00312194 0.00196316 0.9998273
 0.99990034 0.99985194 0.999848   0.9998215  0.00397545 0.00372939
 0.00335898 0.00170839 0.00178233 0.9998696  0.99978393 0.999785
 0.99982303 0.99985456]
[0.00321113 0.00221866 0.02239186 0.00317202 0.00188151 0.99985373
 0.99982303 0.9999002  0.999713   0.9998192  0.00552403 0.00274888
 0.00320382 0.00190944 0.00273759 0.9998342  0.9998698  0.9995783
 0.99985516 0.99975544]
[0.00193192 0.00181218 0.03287241 0.00287866 0.00225979 0.9999019
 0.9999058  0.99981695 0.99975747 0.99981683 0.00967832 0.00374641
 0.00320358 0.00291542 0.00409803 0.9998615  0.9997806  0.9994815
 0.99975103 0.9998197 ]
[0.00242926 0.00276984 0.0244225  0.0037772  0.00210213 0.99988484
 0.9998909  0.9998191  0.9998005  0.99977607 0.00484461 0.00219779
 0.00391263 0.00631595 0.00180343 0.9998604  0.99985135 0.999703
 0.9998455  0.99983037]
[0.00198168 0.00186503 0.01947706 0.00342075 0.00265264 0.99989474
 0.9998714  0.99987864 0.9998209  0.9998198  0.00663942 0.00327507
 0.00560437 0.00185193 0.00278307 0.99989045 0.9997943  0.99969757
 0.99981636 0.9998735 ]
[0.00226859 0.00182926 0.00920803 0.00313909 0.0022606  0.99986506
 0.9997923  0.9998441  0.9997768  0.9998098  0.00719731 0.00197464
 0.00339277 0.00212915 0.00197878 0.99983096 0.999833   0.99979717
 0.99971396 0.99980146]
[0.00262842 0.00224676 0.04355377 0.00342357 0.0022835  0.99987745
 0.9998512  0.99981695 0.99964464 0.99988246 0.00564816 0.0032296
 0.00326706 0.00393717 0.00258732 0.9998185  0.99978477 0.9996785
 0.9997992  0.9998161 ]
[0.00343404 0.00221692 0.05167739 0.00438173 0.00189197 0.99988127
 0.9997725  0.9998461  0.9997923  0.99986815 0.00382805 0.00357207
 0.00302315 0.0025235  0.00272653 0.999863   0.9997893  0.99958175
 0.9997507  0.99979204]
[0.00263649 0.00244274 0.04634831 0.00262047 0.00202877 0.9998468
 0.99987435 0.99990535 0.9997652  0.99986815 0.00428182 0.00329062
 0.00446989 0.00297941 0.00195658 0.9998828  0.9998282  0.9995474
 0.99979335 0.9998832 ]
[0.00196104 0.0020114  0.02458765 0.00271595 0.00230093 0.9998697
 0.99989533 0.999858   0.9997595  0.9998565  0.0045835  0.00335253
 0.00438223 0.0022048  0.00178875 0.99984145 0.9998815  0.99976975
 0.9998047  0.99978167]
[0.00217147 0.00200149 0.01956627 0.00354457 0.00171037 0.9998173
 0.99987507 0.99989486 0.99981874 0.9998078  0.00418207 0.00264697
 0.00450548 0.00212827 0.00270882 0.9998061  0.99986243 0.99955636
 0.99978286 0.9998758 ]
[0.00198337 0.00218039 0.08781423 0.00331571 0.00238413 0.9998832
 0.9998983  0.99990404 0.9998054  0.99979585 0.00434927 0.00194743
 0.00383694 0.00435096 0.00193228 0.999826   0.9997465  0.99974746
 0.99983513 0.9998598 ]
[0.00194958 0.00206673 0.03973252 0.00370843 0.00216335 0.9998745
 0.99988484 0.9998431  0.9997795  0.9998311  0.00415904 0.00193291
 0.00615594 0.0019869  0.00212708 0.99985564 0.99982786 0.9994393
 0.999764   0.99975234]
[0.00275645 0.00253481 0.021126   0.00384743 0.00211087 0.99990106
 0.9998789  0.9998311  0.9996923  0.9998698  0.00319266 0.0034251
 0.00322539 0.00422502 0.00408967 0.99977475 0.9998203  0.9996743
 0.9997693  0.99989223]
[0.00285426 0.00212481 0.03884736 0.00268031 0.00180839 0.9998871
 0.9999113  0.99979657 0.99982315 0.99988604 0.00626429 0.00211438
 0.00399586 0.00297483 0.00272608 0.9998111  0.99974316 0.99972373
 0.9998412  0.99988794]
[0.00250823 0.00178993 0.03015745 0.0026146  0.0017947  0.99988735
 0.9999125  0.9998834  0.9997023  0.9998678  0.00854186 0.00253861
 0.00342214 0.00224345 0.00223848 0.9998105  0.9998264  0.9996393
 0.9997415  0.9998622 ]
[0.00186671 0.00185543 0.02713943 0.00314225 0.00256507 0.9998839
 0.9998543  0.99990106 0.9998228  0.9997743  0.00294486 0.00233996
 0.00262989 0.00209887 0.00169573 0.9997708  0.9998061  0.99966836
 0.9997559  0.99978334]
[0.00273499 0.0017881  0.02666863 0.00290214 0.00227124 0.99987197
 0.99988556 0.9998822  0.9996811  0.9998807  0.00901183 0.00283961
 0.00389938 0.00306762 0.00283174 0.99976975 0.99988914 0.99947757
 0.99972445 0.9998323 ]
[0.00243428 0.00233013 0.05340159 0.00327501 0.0017614  0.9998487
 0.99988604 0.9998814  0.9998085  0.99987864 0.0063129  0.00354824
 0.00339345 0.00647894 0.00241734 0.9998104  0.9998739  0.99954295
 0.99986815 0.9998771 ]
[0.00305759 0.00187157 0.02698495 0.00345042 0.00250453 0.99985504
 0.99986863 0.99989843 0.99979466 0.99986255 0.00452457 0.00384764
 0.00346962 0.00239174 0.00200099 0.99980444 0.99978036 0.9998313
 0.9997907  0.9998084 ]
[0.00250259 0.00230334 0.0251929  0.0036594  0.0019346  0.99984956
 0.99989164 0.9998437  0.9996245  0.99982005 0.00557662 0.00307173
 0.00404107 0.00231691 0.00167417 0.9997509  0.9998629  0.9997491
 0.99980134 0.9998479 ]
[0.00182518 0.0019688  0.03761781 0.0035746  0.00259399 0.9999107
 0.9998591  0.9998159  0.9997093  0.9997925  0.00890853 0.00373912
 0.00451661 0.00307832 0.00198787 0.9997906  0.9998604  0.9995308
 0.9998671  0.99980265]
[0.00240087 0.00187507 0.06205094 0.00399067 0.00178763 0.99984217
 0.99988425 0.99981755 0.99983823 0.99983764 0.00246012 0.00272607
 0.00511426 0.00398129 0.00274433 0.9997689  0.99974614 0.99970263
 0.9998135  0.9998246 ]
[0.0023081  0.00199424 0.03641999 0.00419457 0.00213513 0.9998876
 0.9998405  0.9998517  0.99973804 0.9998634  0.00225096 0.00335748
 0.00350708 0.00434858 0.00298334 0.99989176 0.9997756  0.9996018
 0.99973685 0.9998073 ]
[0.00269225 0.00207889 0.02559038 0.00726179 0.00214691 0.99985445
 0.99989295 0.9998907  0.9997601  0.9998092  0.00180885 0.00367125
 0.00353079 0.00226616 0.00379096 0.9997794  0.9998579  0.9995615
 0.9997167  0.99984074]
[0.00222241 0.00238739 0.03107927 0.00441773 0.00193823 0.9998148
 0.999813   0.9998641  0.9998216  0.9998233  0.00313925 0.00313997
 0.00307437 0.00241447 0.00301407 0.9998516  0.9997979  0.99972254
 0.99986863 0.99979573]
[0.00251903 0.00229167 0.02744542 0.00429621 0.00239339 0.99985075
 0.9998956  0.99987626 0.99980146 0.99978334 0.00496308 0.00314602
 0.00203077 0.00482474 0.00294445 0.99981457 0.9998783  0.9997074
 0.9997583  0.9997619 ]
[0.00238893 0.00196307 0.01630214 0.0042618  0.0020983  0.9999058
 0.99985707 0.9999052  0.9998253  0.9998963  0.00623644 0.00415877
 0.00269382 0.00229895 0.00181534 0.9998172  0.99987817 0.9996252
 0.999783   0.9998441 ]
[0.00177211 0.0018181  0.01899379 0.00278995 0.00228779 0.99985754
 0.99985385 0.9998919  0.9998443  0.99989057 0.00594791 0.00450797
 0.00322496 0.0044234  0.00418698 0.9998123  0.9997837  0.9997354
 0.99982697 0.9998142 ]
[0.00167175 0.00200631 0.05049191 0.00270843 0.00289824 0.99988914
 0.9998074  0.9998797  0.99980646 0.9998691  0.01098614 0.00361322
 0.0041648  0.00346962 0.00171181 0.999866   0.999859   0.9995198
 0.99980766 0.99986076]
[0.00212674 0.00205477 0.02418239 0.00329465 0.00210644 0.99988484
 0.9998753  0.9998154  0.99975604 0.9998956  0.00638801 0.00354305
 0.00324061 0.00293062 0.00242515 0.9998085  0.99978906 0.9996948
 0.99985576 0.9998227 ]
[0.00237854 0.00212053 0.0229808  0.00377498 0.00165544 0.9998567
 0.99990094 0.9998816  0.9998203  0.9998909  0.00291633 0.00380712
 0.00437591 0.00329386 0.00276055 0.99979764 0.999778   0.99973696
 0.9998018  0.9998381 ]
[0.00223951 0.00200203 0.19489    0.00336617 0.00185409 0.99983764
 0.9998228  0.99980813 0.99981433 0.99989736 0.00520798 0.00393461
 0.00359797 0.00252049 0.00194499 0.99986446 0.99984074 0.9996691
 0.99984574 0.9998098 ]
[0.00214283 0.00258767 0.06457448 0.00425653 0.00238933 0.9998845
 0.99986637 0.99982446 0.99973315 0.9998869  0.00498619 0.00390839
 0.00336187 0.00200666 0.00249982 0.99988794 0.9997516  0.99972457
 0.9997187  0.99975723]
[0.00208985 0.00230304 0.02696217 0.00360561 0.00212078 0.9998907
 0.99988425 0.999853   0.99974936 0.9998661  0.00191014 0.00190762
 0.00413414 0.00276379 0.00173868 0.9998666  0.99982303 0.99977237
 0.99982905 0.99985075]
[0.00222059 0.00197167 0.02824233 0.00482596 0.00250604 0.9999074
 0.9998517  0.9998995  0.999833   0.9998529  0.00551763 0.00429978
 0.00410325 0.00364776 0.00230387 0.9997949  0.9998598  0.9997384
 0.99983776 0.9997818 ]
[0.00310156 0.00235818 0.0287012  0.00366681 0.00230008 0.99991095
 0.9998223  0.99989414 0.99966407 0.9997737  0.00859639 0.00327028
 0.00237383 0.00366276 0.00184821 0.99984074 0.9998746  0.9997738
 0.9997793  0.99980813]
[0.00202449 0.00196491 0.04855833 0.00317363 0.00210794 0.9998857
 0.9998807  0.99987423 0.999856   0.9998354  0.00278801 0.00348662
 0.00333154 0.00336338 0.00176305 0.99984574 0.9998118  0.99968386
 0.9998105  0.99976176]
[0.00187773 0.00201347 0.02673007 0.0048356  0.00214481 0.99982554
 0.9998815  0.99984264 0.9997824  0.9998827  0.0057927  0.00295632
 0.00254097 0.00230201 0.00194207 0.9998548  0.9998535  0.9993845
 0.9998024  0.9997844 ]
[0.00244766 0.00286214 0.057396   0.00369711 0.00207852 0.9999056
 0.99984205 0.9998629  0.99970216 0.99981326 0.00616315 0.00262804
 0.00400417 0.00302735 0.00446154 0.9997644  0.99981314 0.9997857
 0.9998173  0.9998149 ]
[0.00196489 0.0024995  0.02749618 0.00397475 0.00180781 0.9998697
 0.9998647  0.99982953 0.9998493  0.9998192  0.00457195 0.00305798
 0.00370949 0.00249777 0.00265944 0.9997651  0.9997944  0.99965584
 0.9997038  0.99982256]
[0.0023148  0.00235647 0.02969044 0.00411978 0.00172017 0.99984884
 0.9998493  0.9998118  0.999788   0.99988604 0.0054098  0.00353323
 0.0035232  0.00232365 0.00175448 0.99984837 0.9997433  0.99960035
 0.99985266 0.9997825 ]
[0.00329329 0.00238784 0.03299235 0.00394519 0.00219282 0.9998635
 0.9998349  0.9999093  0.99973315 0.9998258  0.00604736 0.00322383
 0.00396367 0.00185158 0.00260417 0.9998266  0.99984264 0.99937075
 0.9998411  0.99976724]
[0.0022171  0.00195979 0.01709354 0.00359233 0.00185924 0.9998933
 0.99983287 0.9998443  0.99962854 0.9997627  0.00262796 0.00367316
 0.00362327 0.00236613 0.00234475 0.999796   0.9997501  0.99967706
 0.9998049  0.9998036 ]
[0.00195098 0.00183854 0.0464738  0.00349607 0.00237929 0.9998673
 0.99987304 0.99978966 0.9996717  0.9997812  0.00635214 0.00212656
 0.00350905 0.00528199 0.00421786 0.9997819  0.9998248  0.99978834
 0.999845   0.99986327]
[0.00217    0.00194811 0.06979562 0.00354235 0.00218242 0.99990547
 0.9998373  0.99988496 0.9998472  0.99988985 0.00409132 0.00313459
 0.0052059  0.00544749 0.00413096 0.9998336  0.9998716  0.9997011
 0.99973863 0.99989414]
[0.00268348 0.0020301  0.04712939 0.00450721 0.00173677 0.9998068
 0.99989605 0.99989855 0.99983466 0.99978405 0.00672968 0.00240723
 0.00278267 0.00230011 0.00307975 0.9998573  0.99978954 0.9996215
 0.9998357  0.99979323]
[0.00223715 0.00247289 0.03433318 0.00362911 0.00247074 0.9998634
 0.9998171  0.9998876  0.9997793  0.999796   0.00808365 0.00486526
 0.00271524 0.0028654  0.00177432 0.99985754 0.99978703 0.9996195
 0.99978596 0.99984443]
[0.0028004  0.00233322 0.05395938 0.00426507 0.00214962 0.99984443
 0.99990773 0.9998933  0.9998691  0.999889   0.00246488 0.00412794
 0.00443521 0.00210565 0.00240706 0.99988115 0.99978167 0.999783
 0.9997491  0.9998242 ]
[0.00270779 0.0023067  0.02896203 0.00254307 0.0021597  0.99989414
 0.9998996  0.9998171  0.99977833 0.99979025 0.00325214 0.00364192
 0.00252939 0.00238128 0.00281243 0.9997675  0.9998617  0.9997757
 0.999713   0.99988794]
[0.00228813 0.00196514 0.04619591 0.0025408  0.001975   0.99981564
 0.99985015 0.99980813 0.9997172  0.9999026  0.00673794 0.00295119
 0.00253082 0.00300033 0.00241543 0.99989414 0.9997718  0.99975544
 0.9997533  0.99977523]
[0.00276532 0.00231059 0.03296902 0.00383869 0.00234575 0.99989605
 0.99985933 0.9998221  0.9998173  0.9998895  0.00549009 0.00320798
 0.00457272 0.00382865 0.00248454 0.9998617  0.9997422  0.999619
 0.9998504  0.99988186]
[0.00268941 0.00205443 0.02812403 0.0028501  0.00214021 0.9998049
 0.99990845 0.9998424  0.99976057 0.9998412  0.00701736 0.00403371
 0.00284619 0.00281139 0.00178681 0.9997601  0.9998753  0.9996427
 0.9998202  0.99977535]
[0.00224644 0.00225783 0.03492863 0.00331948 0.00217986 0.9998982
 0.9998758  0.9998926  0.9997563  0.99988866 0.00455653 0.00351748
 0.00298246 0.00210526 0.00242398 0.99981266 0.99986696 0.99971026
 0.9997788  0.9997892 ]
[0.00230029 0.0020246  0.03114394 0.00471849 0.00192005 0.9998877
 0.99982846 0.99985635 0.9996861  0.9998894  0.00675122 0.00275697
 0.00319905 0.00369304 0.00191905 0.9998785  0.99976367 0.999718
 0.99976605 0.9997782 ]
[0.00213915 0.00197465 0.01990921 0.00351242 0.00243503 0.99979514
 0.9998536  0.99986327 0.999762   0.9998336  0.00816336 0.00237469
 0.00293171 0.00186438 0.00371011 0.99984455 0.99988616 0.99977916
 0.99975187 0.9998925 ]
[0.00221086 0.00181399 0.02473526 0.00382051 0.00228905 0.99987674
 0.99982494 0.99979764 0.9997887  0.9998424  0.00940024 0.0022647
 0.00307883 0.0032788  0.00212774 0.99986374 0.99985063 0.99970055
 0.9997677  0.99986875]
[0.00195299 0.00258789 0.03304419 0.00322137 0.00209304 0.99990785
 0.99982196 0.9998801  0.9997466  0.9997975  0.00290041 0.00210888
 0.00352857 0.00241658 0.00381361 0.99980706 0.99981576 0.9998338
 0.9997609  0.9998739 ]
[0.00302092 0.00186048 0.0392159  0.00330069 0.00207739 0.99988925
 0.9998355  0.99983513 0.9997477  0.9998785  0.00197349 0.00314913
 0.00385011 0.00321809 0.0018473  0.99984574 0.99987376 0.9996445
 0.9998385  0.99985623]
[0.00281344 0.00211386 0.0324434  0.00412696 0.0033119  0.9998579
 0.99986315 0.99987996 0.9997491  0.99975485 0.00402858 0.0032183
 0.00321884 0.00716677 0.00358492 0.9998691  0.9998385  0.9997185
 0.99976045 0.99975973]
[0.00192585 0.00199742 0.02917063 0.00270615 0.00244338 0.9998035
 0.9998952  0.9997943  0.99986076 0.9998797  0.00780998 0.00373456
 0.00305582 0.00266962 0.0018876  0.999843   0.9998394  0.9995726
 0.9998821  0.9998938 ]
[0.00235828 0.00264548 0.04477449 0.00326363 0.00265305 0.99987566
 0.9998983  0.99988186 0.9996853  0.9998487  0.00389631 0.00343525
 0.00344376 0.00287145 0.00257509 0.9998037  0.99984896 0.99964976
 0.9998274  0.9997508 ]
[0.0020572  0.00195447 0.01659566 0.00351895 0.00199868 0.9998661
 0.999846   0.9998104  0.9997322  0.9998847  0.00763929 0.00276876
 0.00339874 0.00406598 0.00273722 0.9997955  0.99987686 0.99958485
 0.99981886 0.9997768 ]
[0.00235497 0.00183416 0.03728756 0.00320057 0.00208697 0.9998785
 0.99988997 0.9998092  0.99979156 0.99987805 0.0021694  0.00210288
 0.00202769 0.00347326 0.00178504 0.99977237 0.9997936  0.99948764
 0.9997814  0.9998777 ]
[0.00313693 0.00185276 0.04950955 0.00393997 0.00189927 0.9998592
 0.99986553 0.9998832  0.9997234  0.9998134  0.00553155 0.00390887
 0.00223855 0.00452187 0.00198863 0.9998591  0.9998179  0.999616
 0.9997727  0.999806  ]
[0.00210174 0.00185747 0.05947874 0.00339599 0.00183263 0.9998087
 0.99978    0.9999014  0.9997079  0.99989784 0.00651224 0.00311438
 0.00262082 0.00203189 0.00211504 0.9997873  0.9998178  0.99960726
 0.9998429  0.99984694]
[0.00177362 0.00248094 0.05807223 0.00375051 0.0022568  0.9998945
 0.9999039  0.99989367 0.9998708  0.9998319  0.00322139 0.00278926
 0.00400875 0.00237523 0.00185425 0.99983346 0.9998078  0.9995727
 0.9997583  0.99979895]
[0.00249533 0.00185368 0.03407079 0.00336521 0.00196489 0.99990773
 0.99985147 0.9998273  0.9997813  0.9997614  0.00407498 0.00297491
 0.00349607 0.00240045 0.00204508 0.99981314 0.9997888  0.9996939
 0.9997706  0.9998808 ]
[0.00287148 0.00218649 0.02121507 0.00303148 0.00196044 0.9998523
 0.9998198  0.9998864  0.9997253  0.99981815 0.00649458 0.00265322
 0.00295331 0.00377912 0.00171348 0.99982005 0.9998642  0.9995797
 0.9998702  0.9997775 ]
[0.00299848 0.00246805 0.03181803 0.00354994 0.00190625 0.99985015
 0.99985266 0.999871   0.99976724 0.99989045 0.00622341 0.00299534
 0.00321293 0.00213767 0.0025723  0.99987113 0.9998696  0.99961
 0.99972695 0.9997583 ]
[0.00217328 0.00231433 0.01384782 0.0025405  0.00182755 0.9998789
 0.99981135 0.99981695 0.99981326 0.9998673  0.00442089 0.00249616
 0.00383931 0.00181346 0.00327702 0.9998492  0.9998344  0.9997085
 0.9997311  0.99986947]
[0.00230276 0.00236818 0.01706002 0.00259355 0.00249014 0.9998357
 0.99990284 0.9999052  0.9997836  0.9998809  0.00270641 0.00307769
 0.00316196 0.00392639 0.00188889 0.9997918  0.99981326 0.99959594
 0.9998286  0.9998734 ]
[0.00255706 0.00182868 0.02618141 0.00313829 0.00244513 0.9998926
 0.9998845  0.9998361  0.99968433 0.99979943 0.00389134 0.00330136
 0.00322804 0.00191937 0.00222269 0.99986696 0.9998385  0.99970585
 0.9997398  0.9998173 ]
[0.00240285 0.00220558 0.04721097 0.0036786  0.0023729  0.99986017
 0.9998363  0.99991095 0.9997217  0.9997781  0.00379734 0.00336738
 0.00208124 0.00476693 0.00199107 0.999859   0.9997625  0.99963987
 0.9997744  0.9998605 ]
[0.00226719 0.00204187 0.08493619 0.00338322 0.00135815 0.9998529
 0.99987173 0.99977785 0.9997086  0.99975055 0.0071462  0.00430588
 0.00331176 0.00309342 0.00285668 0.99979204 0.99986804 0.9997038
 0.99982613 0.99976104]
[0.00251471 0.00273367 0.0253794  0.00322807 0.00188266 0.9998184
 0.99986386 0.99988794 0.99973994 0.9998865  0.00217217 0.00271686
 0.00415836 0.00189586 0.00194687 0.9998056  0.9998685  0.99967194
 0.9997472  0.99987185]
[0.0019349  0.00248888 0.0207671  0.00370825 0.00214657 0.99987566
 0.9998161  0.99986696 0.99974054 0.9998425  0.00440019 0.00289488
 0.00274999 0.00327951 0.00267393 0.9998211  0.99987185 0.9996505
 0.99981743 0.99985456]
[0.00224316 0.00198251 0.03556969 0.00303049 0.00297023 0.9998883
 0.9999083  0.9998758  0.9997321  0.9998654  0.002771   0.00244279
 0.0035328  0.00232462 0.00190256 0.9998734  0.99987996 0.99962974
 0.9996904  0.9997701 ]
[0.00206079 0.00259706 0.03152068 0.00331632 0.002192   0.9998599
 0.9998784  0.9998354  0.99982846 0.99981326 0.00214022 0.00301833
 0.00434912 0.00302356 0.00197785 0.99977475 0.9998066  0.99964404
 0.999752   0.9998357 ]
[0.00251572 0.00217419 0.02285209 0.00485141 0.00190485 0.99985695
 0.9998487  0.99982363 0.9998419  0.9997658  0.0031157  0.00397262
 0.00303943 0.00237146 0.00199549 0.9998516  0.9998678  0.99973387
 0.9998659  0.9998197 ]
[0.00229079 0.00206934 0.01816351 0.00420705 0.00222289 0.99981004
 0.9998896  0.9997868  0.99981743 0.9998542  0.00781636 0.00215106
 0.00309604 0.00175912 0.00220133 0.999843   0.9998754  0.9997584
 0.99981314 0.999826  ]
[0.00199424 0.00193092 0.05584256 0.00326264 0.0019716  0.99981517
 0.9998368  0.9997888  0.99978215 0.9998754  0.0054943  0.00384716
 0.00355325 0.00175261 0.00199654 0.99983025 0.9998627  0.9997507
 0.9998247  0.9998406 ]
[0.00267518 0.00180461 0.0309127  0.00324505 0.0017905  0.9997924
 0.99986744 0.99987805 0.9998247  0.9998869  0.00526884 0.00480124
 0.00663924 0.00400199 0.00182031 0.9998684  0.999824   0.9995963
 0.99986434 0.99984384]
[0.00299932 0.0017853  0.03446354 0.00291651 0.00243581 0.99987423
 0.9998388  0.99987745 0.999793   0.9998252  0.00554936 0.00304242
 0.00422085 0.00244385 0.00289381 0.99979407 0.9998455  0.9998103
 0.99984634 0.9998159 ]
[0.00240684 0.00190395 0.04610769 0.00294549 0.00189136 0.99985933
 0.99983287 0.99984074 0.9996922  0.99982375 0.00191994 0.00277611
 0.00335353 0.0024133  0.00326021 0.9998658  0.99981886 0.9996271
 0.99985754 0.99988544]
[0.00230742 0.00233815 0.01401286 0.00301239 0.00198493 0.999907
 0.99990666 0.9998932  0.99967945 0.99987185 0.0023781  0.0027687
 0.0030092  0.00197461 0.00171009 0.9998908  0.9997578  0.9995858
 0.99979585 0.9998735 ]
[0.00246225 0.00195929 0.02020989 0.00383908 0.00255949 0.99980813
 0.9998679  0.99987817 0.99977785 0.9998784  0.00596046 0.00364192
 0.00542608 0.0030558  0.0030421  0.999856   0.9998272  0.9997907
 0.9997781  0.9998779 ]
[0.00228884 0.00200297 0.05443043 0.00372886 0.00190667 0.9998567
 0.99984527 0.99982685 0.9998479  0.99978274 0.00606706 0.00199856
 0.00346436 0.00325197 0.00283386 0.99986804 0.9997739  0.9997017
 0.9998554  0.99986196]
[0.00199719 0.00222662 0.02610571 0.00390459 0.00216164 0.99990845
 0.99984753 0.9998977  0.99978    0.99976987 0.00302232 0.00269926
 0.00312665 0.00339153 0.00174076 0.99983716 0.999869   0.9997075
 0.99981207 0.999814  ]
[0.00242557 0.00247957 0.02871949 0.00342708 0.00186086 0.9998549
 0.99987984 0.999856   0.99972385 0.99984276 0.00649667 0.00316242
 0.00229107 0.00324228 0.00194289 0.9997727  0.9998497  0.9995827
 0.9998037  0.99984384]
[0.00189784 0.00241228 0.02529533 0.00386336 0.00197425 0.99985385
 0.9998765  0.9999074  0.99980146 0.99979585 0.0038308  0.00392882
 0.00504928 0.00419952 0.00315628 0.99978715 0.9997607  0.99961615
 0.9997986  0.9997464 ]
[0.00168611 0.00215864 0.04674193 0.00386031 0.0021668  0.9998965
 0.99990594 0.9998765  0.99976116 0.99987483 0.00629383 0.00201192
 0.00362242 0.00225659 0.00186983 0.9998591  0.9998802  0.99970907
 0.99979705 0.99975544]
[0.00184372 0.00237776 0.0677195  0.00342596 0.00212985 0.9998667
 0.9998884  0.9998248  0.99977714 0.99983644 0.00611655 0.002391
 0.00287387 0.00344549 0.00232184 0.99984777 0.9998141  0.9995834
 0.9998678  0.9998901 ]
