[0.00254134 0.00222075 0.06344604 0.00402862 0.00273504 0.9999062
 0.9998568  0.99977094 0.99984396 0.99979585 0.00349227 0.00210248
 0.00316747 0.003026   0.00215182 0.99977976 0.99980134 0.9997254
 0.9997613  0.99983597]
[0.00265235 0.00251784 0.33981225 0.00381782 0.00170206 0.99981767
 0.99986625 0.99987423 0.9997422  0.9997787  0.00241628 0.00320153
 0.00267432 0.00257805 0.00204423 0.9998186  0.9998436  0.9996259
 0.9997992  0.99987817]
[0.00297204 0.00197151 0.04963811 0.00343723 0.00189446 0.99986804
 0.9998969  0.9998876  0.9996774  0.99981576 0.00903049 0.00427793
 0.00305705 0.0025521  0.00188616 0.99985385 0.9997831  0.9995005
 0.9997634  0.9998802 ]
[0.00196938 0.0023179  0.03540757 0.0036263  0.00193361 0.99989283
 0.9998443  0.9998047  0.99983716 0.9998165  0.00459026 0.00315637
 0.00331261 0.00265951 0.00178524 0.99977857 0.9997706  0.999642
 0.99970055 0.99987566]
[0.00234172 0.00254876 0.0651975  0.00294111 0.0025841  0.9998822
 0.9999008  0.9998155  0.99966526 0.9998779  0.0047534  0.00219374
 0.00306989 0.00253494 0.00213381 0.9998099  0.9998815  0.99977773
 0.9997981  0.9997793 ]
[0.00222843 0.00194454 0.06146284 0.00282469 0.00184913 0.9998816
 0.9999094  0.99985456 0.9997185  0.99982375 0.00620178 0.00312665
 0.00493035 0.00210042 0.00233666 0.99986684 0.9998424  0.999652
 0.99986565 0.9998859 ]
[0.0021985  0.00192954 0.07203391 0.00566299 0.00212241 0.99986744
 0.99986684 0.99989545 0.99970156 0.99988186 0.00209281 0.0023833
 0.00329338 0.00293281 0.0019581  0.99983764 0.9998722  0.99974746
 0.9997899  0.9997919 ]
[0.00250585 0.00197959 0.09543688 0.00360568 0.00309323 0.99990225
 0.9998087  0.9998814  0.99978    0.99985504 0.00775739 0.0042266
 0.00310295 0.00196573 0.00322322 0.9998115  0.99987376 0.99967253
 0.99987483 0.9997521 ]
[0.00231191 0.00185957 0.04393035 0.0032125  0.00277753 0.9998789
 0.99980587 0.9998523  0.9998348  0.9997454  0.00564787 0.00302161
 0.00245345 0.00285455 0.00280645 0.9998807  0.9998294  0.999762
 0.99983454 0.9998808 ]
[0.00319894 0.00212399 0.063077   0.00202586 0.00251981 0.9998772
 0.99984014 0.9998048  0.9996654  0.9997851  0.0027702  0.00368799
 0.00184912 0.00384445 0.00178667 0.9998846  0.999762   0.99948657
 0.99978024 0.99979466]
[0.00208149 0.00214161 0.0434997  0.00409732 0.00216836 0.9998952
 0.99986887 0.99990726 0.9997546  0.9998795  0.00429528 0.00199235
 0.00430957 0.0046096  0.00232019 0.99987996 0.9998529  0.99964213
 0.9998702  0.99989533]
[0.00181021 0.00190145 0.03848184 0.00313582 0.00201827 0.9998884
 0.9998908  0.99984896 0.9997085  0.9998964  0.00198649 0.00569353
 0.00359266 0.00372671 0.00476429 0.99983764 0.9998473  0.9996773
 0.99973625 0.9997571 ]
[0.00249059 0.00179892 0.12481134 0.00323158 0.00220221 0.99991214
 0.99988234 0.9998123  0.99976665 0.99984956 0.00791186 0.00571915
 0.00260846 0.00336538 0.00174779 0.99988806 0.9998029  0.99940145
 0.9998603  0.99988544]
[0.00227406 0.00223609 0.07832544 0.00375522 0.00238748 0.99983644
 0.9998734  0.9998791  0.9998443  0.9998785  0.00445019 0.00358014
 0.00300558 0.00259248 0.0022939  0.99985087 0.9998629  0.99962485
 0.9998827  0.9998124 ]
[0.00202278 0.00205896 0.24750465 0.00206213 0.00213537 0.99991405
 0.99982697 0.99979204 0.9997336  0.99986017 0.00502812 0.00289185
 0.00466728 0.00369829 0.00221892 0.9997774  0.9998497  0.99965763
 0.9998623  0.9998846 ]
[0.00303131 0.00231158 0.03075687 0.00403881 0.0021027  0.9999081
 0.9998728  0.99989986 0.99978644 0.99989283 0.00484089 0.00418746
 0.00381491 0.00181117 0.00254829 0.9998703  0.99987495 0.9996648
 0.99985087 0.99984956]
[0.00235539 0.00173236 0.0771402  0.00291015 0.00203884 0.9998934
 0.99986315 0.9998104  0.999666   0.9997689  0.00741032 0.00328225
 0.00517221 0.00243873 0.00173589 0.9998739  0.99981076 0.9998091
 0.9998134  0.99983513]
[0.00267017 0.00237583 0.02814276 0.00359227 0.00200948 0.9998895
 0.99980825 0.99988306 0.99970216 0.9998105  0.0034185  0.00289527
 0.00239405 0.0051256  0.00199517 0.9997702  0.9998807  0.99966776
 0.99982685 0.99984026]
[0.00257985 0.00321562 0.10098258 0.00526447 0.00181094 0.9998468
 0.999838   0.99987495 0.9997924  0.9998419  0.00781174 0.00294743
 0.0029043  0.00335346 0.00347908 0.9998497  0.9998745  0.9997068
 0.9997919  0.99978393]
[0.00227886 0.00231703 0.14496598 0.00274097 0.00208458 0.99987626
 0.9998983  0.99990344 0.99967813 0.9998791  0.00557992 0.00225215
 0.00247235 0.00396375 0.00179846 0.9998116  0.99975556 0.9996018
 0.9998362  0.9998418 ]
[0.00305774 0.00193913 0.6919154  0.00445634 0.00252261 0.9998273
 0.99981576 0.99986565 0.9998215  0.9998759  0.00269469 0.00247967
 0.00609102 0.00190204 0.00193458 0.99988234 0.9998259  0.99963295
 0.9997451  0.999843  ]
[0.00219425 0.00266425 0.03792901 0.00334011 0.00227453 0.9999149
 0.9997842  0.9997998  0.99976295 0.9997563  0.00647276 0.00346986
 0.0029323  0.00267148 0.00224571 0.9998204  0.9997768  0.9994974
 0.99986446 0.99988425]
[0.00231867 0.00260033 0.09316786 0.00403796 0.00248406 0.9998944
 0.9998068  0.99989164 0.99984074 0.9998275  0.0018122  0.00298115
 0.003817   0.00333121 0.00388721 0.99984384 0.99976045 0.9997218
 0.99982387 0.99984384]
[0.0025028  0.0027196  0.25685796 0.00520106 0.00176793 0.99982613
 0.99991107 0.99980646 0.9997223  0.9998957  0.00474903 0.00292788
 0.00604596 0.00356383 0.00257619 0.9998957  0.99983585 0.999754
 0.99977225 0.9997993 ]
[0.0021533  0.00262252 0.05268084 0.00404052 0.0022674  0.99988115
 0.9998698  0.99981076 0.9997998  0.9997546  0.0021142  0.00300737
 0.00436812 0.00269334 0.00276218 0.99984825 0.99984133 0.99960285
 0.9998523  0.9998611 ]
[0.00227814 0.0027356  0.03267309 0.00321238 0.00229119 0.999915
 0.99987316 0.9998703  0.9996866  0.9998938  0.00704203 0.00339909
 0.00421337 0.00247978 0.00226947 0.9998807  0.9997689  0.999683
 0.9998266  0.9997621 ]
[0.00204262 0.00219107 0.04151526 0.00299545 0.0018591  0.9998566
 0.99988306 0.9998209  0.9997464  0.99980885 0.00265014 0.00286422
 0.00270436 0.00352476 0.00173258 0.9997633  0.9998547  0.9997894
 0.9998078  0.9998673 ]
[0.00225204 0.00252517 0.08707603 0.00398007 0.00236904 0.99989176
 0.9998938  0.99988604 0.999645   0.999881   0.00313939 0.002719
 0.00611406 0.00366363 0.00218946 0.99983037 0.99974304 0.9997445
 0.99980086 0.99981016]
[0.00233711 0.00283164 0.05849884 0.00472411 0.00213127 0.9998436
 0.9998312  0.9998054  0.999754   0.9998247  0.00445169 0.00215255
 0.00416222 0.00233416 0.00454238 0.99983716 0.99982136 0.9996239
 0.9998765  0.99988735]
[0.00252627 0.00221742 0.04958416 0.00338701 0.00264007 0.9999002
 0.9998671  0.9998116  0.999721   0.999876   0.00271639 0.00218761
 0.00223698 0.0029925  0.00289246 0.9998573  0.9997503  0.9997366
 0.99982965 0.99988425]
[0.00175548 0.00178841 0.04635303 0.00331826 0.00201819 0.99987555
 0.9998567  0.99978346 0.9997888  0.9998061  0.00646034 0.00367337
 0.0028146  0.00315161 0.00400309 0.99982554 0.9997639  0.99962497
 0.9998448  0.99980444]
[0.00280636 0.00226055 0.09229702 0.00378225 0.00212758 0.9998247
 0.9998791  0.9998759  0.9997999  0.9998561  0.00859626 0.00291143
 0.00429222 0.00196249 0.00182481 0.9998815  0.9998791  0.9996099
 0.99979216 0.9997774 ]
[0.00223992 0.00183176 0.11397674 0.00335664 0.00258455 0.99988854
 0.9998435  0.9999044  0.9998561  0.99987626 0.00711723 0.00395144
 0.0024807  0.00275487 0.00218651 0.99979585 0.9997726  0.9996339
 0.99985504 0.9998392 ]
[0.00230061 0.00208389 0.0633129  0.00347574 0.00218395 0.99991107
 0.99983275 0.9998827  0.99973375 0.99989235 0.00567441 0.00271575
 0.00437213 0.00306547 0.00209739 0.9998499  0.99978477 0.9997569
 0.99987245 0.99975735]
[0.00219851 0.00202718 0.05168511 0.00194023 0.00105858 0.9998609
 0.99989545 0.99982905 0.99964917 0.999841   0.0063787  0.00493914
 0.00349262 0.00247828 0.00221295 0.99981457 0.9998802  0.99977857
 0.999742   0.9998908 ]
[0.00234713 0.00177903 0.23336159 0.00450774 0.00212867 0.99986565
 0.99979466 0.99989617 0.9997011  0.99985313 0.00316551 0.00338493
 0.00306482 0.00209334 0.00185088 0.9998852  0.999859   0.9995503
 0.9997801  0.9998116 ]
[0.00194352 0.00190518 0.23629525 0.00379629 0.00248534 0.99986184
 0.99990535 0.9998472  0.9997261  0.9998367  0.00376975 0.00288079
 0.0038652  0.00322594 0.00264975 0.99976367 0.99981517 0.9996062
 0.9997315  0.9998357 ]
[0.00230479 0.00174058 0.11412436 0.00465392 0.00204383 0.99991906
 0.9998062  0.9998946  0.999713   0.9998878  0.00426736 0.00312411
 0.00438981 0.00175848 0.00183033 0.99989474 0.9998797  0.9995448
 0.99980575 0.9998568 ]
[0.00262757 0.00214303 0.03469623 0.0026103  0.00203909 0.999866
 0.9997856  0.99989843 0.9997323  0.9998591  0.00720515 0.00181407
 0.00362934 0.00293781 0.00217215 0.9997899  0.99984753 0.9997404
 0.99982786 0.9998197 ]
[0.00238094 0.0027526  0.04722754 0.0050051  0.00278764 0.9998721
 0.99987304 0.9998178  0.9997981  0.9998858  0.00554094 0.00393396
 0.00264925 0.00348169 0.00339608 0.99981505 0.9998534  0.99975806
 0.99972326 0.9998098 ]
[0.00205937 0.00194359 0.15912269 0.0040558  0.00164454 0.9999081
 0.99984944 0.99988353 0.9997247  0.9997732  0.00712159 0.00281329
 0.00296045 0.00345494 0.00331239 0.99988806 0.99985456 0.999642
 0.9998154  0.99983835]
[0.00219449 0.00287944 0.17707323 0.00413091 0.00186228 0.99984074
 0.99979216 0.99978215 0.9998055  0.9998822  0.00342805 0.0029768
 0.00298845 0.0032958  0.00804638 0.9998672  0.9998721  0.9995629
 0.99975556 0.99976724]
[0.00326934 0.00222581 0.06542303 0.00289442 0.00242559 0.9998975
 0.9998136  0.999828   0.9996687  0.9998424  0.00491356 0.00385972
 0.00500018 0.00359829 0.00214415 0.99983513 0.99988055 0.9995622
 0.9997583  0.9997565 ]
[0.00251774 0.00174033 0.0318342  0.00448532 0.00164269 0.9998777
 0.9998016  0.9997981  0.9998299  0.99983215 0.00603327 0.00324579
 0.00226434 0.00240282 0.00282036 0.9998518  0.9998343  0.99969184
 0.99982244 0.9998165 ]
[0.00216934 0.00240343 0.08270399 0.00445076 0.0020152  0.99988294
 0.9998616  0.99988925 0.9997898  0.9998036  0.00423272 0.00339623
 0.00215463 0.0020589  0.0018983  0.9998185  0.99983644 0.999783
 0.9998165  0.9998871 ]
[0.00278105 0.00277392 0.17677045 0.00484723 0.00252301 0.9998592
 0.9997832  0.99981004 0.99977773 0.9998944  0.00624617 0.00429053
 0.00459439 0.00298558 0.0032283  0.9998888  0.99983454 0.99967945
 0.99984217 0.9998661 ]
[0.00274265 0.00206886 0.20797291 0.00384308 0.00201977 0.99989665
 0.99986553 0.99989617 0.99983656 0.9998727  0.00769564 0.00212605
 0.00422047 0.00333211 0.00178829 0.9998367  0.9997621  0.9997067
 0.999828   0.9998753 ]
[0.0023102  0.00183665 0.06076857 0.00291396 0.0019873  0.9998211
 0.99991286 0.9998801  0.999678   0.99977833 0.00798469 0.00333503
 0.0029442  0.00348344 0.00166508 0.99984586 0.99989367 0.9996026
 0.999777   0.99987423]
[0.00289448 0.00260204 0.0906554  0.00283964 0.00178326 0.99988174
 0.99985516 0.9998956  0.99982965 0.99988914 0.00446794 0.00355571
 0.00269857 0.00429937 0.00249611 0.9998337  0.9997516  0.9996923
 0.99986434 0.9997514 ]
[0.00189881 0.0017578  0.06293215 0.00401323 0.00188762 0.9998292
 0.9998535  0.99986434 0.9997309  0.99982136 0.00403411 0.00221053
 0.00330684 0.00203126 0.00201012 0.9998716  0.99984753 0.9997676
 0.9997446  0.99987245]
[0.002013   0.00171646 0.06379983 0.0037105  0.00213673 0.99991107
 0.9997943  0.99987686 0.9998454  0.9997948  0.00623536 0.00329556
 0.00300569 0.00185264 0.00219696 0.9997812  0.9997812  0.99965906
 0.99986136 0.99976677]
[0.00181374 0.00185218 0.07074495 0.00280562 0.00212705 0.99989164
 0.9998635  0.9998691  0.9997259  0.99986863 0.00541838 0.0021112
 0.00232453 0.00206263 0.00173486 0.99986315 0.99977833 0.9994679
 0.99984753 0.9998838 ]
[0.00217954 0.0018936  0.05533327 0.00434676 0.00206341 0.9998367
 0.9998499  0.99983096 0.9997863  0.99986935 0.0039731  0.00226736
 0.00332247 0.00268771 0.00268379 0.99979144 0.9998605  0.999796
 0.9998023  0.9998802 ]
[0.00203936 0.00206185 0.05823908 0.00358067 0.00185245 0.9998889
 0.9998982  0.999897   0.9998161  0.99980325 0.00388521 0.00299774
 0.00422565 0.00250723 0.00344178 0.9998927  0.9997954  0.9996456
 0.999864   0.99984384]
[0.00213104 0.00198441 0.86945194 0.0028306  0.0021435  0.9998511
 0.9999026  0.9998456  0.99968994 0.9998816  0.00209446 0.00386029
 0.00498444 0.00646591 0.0021242  0.9998272  0.99979347 0.9997514
 0.99986434 0.99982893]
[0.00235456 0.00195968 0.03846462 0.00308314 0.00221375 0.99982065
 0.9998604  0.999819   0.99973196 0.99985003 0.00197612 0.0035846
 0.003616   0.00274229 0.00288008 0.9998406  0.9998418  0.99963844
 0.99987566 0.99988294]
[0.00327905 0.00197038 0.03499039 0.0036799  0.00220664 0.9998549
 0.9998362  0.9998752  0.99974185 0.9998323  0.00356253 0.0025303
 0.00473287 0.00262029 0.00209764 0.9998926  0.99983263 0.9998149
 0.99986184 0.9998518 ]
[0.00297497 0.001744   0.06424136 0.00357322 0.00287472 0.9998623
 0.9998454  0.9998259  0.99977225 0.9998839  0.00560941 0.00294
 0.0027395  0.00187436 0.00201052 0.9998721  0.9997998  0.99965763
 0.9998721  0.99984586]
[0.00231659 0.00205472 0.07862124 0.00284155 0.00182106 0.9998677
 0.9998895  0.9998479  0.9998179  0.99983835 0.00262652 0.0052335
 0.00316592 0.00278118 0.00175153 0.9997756  0.9997658  0.9995671
 0.9998441  0.9998394 ]
[0.00250173 0.00196632 0.16086185 0.00404686 0.00232986 0.99991655
 0.99989974 0.9998293  0.9997663  0.999882   0.00650892 0.00289311
 0.00769976 0.00309147 0.00221218 0.99979407 0.99974245 0.99960154
 0.999775   0.9997867 ]
[0.00223808 0.00191903 0.03397342 0.00314403 0.00220856 0.999902
 0.9998485  0.9998024  0.999824   0.9997993  0.00335365 0.00315973
 0.00400642 0.00246292 0.00225068 0.9998436  0.9998729  0.9997683
 0.99973005 0.999859  ]
[0.00270753 0.00210286 0.0346075  0.00542748 0.00206874 0.9999105
 0.99989617 0.9998667  0.9997298  0.9998242  0.00601076 0.00300662
 0.00298557 0.00300397 0.00200016 0.9998661  0.9998479  0.99959
 0.99985445 0.9997514 ]
[0.00216107 0.0020312  0.10491025 0.00381079 0.00200982 0.9998952
 0.99980575 0.9998746  0.99977463 0.99988997 0.00910177 0.00255022
 0.00275448 0.00264647 0.00171507 0.9998172  0.9998534  0.99953234
 0.9997546  0.9998084 ]
[0.00206242 0.0017891  0.05492187 0.00331062 0.00198735 0.9999087
 0.9999033  0.9998871  0.9998203  0.9998882  0.00407121 0.00190967
 0.00559902 0.00320215 0.00193694 0.9997893  0.9998098  0.99959916
 0.9997465  0.9998802 ]
[0.00229221 0.00211727 0.27322766 0.00379757 0.0022341  0.9999238
 0.9998766  0.9999087  0.99976414 0.999866   0.01002667 0.00224341
 0.0034248  0.00333068 0.00175109 0.9997974  0.99987006 0.9997553
 0.9997987  0.99986887]
[0.00185878 0.00272885 0.06879096 0.0034347  0.00238609 0.9998678
 0.9998282  0.9998312  0.99971956 0.9998287  0.00692237 0.00300488
 0.0034087  0.00415532 0.00343087 0.99976355 0.99974245 0.99956876
 0.99987745 0.99980074]
[0.00238994 0.00249302 0.10074009 0.00296763 0.00178986 0.9998599
 0.99982387 0.99988914 0.9997675  0.9998727  0.00631349 0.00274686
 0.00264978 0.00352889 0.00302928 0.99988997 0.99987745 0.9996587
 0.9997974  0.99985933]
[0.00184455 0.00227584 0.27884775 0.00354826 0.00267223 0.9998485
 0.99988127 0.99980277 0.99977297 0.99985325 0.00587979 0.00293818
 0.00397305 0.00250189 0.00199281 0.99982774 0.9998233  0.9997646
 0.9998636  0.99978703]
[0.00341401 0.00225031 0.1146982  0.00344737 0.00248286 0.9998958
 0.9997763  0.9998661  0.999828   0.9997985  0.00373612 0.00228567
 0.00364001 0.0025149  0.00151824 0.99983525 0.9998561  0.9994777
 0.9997967  0.9998461 ]
[0.00226642 0.00212406 0.0350578  0.00413058 0.00184652 0.9998301
 0.9999013  0.99986887 0.99978346 0.9998436  0.00316862 0.0024367
 0.00331721 0.00236234 0.00164728 0.9997702  0.9997693  0.99961215
 0.99981934 0.99980944]
[0.00283589 0.00278267 0.0211372  0.00413434 0.0020007  0.9998566
 0.9998385  0.99989986 0.99981934 0.9998449  0.00362538 0.00263943
 0.00272545 0.00199386 0.00188348 0.99982697 0.999864   0.99939644
 0.99985576 0.9997454 ]
[0.00190065 0.00250655 0.12600236 0.00374939 0.00212614 0.999826
 0.9998062  0.9998698  0.9998524  0.9997805  0.00330744 0.00371514
 0.00321262 0.0038314  0.00175418 0.99979    0.99984205 0.9997671
 0.9997923  0.9998337 ]
[0.00305373 0.0020112  0.02601312 0.0047819  0.00235313 0.9998884
 0.9998797  0.9998305  0.99984956 0.99985087 0.00485602 0.00254977
 0.00258306 0.00284604 0.00182779 0.99976426 0.99983037 0.99963176
 0.9998053  0.99983   ]
[0.00169398 0.0028324  0.06284155 0.00444505 0.00221416 0.9999056
 0.9998542  0.9998085  0.99975365 0.9998646  0.00385961 0.00305891
 0.0029281  0.0047857  0.00268065 0.99988306 0.9998628  0.9996989
 0.9998056  0.999889  ]
[0.00218939 0.00182692 0.13189757 0.00368967 0.00189871 0.99986506
 0.9998982  0.99981695 0.99969316 0.9998827  0.00253763 0.00290114
 0.00511547 0.00268142 0.00178858 0.99986994 0.99987817 0.9997985
 0.9997335  0.9998914 ]
[0.00269145 0.0018723  0.09998706 0.00412459 0.00217542 0.99982834
 0.9998393  0.9998004  0.99968815 0.99984515 0.00453737 0.0039385
 0.00292903 0.0026966  0.00246288 0.9998222  0.99977046 0.99967873
 0.9998115  0.999882  ]
[0.00281845 0.00189711 0.07389061 0.00232694 0.00215219 0.99985206
 0.99990714 0.99983454 0.99962354 0.99982774 0.00210695 0.0033421
 0.0023246  0.00256656 0.0017631  0.99986887 0.99980146 0.99943715
 0.9998493  0.99984145]
[0.00164379 0.00174452 0.0796475  0.00419837 0.00177558 0.9998896
 0.9998324  0.9998838  0.9997434  0.999843   0.00677655 0.00458578
 0.004337   0.00305262 0.00270798 0.99975127 0.99981195 0.9996501
 0.999874   0.99980277]
[0.00315842 0.00260272 0.09773674 0.00454286 0.00197634 0.99985266
 0.9998522  0.9998877  0.9997937  0.99979407 0.00434525 0.00321792
 0.00491252 0.00309057 0.0024321  0.9997732  0.999877   0.99974877
 0.9997284  0.99976164]
[0.00192557 0.00195531 0.5097598  0.00389585 0.00216366 0.99986243
 0.99989533 0.9999008  0.99965274 0.99983466 0.00490049 0.0026668
 0.00214805 0.00333248 0.00209723 0.99978036 0.999843   0.99967515
 0.9998474  0.9998869 ]
[0.00261071 0.00171873 0.21416573 0.00514129 0.00192602 0.9999254
 0.9998098  0.9999093  0.99983525 0.99988234 0.00763753 0.00349513
 0.00291385 0.00355917 0.00201436 0.9998343  0.9998734  0.9997502
 0.99981004 0.9998604 ]
[0.00197884 0.00254593 0.08835191 0.00358887 0.00236712 0.99987495
 0.99988854 0.99990284 0.99981576 0.9998305  0.0025532  0.00269692
 0.00359728 0.00274576 0.00357228 0.99987936 0.999795   0.9997658
 0.9998024  0.9997905 ]
[0.00177992 0.00174153 0.64463776 0.00433856 0.00188348 0.99982834
 0.9999013  0.9998776  0.9996444  0.9998971  0.00443811 0.00287799
 0.00323753 0.00351683 0.00365256 0.9998803  0.99980265 0.99972683
 0.99981195 0.9998752 ]
[0.0033952  0.00242989 0.12445173 0.00386808 0.00380814 0.99989617
 0.9998585  0.99987876 0.999863   0.9998171  0.00407555 0.00296005
 0.00475312 0.0018454  0.00228872 0.9998223  0.99981934 0.9997495
 0.9998349  0.9998419 ]
[0.00222127 0.00214224 0.08193652 0.00318409 0.00197698 0.9998679
 0.99990416 0.9998734  0.99968016 0.9998704  0.00352067 0.00403018
 0.00252638 0.00256043 0.00213911 0.99983215 0.99973613 0.9996131
 0.9998217  0.99983156]
[0.00307911 0.00228577 0.21875504 0.00390424 0.00224999 0.99991286
 0.9997955  0.999803   0.99975187 0.99978286 0.00262205 0.00269007
 0.00368484 0.00371522 0.00183388 0.9998518  0.99974996 0.99980015
 0.99987626 0.9997552 ]
[0.00243101 0.00167665 0.06161192 0.00295825 0.00183861 0.99989116
 0.99983525 0.9998784  0.9997452  0.99987817 0.00770329 0.00287343
 0.00503244 0.00228256 0.00183791 0.99984574 0.9998615  0.99968064
 0.99987125 0.99978524]
[0.00178426 0.00272799 0.09843076 0.00364391 0.0022177  0.99984694
 0.9998348  0.99983585 0.99978405 0.9998896  0.00191272 0.00500867
 0.00252591 0.00223633 0.00332557 0.9998882  0.99984336 0.9996401
 0.99983    0.99985754]
[0.00261358 0.00220331 0.16622704 0.00350568 0.00267525 0.99983597
 0.9998579  0.9998198  0.9997588  0.9998078  0.00494083 0.00361998
 0.00229205 0.00287509 0.00264234 0.99985313 0.9998679  0.99956435
 0.99977535 0.99977785]
[0.00281708 0.00201975 0.08545695 0.00353746 0.00195806 0.99991643
 0.99984205 0.9998654  0.99966085 0.9998858  0.00206761 0.00187262
 0.00306448 0.00277799 0.00204928 0.99987507 0.9997383  0.9996468
 0.99977285 0.99984396]
[0.00253955 0.00211827 0.1145532  0.00310039 0.00180486 0.99987614
 0.9998822  0.9998946  0.99973696 0.99979967 0.0021065  0.00257152
 0.00187132 0.00221341 0.00253686 0.9997825  0.99981564 0.9996952
 0.9997409  0.9998778 ]
[0.00202179 0.00238321 0.20186736 0.00415636 0.00211278 0.99982065
 0.99979633 0.9998747  0.9996371  0.99980646 0.00387218 0.00364827
 0.00411914 0.00411336 0.00279904 0.9997898  0.9997888  0.99951947
 0.9998424  0.99975246]
[0.00271222 0.00177088 0.26678595 0.00359324 0.00235453 0.9998336
 0.9998436  0.9997836  0.9997229  0.99979275 0.00274609 0.00462254
 0.00312597 0.00439488 0.00208945 0.9998678  0.99987066 0.99971765
 0.99985075 0.9998584 ]
[0.00282695 0.00183506 0.16477233 0.00310855 0.0021851  0.9998945
 0.99983585 0.9998324  0.9997137  0.9997625  0.00531539 0.002877
 0.00373886 0.00244991 0.00387229 0.9998294  0.9998728  0.9995223
 0.99986684 0.99987614]
[0.00310307 0.00236406 0.06516113 0.00244134 0.00264184 0.99983
 0.9999069  0.99987316 0.99969506 0.99984324 0.00341902 0.00375967
 0.00241833 0.00211171 0.00195642 0.9997527  0.9998728  0.9995616
 0.9997669  0.99985445]
[0.00177896 0.00199191 0.0569941  0.00260106 0.00218582 0.9999039
 0.9998412  0.9998902  0.99968445 0.9998815  0.0054448  0.00301076
 0.00660062 0.00221193 0.00197438 0.9998399  0.9998747  0.99962807
 0.99984896 0.9998441 ]
[0.00246121 0.00191917 0.9139789  0.00362324 0.00207649 0.9998271
 0.9998995  0.99985707 0.9997539  0.9997745  0.00411123 0.00269939
 0.00493269 0.00256594 0.0023072  0.9998455  0.99979836 0.9996501
 0.9998301  0.99978405]
[0.00253342 0.00205416 0.04955223 0.00301976 0.00211905 0.99983907
 0.9998727  0.99989045 0.99984956 0.9997768  0.00181463 0.00400316
 0.00326688 0.00217136 0.00243072 0.9998981  0.99985003 0.9997676
 0.99982196 0.9998011 ]
[0.00271231 0.00210923 0.10242959 0.0033593  0.00267361 0.99989545
 0.9998933  0.9999062  0.9998054  0.99988616 0.00258775 0.00327216
 0.00439836 0.00198312 0.00227725 0.99983895 0.99987423 0.99955267
 0.9997441  0.99978524]
[0.00239506 0.00208239 0.0404565  0.00298957 0.00210509 0.99990976
 0.9997892  0.99987733 0.99972814 0.99984324 0.0049702  0.00345959
 0.00321115 0.00243041 0.00166368 0.9997652  0.99988437 0.99954814
 0.9998498  0.99988866]
