[0.00203287 0.00174997 0.01760382 0.00307975 0.00175693 0.9998957
 0.99987376 0.99988127 0.9997844  0.99988973 0.00775871 0.00334696
 0.00362524 0.00215918 0.00189329 0.99977285 0.99975556 0.9995425
 0.9998337  0.9998085 ]
[0.00258065 0.00180161 0.00648461 0.00370212 0.00195169 0.9998702
 0.9998535  0.9998443  0.9998338  0.99988043 0.00408246 0.00316585
 0.00398734 0.00184915 0.00204392 0.99983037 0.9998654  0.9994394
 0.9997913  0.9998005 ]
[0.00215338 0.00225414 0.0197079  0.00528899 0.00239817 0.99987423
 0.9997737  0.9998166  0.9997726  0.9998776  0.01287519 0.00210409
 0.00342438 0.00233228 0.00170019 0.99980205 0.9997501  0.99969876
 0.9998623  0.9998721 ]
[0.00329017 0.00206002 0.01817905 0.00433614 0.00168582 0.9998877
 0.9997973  0.999833   0.99982077 0.99984837 0.00584489 0.00405054
 0.0027288  0.00196105 0.00195518 0.99988925 0.99981195 0.99971265
 0.9997452  0.99977154]
[0.00232755 0.00228885 0.0114967  0.00336285 0.00188713 0.9998872
 0.99990106 0.9998671  0.9996908  0.9998598  0.00461554 0.00201323
 0.00347102 0.00244489 0.00173036 0.9997508  0.99976605 0.9996326
 0.9998437  0.99983275]
[0.00183021 0.00238833 0.01115679 0.00293044 0.00198247 0.99988985
 0.9998642  0.9998185  0.9997068  0.9998599  0.00433385 0.00229081
 0.0036598  0.00213469 0.00290565 0.9997578  0.9998609  0.99975103
 0.9997224  0.99987483]
[0.00275318 0.00222363 0.01368912 0.00270102 0.00181379 0.9998479
 0.99986815 0.9998155  0.9997392  0.9998512  0.00392282 0.00452683
 0.00376355 0.00419312 0.00222644 0.99987054 0.9998801  0.9995666
 0.999835   0.9998369 ]
[0.00259435 0.00179226 0.02720558 0.00468975 0.00237633 0.9998254
 0.99987733 0.99985754 0.999851   0.99989235 0.00433282 0.00274699
 0.00310178 0.00289008 0.0024828  0.99981767 0.99984574 0.99954176
 0.99987245 0.99985874]
[0.00223447 0.00187902 0.01654353 0.00356015 0.00174462 0.99985445
 0.9998529  0.9998789  0.99971026 0.99987996 0.00237552 0.00421214
 0.00308113 0.00295327 0.00233123 0.9997967  0.9997844  0.9997398
 0.9997619  0.99984753]
[0.00192899 0.00179668 0.00911826 0.00363873 0.00271912 0.9998105
 0.9998981  0.99983454 0.9997372  0.9998349  0.00339047 0.00408516
 0.0040711  0.0033067  0.0023979  0.99974555 0.9998461  0.9997242
 0.99977857 0.9998086 ]
[0.00241104 0.00187217 0.01993096 0.0035382  0.00255148 0.9998894
 0.9998634  0.9998185  0.99976    0.99984145 0.00356903 0.00348944
 0.00300635 0.00340924 0.00235882 0.99980205 0.9998085  0.9996412
 0.99982554 0.99985564]
[0.00282501 0.00205581 0.01446539 0.00420457 0.00172099 0.9998685
 0.9998203  0.99990106 0.999701   0.99989414 0.00484028 0.0032317
 0.00253685 0.0034976  0.00273443 0.99980396 0.9998673  0.9996105
 0.99975353 0.99979156]
[0.00257615 0.00253695 0.02417631 0.00469782 0.0022668  0.9998956
 0.999788   0.9998135  0.99975246 0.9998567  0.00390557 0.00397965
 0.00657751 0.00455835 0.0021956  0.9997657  0.99982697 0.9997522
 0.9998543  0.9998048 ]
[0.00266523 0.00201656 0.00855935 0.00404445 0.00176855 0.99988306
 0.99982846 0.9998437  0.9998272  0.99976593 0.00488982 0.00346064
 0.00291186 0.00315462 0.00243104 0.9998505  0.9997788  0.9997683
 0.9998635  0.99975353]
[2.8058204e-03 1.6020959e-03 2.0664986e-02 6.0527697e-03 2.3978825e-03
 9.9990439e-01 9.9983180e-01 9.9979156e-01 9.9966705e-01 9.9981707e-01
 2.8508408e-03 1.2594326e-03 4.4051413e-03 3.2841388e-04 2.2842013e-03
 9.9987853e-01 9.9987566e-01 9.9960703e-01 9.9984419e-01 9.9989164e-01]
[0.00185465 0.00231828 0.00818904 0.00355494 0.00226656 0.9998584
 0.9997863  0.99984276 0.99981374 0.9998777  0.00193052 0.00354909
 0.00394481 0.00217899 0.0017057  0.99987173 0.9997793  0.99963367
 0.99985814 0.99988556]
[0.00197635 0.00209534 0.02174749 0.00346211 0.00197432 0.99990845
 0.9998758  0.99984694 0.9997235  0.99978703 0.01116554 0.00341707
 0.0058767  0.00433398 0.00212405 0.99984574 0.9998691  0.999688
 0.99985766 0.9998876 ]
[0.00337015 0.00183094 0.01272724 0.00232147 0.00182337 0.99983406
 0.9998337  0.9999119  0.9997836  0.9998498  0.00854249 0.00207276
 0.00342369 0.00210219 0.00169323 0.99983597 0.9997547  0.9996044
 0.9997304  0.9998273 ]
[0.00182737 0.00309536 0.01785583 0.00271924 0.00190281 0.9998994
 0.99981445 0.9998288  0.9997179  0.9998215  0.00489311 0.00311065
 0.00414667 0.00195153 0.00184517 0.99979836 0.99988973 0.99968183
 0.99981993 0.99989426]
[0.00176092 0.00175939 0.01377519 0.00417274 0.00233134 0.99986076
 0.9998375  0.9997892  0.99967194 0.9997683  0.00442158 0.00320941
 0.00478458 0.00283677 0.00259464 0.9997811  0.99986434 0.99965453
 0.9997296  0.99977   ]
[0.00212813 0.00182646 0.01137193 0.00245418 0.00200571 0.9998111
 0.9998667  0.99983037 0.99982435 0.9998908  0.00814527 0.00275283
 0.00289643 0.00229301 0.00216347 0.9997899  0.99983335 0.9996321
 0.99985754 0.99988055]
[0.00214013 0.00185019 0.01583501 0.00336957 0.002909   0.9999099
 0.99987185 0.99979204 0.99971956 0.99978477 0.00420279 0.00303461
 0.00545857 0.00208974 0.00578676 0.99984944 0.99984443 0.99957937
 0.99985576 0.9998024 ]
[0.00229361 0.0020088  0.01368728 0.00374403 0.00186321 0.9998149
 0.99988806 0.9997842  0.9997217  0.9998381  0.00346736 0.00255657
 0.00209044 0.0026088  0.00209851 0.99977213 0.9998559  0.99971217
 0.99980813 0.99984896]
[0.00184258 0.00206289 0.0112589  0.00384829 0.00253326 0.9998436
 0.9998982  0.99985063 0.9997435  0.99980706 0.0029871  0.00322219
 0.0045181  0.00378705 0.00163132 0.99979156 0.9997304  0.99977165
 0.9998696  0.999841  ]
[0.00323642 0.00129521 0.00834988 0.0042064  0.00186212 0.9998988
 0.99988353 0.9998777  0.9998202  0.99980253 0.00665226 0.00288322
 0.00267555 0.00260073 0.00205234 0.9997706  0.999762   0.99967706
 0.9998272  0.99985385]
[0.00208682 0.0022007  0.0147572  0.00350426 0.00190876 0.99989724
 0.9998621  0.99985206 0.99975735 0.99988234 0.0065047  0.00482386
 0.00375    0.00342461 0.00172491 0.9998305  0.99978656 0.99978274
 0.9997851  0.9998048 ]
[0.00232562 0.00241794 0.01143807 0.00328833 0.00235339 0.9998258
 0.9998876  0.9999089  0.9998299  0.9998841  0.01225789 0.00394516
 0.00196356 0.00238375 0.00330479 0.9998547  0.99975866 0.99977416
 0.99983513 0.9998611 ]
[0.00220175 0.00264028 0.01596834 0.00340517 0.00218981 0.99989843
 0.9999088  0.9998635  0.9997842  0.99977714 0.00239269 0.00394696
 0.00400022 0.00423551 0.00226937 0.9997961  0.99976414 0.9995758
 0.99977154 0.9998568 ]
[0.00246386 0.00216649 0.01191619 0.00326962 0.00279702 0.99988985
 0.9998487  0.9998939  0.9998635  0.9997811  0.0077693  0.00196276
 0.00343027 0.00263006 0.00377268 0.99977285 0.9997855  0.99973315
 0.99983466 0.99988663]
[0.00311659 0.00202053 0.00935216 0.00245809 0.00246549 0.99987566
 0.9998796  0.9998406  0.9998524  0.9997789  0.00852836 0.00220382
 0.00317768 0.00228801 0.00206274 0.9998161  0.9997881  0.9995788
 0.99975353 0.99983823]
[0.00200931 0.00304243 0.01657996 0.00325014 0.00190011 0.9998939
 0.9998828  0.99990594 0.99983585 0.99982303 0.00937946 0.00256741
 0.00379212 0.00421295 0.00177236 0.9998055  0.9997794  0.9997844
 0.9998828  0.99988985]
[0.00275203 0.00257786 0.05349148 0.00328858 0.00189242 0.9998926
 0.999808   0.999866   0.99981385 0.99978596 0.00365012 0.00227404
 0.00174302 0.00209974 0.00274883 0.99988115 0.9998474  0.9996538
 0.9998449  0.9998386 ]
[0.00319668 0.00193751 0.02174467 0.00302202 0.00198795 0.99978
 0.99983144 0.9998287  0.9998197  0.9997701  0.00499227 0.00255909
 0.0035061  0.00230599 0.00175013 0.99976987 0.9998709  0.9997509
 0.999843   0.9997726 ]
[0.00183552 0.00230348 0.00987149 0.00242349 0.0021371  0.9999018
 0.99985516 0.9998646  0.99977297 0.9998884  0.00209285 0.00371093
 0.00329287 0.00339901 0.0017261  0.9998155  0.9998627  0.99958915
 0.99972886 0.9998858 ]
[0.00267486 0.001959   0.01061351 0.00304149 0.0017746  0.9998542
 0.9998648  0.9999101  0.99969995 0.9998393  0.00971506 0.00335203
 0.00425949 0.00395343 0.00169834 0.99979347 0.99981636 0.999729
 0.99979776 0.9998215 ]
[0.00233133 0.00191073 0.01563896 0.00498554 0.00208447 0.9997961
 0.99984765 0.999856   0.99982053 0.9998784  0.00190538 0.00288161
 0.00258953 0.00347363 0.00178186 0.9997998  0.99980897 0.99972814
 0.99974006 0.99987936]
[0.00207446 0.00184604 0.0202128  0.00334231 0.00214605 0.9998846
 0.99989164 0.9998541  0.9996724  0.9998585  0.00600097 0.00382017
 0.00316338 0.00206659 0.0025565  0.99978775 0.9998097  0.99979
 0.99981207 0.9997867 ]
[0.00214529 0.00228033 0.01360615 0.00328786 0.00255661 0.9998147
 0.99990845 0.99988997 0.99978405 0.9998895  0.00293906 0.0031263
 0.00491175 0.00278356 0.00472275 0.9998491  0.9997609  0.9995516
 0.9997671  0.99986553]
[0.00251988 0.00260344 0.01126991 0.00342913 0.00205325 0.9997973
 0.999879   0.9998957  0.99970585 0.99987984 0.00354481 0.0030796
 0.00422485 0.00230443 0.00171087 0.999845   0.99984014 0.99966085
 0.9998282  0.99986935]
[0.00220159 0.00241606 0.01876828 0.00437659 0.00247637 0.99987733
 0.9998404  0.99982953 0.9997371  0.9998418  0.00599426 0.00273308
 0.00232191 0.00258722 0.00192215 0.9998035  0.99981457 0.9997266
 0.9997762  0.9997824 ]
[0.00180266 0.00197244 0.01152205 0.00319977 0.00197914 0.99987245
 0.9998884  0.9998715  0.99968016 0.99980885 0.00817298 0.0039397
 0.00333875 0.00368036 0.00235923 0.99979776 0.99976474 0.9997906
 0.9997645  0.9998777 ]
[0.00217706 0.00182321 0.00573817 0.00263725 0.00204845 0.999778
 0.9998777  0.99978405 0.999723   0.99977344 0.00211306 0.00255607
 0.00398169 0.00326541 0.00274844 0.9998299  0.9998097  0.9995894
 0.9998659  0.9998745 ]
[0.00212917 0.00269018 0.01952702 0.00333051 0.00220872 0.99977106
 0.9998665  0.99981326 0.9997671  0.9998816  0.00382143 0.00231009
 0.00289549 0.00617869 0.00187765 0.999782   0.9997979  0.99968696
 0.9998196  0.999843  ]
[0.0022165  0.00194208 0.0195096  0.0035313  0.00182205 0.99983525
 0.9998349  0.99989486 0.9997621  0.9998523  0.00513683 0.00262071
 0.00378346 0.00243647 0.00184328 0.9997992  0.9997532  0.9996406
 0.99974483 0.9998561 ]
[0.00226102 0.00235851 0.01683604 0.00292593 0.0024822  0.9998901
 0.9999052  0.9998876  0.9997329  0.99982697 0.00673574 0.0021989
 0.00263448 0.00228016 0.00247067 0.9997892  0.99974805 0.9997441
 0.99983954 0.9998497 ]
[0.00192696 0.00175348 0.01692038 0.00388993 0.00189496 0.9998348
 0.99986744 0.9999043  0.9997856  0.999819   0.00693152 0.00277877
 0.00361898 0.00316868 0.00188216 0.99981385 0.99977523 0.999778
 0.99973935 0.9997981 ]
[0.00198015 0.0021559  0.01222665 0.00318888 0.00195694 0.999795
 0.9999021  0.9998282  0.99981946 0.9998565  0.00697745 0.00334673
 0.00262873 0.00285398 0.00198365 0.99983203 0.9998093  0.99946505
 0.99980694 0.99979824]
[0.00231321 0.00192856 0.00871003 0.00316492 0.00240449 0.9998605
 0.9999026  0.9998554  0.9997068  0.99978083 0.00844744 0.00310019
 0.00693314 0.00344175 0.00240492 0.999843   0.9998709  0.99955255
 0.99983144 0.999856  ]
[0.00277902 0.00243601 0.01145059 0.00414854 0.00211298 0.9998394
 0.9997979  0.99980634 0.9998147  0.99976355 0.0060373  0.00361564
 0.00422339 0.00305533 0.00287337 0.99989295 0.99984765 0.99962795
 0.99982953 0.99982965]
[0.00208347 0.00212947 0.01642318 0.00305262 0.00180365 0.9998989
 0.9998758  0.9998858  0.999856   0.99976295 0.00238186 0.0029955
 0.00540857 0.00453917 0.00206679 0.9997626  0.9998299  0.9994686
 0.99980026 0.99984753]
[0.00257829 0.00277742 0.01731382 0.00367766 0.00207764 0.9998901
 0.9998172  0.99983823 0.99969554 0.9998492  0.00721744 0.00238586
 0.00362987 0.00415538 0.00261311 0.99979526 0.9997497  0.9996195
 0.9998754  0.9998746 ]
[0.00247751 0.0020079  0.0189022  0.00288728 0.00182975 0.9998969
 0.9998853  0.9999062  0.9997551  0.99988866 0.00211798 0.00267245
 0.00313757 0.00204174 0.00289261 0.9998733  0.99978393 0.99974114
 0.99985576 0.99975973]
[0.00219342 0.00186149 0.01896791 0.00288436 0.00254016 0.9998777
 0.99991035 0.9998982  0.99971837 0.99984074 0.00346447 0.00391339
 0.00338688 0.0024362  0.00300742 0.999813   0.9997687  0.9997081
 0.9997553  0.9998466 ]
[0.00197448 0.00209759 0.01018657 0.00314361 0.0018856  0.99978787
 0.9998598  0.9998417  0.99977964 0.99980277 0.0076373  0.00281854
 0.00327475 0.00341307 0.00259638 0.9998574  0.99984133 0.999729
 0.9998062  0.9998399 ]
[0.00207026 0.00196676 0.01875323 0.00374874 0.00197563 0.9998356
 0.9997923  0.99984634 0.999706   0.9997603  0.00528905 0.00315725
 0.00413636 0.00256451 0.00241962 0.99978215 0.99980515 0.9997807
 0.99984837 0.9998405 ]
[0.00237007 0.00190613 0.01434493 0.00435421 0.00193556 0.9998418
 0.99989986 0.9998969  0.99977    0.9998048  0.00633799 0.00348124
 0.00461284 0.00182257 0.00297266 0.99979526 0.9998369  0.9997718
 0.99978524 0.999821  ]
[0.00192446 0.00224297 0.00861279 0.00328514 0.00193467 0.9998739
 0.9998281  0.99989426 0.99973124 0.99986947 0.00334827 0.00388328
 0.00292234 0.00268277 0.00402661 0.9998172  0.9998572  0.9997228
 0.99977785 0.9998447 ]
[0.0024118  0.00192923 0.01257553 0.00273516 0.00185734 0.99988854
 0.99981624 0.99985766 0.9998356  0.9998666  0.00599262 0.00267524
 0.00327658 0.00249916 0.00214501 0.9998342  0.9998331  0.9997297
 0.9998142  0.99986887]
[0.00267016 0.00259407 0.02073003 0.00285672 0.0018608  0.9998209
 0.99983823 0.99985373 0.99970835 0.9997843  0.00458397 0.00261757
 0.00333756 0.00360445 0.00427993 0.99983    0.9997385  0.99979633
 0.9998336  0.999841  ]
[0.00228058 0.00257014 0.01401275 0.00327123 0.00196956 0.9997924
 0.99986756 0.99987733 0.99977225 0.9998715  0.00403127 0.00273041
 0.00354724 0.0025337  0.00234294 0.9998274  0.99976546 0.9997365
 0.9998615  0.99986553]
[0.00239851 0.00211975 0.01149914 0.00477904 0.00203296 0.99985945
 0.99988127 0.9999058  0.99969864 0.99981695 0.01174021 0.00519091
 0.00256899 0.00323178 0.00172979 0.9998859  0.9998264  0.99972135
 0.9998029  0.9998042 ]
[0.0026151  0.0021427  0.10889738 0.00359459 0.0047672  0.99984705
 0.99981815 0.9998124  0.99979454 0.9998847  0.00324561 0.00277972
 0.0039457  0.00781271 0.00215237 0.9997782  0.9997942  0.99957544
 0.99986255 0.9998845 ]
[0.00230912 0.00197709 0.01009038 0.00330931 0.00188055 0.99990785
 0.99984026 0.999871   0.9996846  0.9998276  0.00640143 0.00339369
 0.00309365 0.00290492 0.00330084 0.99981076 0.9997812  0.99963796
 0.99981266 0.9997962 ]
[0.00289516 0.00246505 0.01625537 0.00376327 0.00184449 0.99980646
 0.999869   0.99982685 0.99983656 0.9998896  0.00532791 0.004133
 0.00245695 0.00195244 0.00182491 0.9997943  0.99985087 0.9995677
 0.9998857  0.99978334]
[0.00259587 0.00180095 0.00462734 0.00199805 0.00240753 0.9998765
 0.99986875 0.9999064  0.99966264 0.99985874 0.00645223 0.00293166
 0.00555695 0.00216749 0.00268494 0.99986994 0.9998492  0.9997038
 0.9998554  0.999869  ]
[0.00267786 0.0022381  0.02537506 0.00373198 0.00294843 0.99987864
 0.99990165 0.9998648  0.9998337  0.99981076 0.00456365 0.00201736
 0.00235253 0.00325377 0.00223213 0.99988246 0.99988127 0.9997968
 0.99976736 0.9998878 ]
[0.00253072 0.00185749 0.01524296 0.00353092 0.00220954 0.99982893
 0.9998666  0.99985456 0.99984396 0.99985445 0.0035488  0.00345896
 0.00247622 0.00394734 0.00288675 0.99986386 0.99986434 0.99971205
 0.9997538  0.9998871 ]
[0.00214348 0.0022935  0.02026128 0.00380607 0.00190014 0.9998479
 0.9998535  0.99979526 0.9996723  0.999861   0.00395548 0.00425988
 0.00376732 0.00272472 0.00226426 0.99982315 0.9998498  0.99969816
 0.99976605 0.9998838 ]
[0.00316162 0.00289081 0.01673046 0.0036481  0.00184141 0.9998275
 0.99982506 0.9998306  0.99978274 0.9997706  0.01045729 0.00385733
 0.00436675 0.00321394 0.00183943 0.99981743 0.9998348  0.9994929
 0.99977285 0.9998398 ]
[0.00256958 0.00173254 0.01312506 0.00356467 0.00310763 0.9998672
 0.9998047  0.9997814  0.9998124  0.99987423 0.0074794  0.00372852
 0.00319745 0.00246838 0.0020416  0.9998603  0.9998791  0.99958545
 0.999824   0.9997619 ]
[0.00236363 0.00202637 0.00711542 0.00274695 0.00208766 0.99989474
 0.99981815 0.9998265  0.9997789  0.9998579  0.00583591 0.00331167
 0.00217029 0.00192917 0.00187104 0.99984014 0.999892   0.9997664
 0.99984324 0.9998621 ]
[0.00317663 0.00179792 0.05549065 0.00368543 0.00213249 0.9999038
 0.9998579  0.99988806 0.9996761  0.99983025 0.00797977 0.00249902
 0.00224073 0.00206173 0.00190704 0.9998598  0.999846   0.9996131
 0.9997732  0.9998543 ]
[0.0026227  0.00204491 0.01312719 0.00287904 0.00180521 0.9998373
 0.99982303 0.9998086  0.99974984 0.99978215 0.0040931  0.00406649
 0.00258316 0.00434416 0.00188731 0.99980015 0.9998369  0.9997887
 0.9998135  0.9998846 ]
[0.0025827  0.00188408 0.00833467 0.00318607 0.00193466 0.9999013
 0.9998553  0.99985266 0.9997956  0.99978787 0.00414762 0.0019872
 0.00332749 0.00417044 0.00203132 0.99983513 0.9998079  0.9997671
 0.99981266 0.9997949 ]
[0.00230597 0.00274311 0.0087716  0.00372022 0.00230219 0.9998733
 0.99978393 0.9998222  0.9997862  0.9998142  0.00783698 0.00338529
 0.00264467 0.00224712 0.0017306  0.9998661  0.99986494 0.9997011
 0.9996835  0.99974626]
[0.00291449 0.00279776 0.0108892  0.00456626 0.00256917 0.99979573
 0.9998735  0.9997999  0.999853   0.99986887 0.00899878 0.00371241
 0.00363755 0.00183019 0.00177734 0.99978775 0.99987566 0.99956447
 0.99982005 0.99984586]
[0.00273327 0.00207949 0.01920306 0.00326337 0.00199553 0.99984634
 0.9998524  0.9998574  0.9998006  0.9998876  0.00409628 0.00560497
 0.00301787 0.00212057 0.00209847 0.99984777 0.9998727  0.99947697
 0.9998727  0.9998116 ]
[0.00228255 0.00223796 0.01050437 0.00304471 0.00265398 0.99979395
 0.9998902  0.9998635  0.9996803  0.9998665  0.00584314 0.00283083
 0.00261554 0.00223846 0.00184271 0.9998356  0.999734   0.99968195
 0.9998536  0.9998274 ]
[0.00264805 0.00190987 0.01312336 0.0030722  0.00270117 0.9998124
 0.99990773 0.9998872  0.9997056  0.99983275 0.00324628 0.00315671
 0.00466696 0.00508338 0.00229397 0.99986386 0.99984074 0.9997743
 0.99987173 0.99986625]
[0.00246255 0.00196063 0.01830259 0.00372251 0.00187966 0.9998254
 0.99990654 0.99980336 0.99958163 0.99989796 0.00786714 0.00290904
 0.00329416 0.00193741 0.00259027 0.99986017 0.99976844 0.9996189
 0.99982506 0.99979955]
[0.00282916 0.00178521 0.01403141 0.00254438 0.0022026  0.9998919
 0.9999089  0.99985254 0.99976784 0.9997845  0.00576312 0.00266997
 0.00250658 0.00382105 0.00215822 0.99977535 0.99976605 0.9997322
 0.9998387  0.99989283]
[0.0018393  0.00195141 0.01044778 0.00278441 0.00185818 0.99986434
 0.9998062  0.9998252  0.99981767 0.9998766  0.00274931 0.00354287
 0.0024399  0.00290346 0.00228111 0.9997744  0.99982566 0.9996463
 0.99972755 0.9997508 ]
[0.00244976 0.00252319 0.00514878 0.00458149 0.00216096 0.99989164
 0.9999006  0.99989367 0.9998591  0.99978167 0.00210758 0.00284862
 0.00308574 0.00327627 0.00314486 0.99981016 0.99984694 0.999757
 0.99973184 0.9998337 ]
[0.00188711 0.00196648 0.00886527 0.00337346 0.00202682 0.99977773
 0.999863   0.9998411  0.9996836  0.9998313  0.00752011 0.00209931
 0.00240157 0.00421933 0.00219993 0.9997874  0.9998363  0.9997167
 0.9997702  0.9997868 ]
[0.00287877 0.00177796 0.01501022 0.002893   0.00207562 0.99985695
 0.99990666 0.999848   0.9997274  0.9997782  0.00836549 0.00255355
 0.00542576 0.00217692 0.0018171  0.9997857  0.9998807  0.9996692
 0.99981874 0.99987173]
[0.00213218 0.00225135 0.01671335 0.00305459 0.00191373 0.9998971
 0.999907   0.9997999  0.99972075 0.9998815  0.00814057 0.00332003
 0.00481912 0.00223136 0.00221021 0.9998863  0.99976724 0.99955696
 0.9997745  0.99981457]
[0.002733   0.00203244 0.00708261 0.00329713 0.0024646  0.9998739
 0.9998734  0.99982697 0.99966455 0.9998758  0.00372949 0.00291087
 0.00262443 0.00277955 0.00232294 0.9998547  0.9997969  0.99973446
 0.9997334  0.9997632 ]
[0.0022968  0.00271337 0.01213157 0.00410345 0.00242773 0.999798
 0.9999051  0.9998055  0.9997471  0.99979156 0.00729282 0.00389752
 0.00437676 0.00241698 0.00228714 0.9997526  0.9998018  0.9997042
 0.99981624 0.9998393 ]
[0.00214385 0.001739   0.01303539 0.00368676 0.0022958  0.9998217
 0.9999007  0.99977857 0.99985504 0.9997907  0.00689183 0.00254457
 0.00370933 0.00242769 0.00269457 0.99987555 0.999793   0.99959356
 0.9997011  0.99987197]
[0.00242637 0.00175893 0.02035566 0.00260489 0.00202168 0.9998411
 0.9999013  0.9998118  0.99969316 0.9997738  0.00262653 0.00264721
 0.00482954 0.00319803 0.00176694 0.9998599  0.9998493  0.9996699
 0.999856   0.9998166 ]
[0.00221545 0.00189662 0.01052687 0.00318148 0.00224799 0.99983704
 0.99990094 0.9997882  0.9996729  0.9998826  0.00492877 0.00364773
 0.00300997 0.00373034 0.00240417 0.9997764  0.9998456  0.99970216
 0.9997842  0.9998336 ]
[0.00232411 0.00208485 0.01566855 0.00305891 0.00177869 0.9998896
 0.9998908  0.99988914 0.9997762  0.99982846 0.00231504 0.00275249
 0.00263579 0.00275079 0.00196621 0.9998945  0.9997464  0.9996561
 0.9997969  0.9998596 ]
[0.00265004 0.00175689 0.00827634 0.00356956 0.00252052 0.9999027
 0.99989307 0.9998319  0.9997758  0.99986696 0.00638601 0.00329209
 0.00417887 0.00255035 0.00222928 0.9998234  0.9998715  0.9994623
 0.9998041  0.9997693 ]
[0.00278295 0.0020159  0.01527844 0.00377094 0.00231608 0.99985445
 0.9999037  0.99984646 0.9998288  0.9998294  0.00518462 0.00261524
 0.00250389 0.0022751  0.00181916 0.9998361  0.99980396 0.99965525
 0.99986625 0.9997873 ]
[0.0029719  0.00194547 0.01727732 0.00281359 0.00209604 0.999884
 0.9998876  0.99986553 0.9998091  0.9998629  0.0043302  0.00294309
 0.00187349 0.00652458 0.00293707 0.99983835 0.9998078  0.99962425
 0.9997923  0.99988306]
[0.00243386 0.00193381 0.02350433 0.0044128  0.0019128  0.9998122
 0.9998621  0.9998863  0.9998037  0.9997893  0.00507692 0.00368663
 0.0037308  0.00232429 0.00181451 0.9998355  0.99976236 0.9995757
 0.9998411  0.9997658 ]
[0.00251624 0.00193089 0.01044348 0.00352875 0.00247957 0.9999018
 0.9998035  0.9998267  0.99985456 0.9997987  0.00559145 0.00600977
 0.00377203 0.00356688 0.00188743 0.99984765 0.9997483  0.99978524
 0.9997924  0.99976724]
[0.00275629 0.00226523 0.01314672 0.00377016 0.00201324 0.9998337
 0.9998585  0.9998393  0.9997396  0.9998017  0.00519288 0.00260128
 0.00293006 0.00311351 0.00211856 0.9998721  0.999828   0.9997769
 0.9998747  0.99979836]
[0.00227821 0.00210759 0.01664357 0.00349457 0.00252402 0.9998535
 0.999841   0.9998903  0.999851   0.9997875  0.00217675 0.00443744
 0.00256896 0.00709644 0.00238903 0.9997929  0.9997217  0.99962366
 0.9998022  0.99979323]
[0.0025272  0.0021144  0.0083346  0.00291395 0.00220533 0.9998956
 0.9997975  0.99985766 0.9997174  0.9997805  0.00538085 0.00388444
 0.00401908 0.00279727 0.00261739 0.99978215 0.9997558  0.9996031
 0.99981004 0.9997471 ]
