[0.00172672 0.00201813 0.9964066  0.00664776 0.00207277 0.99987197
 0.9998122  0.9998884  0.99983203 0.9997645  0.00878033 0.00453771
 0.00271366 0.00214239 0.00220578 0.999818   0.9998621  0.99971014
 0.9998273  0.99982613]
[0.00199295 0.0021539  0.99867827 0.00382905 0.0024188  0.9998882
 0.99987614 0.9998535  0.9996767  0.99978465 0.0033253  0.00255829
 0.00290178 0.00241388 0.0018179  0.9998234  0.9998603  0.99972314
 0.9998497  0.9998436 ]
[0.00237836 0.00234536 0.9952415  0.00429199 0.00209181 0.99994695
 0.99988437 0.99989855 0.9998118  0.9998963  0.00503867 0.00280407
 0.0038757  0.00408168 0.00516795 0.99976736 0.9998258  0.99953055
 0.9998047  0.9998828 ]
[0.00262492 0.00226171 0.9971118  0.00452195 0.0020962  0.99990547
 0.99988186 0.99982625 0.999808   0.99981254 0.00461883 0.00462106
 0.00340159 0.0029072  0.00222019 0.9998791  0.9997682  0.9996984
 0.9998192  0.9997762 ]
[0.00171554 0.00251665 0.99419594 0.00438183 0.0017872  0.99991095
 0.9997906  0.9999081  0.99981755 0.9997782  0.00804976 0.00390893
 0.00600402 0.00182409 0.00195928 0.9997943  0.9998134  0.9997569
 0.9998267  0.9997594 ]
[0.00194384 0.00178213 0.9993167  0.00318333 0.00218656 0.99990165
 0.9998203  0.9998442  0.9997832  0.99978226 0.00469547 0.00364062
 0.0046593  0.00197729 0.00213304 0.99979955 0.9997923  0.99968755
 0.99981636 0.9998024 ]
[0.00310422 0.00197988 0.99856216 0.00381441 0.00245593 0.9998789
 0.99986756 0.9998729  0.9998056  0.9998528  0.00654304 0.00335672
 0.00328821 0.00337012 0.00181505 0.99982834 0.99974304 0.9995983
 0.99975556 0.99980694]
[0.00215907 0.00239233 0.9982114  0.0045105  0.00197087 0.999913
 0.99987066 0.9998374  0.9998004  0.99975497 0.01168893 0.00330142
 0.00295167 0.00217986 0.00186731 0.99980325 0.9998692  0.99970824
 0.99980515 0.9998223 ]
[0.00215548 0.00207217 0.99221134 0.0035475  0.00236882 0.9998945
 0.9998863  0.99988484 0.9997849  0.9998845  0.0057937  0.00120112
 0.00352735 0.00198905 0.00175151 0.9998791  0.9998828  0.99963605
 0.99981743 0.99976164]
[0.00294617 0.0021275  0.99884367 0.0046435  0.00180529 0.99983096
 0.9998431  0.9998616  0.9997317  0.99982685 0.00233804 0.00271726
 0.00379426 0.00275926 0.00222438 0.9998803  0.9997893  0.99972373
 0.9997776  0.9997596 ]
[0.00207664 0.00197719 0.99594396 0.00265324 0.00177199 0.99988174
 0.9998746  0.99982613 0.99969125 0.99986863 0.00440257 0.00330266
 0.00328879 0.00340428 0.00321078 0.99975866 0.9998105  0.99974173
 0.99986804 0.999858  ]
[0.00269673 0.00222258 0.99929285 0.00374643 0.00207608 0.9998591
 0.99989426 0.99983823 0.99980015 0.9997986  0.00500168 0.00278688
 0.00309517 0.00281577 0.00249062 0.99985814 0.9998443  0.99974984
 0.9997347  0.9998331 ]
[0.0024785  0.00176023 0.9912664  0.00359088 0.00181371 0.99989676
 0.99986017 0.9998184  0.9997274  0.99985266 0.00436511 0.00325446
 0.00396877 0.00266006 0.00278034 0.99980396 0.99983406 0.9997689
 0.9998129  0.9998374 ]
[0.0023679  0.00260108 0.9969728  0.00331003 0.00194255 0.99991906
 0.9998091  0.999846   0.99972075 0.99984777 0.00498561 0.00324895
 0.00351093 0.0024778  0.0044631  0.999879   0.9997948  0.999772
 0.99975675 0.9998287 ]
[0.00220718 0.00175918 0.9945944  0.0033412  0.00168165 0.9999068
 0.9997837  0.9999044  0.99967706 0.99982697 0.010421   0.00423814
 0.00345191 0.00254663 0.00169652 0.9998803  0.9998087  0.99970835
 0.999793   0.9998617 ]
[0.00339023 0.00190894 0.9977744  0.00333072 0.00193943 0.9998388
 0.99985015 0.9998448  0.99981624 0.9998603  0.00400447 0.00290445
 0.00281109 0.00263164 0.00178603 0.999838   0.9998425  0.9995832
 0.99975044 0.9998753 ]
[2.2688394e-03 2.0423089e-03 9.9655849e-01 2.9882025e-03 1.8594381e-03
 9.9989486e-01 9.9991119e-01 9.9991560e-01 9.9974757e-01 9.9978107e-01
 2.5427553e-03 2.8475146e-03 8.1402919e-04 2.4803281e-03 2.6225932e-03
 9.9988508e-01 9.9982893e-01 9.9974805e-01 9.9985552e-01 9.9988079e-01]
[0.0022329  0.0026392  0.9986066  0.00329016 0.00203067 0.99988353
 0.99984586 0.99978405 0.9997993  0.9998559  0.00925905 0.00303641
 0.00264546 0.00400614 0.00210783 0.9997882  0.9998741  0.9997745
 0.9998196  0.99985933]
[0.00260787 0.00176074 0.9985709  0.00472647 0.00186689 0.999853
 0.9998765  0.9998851  0.9997445  0.99988174 0.00417208 0.00433655
 0.004025   0.00356939 0.00314772 0.99977714 0.9998733  0.9996973
 0.99982446 0.99982506]
[0.00258056 0.00184773 0.9944372  0.00299969 0.00227352 0.9999292
 0.99988747 0.9999045  0.9997907  0.9998043  0.00510519 0.00324601
 0.0029491  0.00290217 0.00207819 0.9998839  0.99976474 0.99963236
 0.9997962  0.9998698 ]
[0.00268672 0.00217919 0.99803454 0.00387578 0.00270078 0.9999126
 0.9998634  0.9998105  0.9997682  0.9998758  0.00317369 0.00366033
 0.00318642 0.00363623 0.00393337 0.9998845  0.99982375 0.9996406
 0.9998486  0.9997942 ]
[0.00340785 0.00206765 0.99901986 0.00371799 0.00242044 0.9998698
 0.99982977 0.99987495 0.9997124  0.9998714  0.00471778 0.0033582
 0.00367954 0.00332272 0.00237144 0.9998702  0.99983275 0.99969923
 0.9997787  0.9998503 ]
[0.00235997 0.00190731 0.99659437 0.00303294 0.00188467 0.99986863
 0.9998425  0.9998     0.99977297 0.9997564  0.00665893 0.00260987
 0.00289982 0.00256891 0.00218791 0.999846   0.99981076 0.99949026
 0.99986017 0.9998325 ]
[0.00174608 0.00197528 0.99860966 0.00313819 0.00211661 0.9999107
 0.9998012  0.9998292  0.9997942  0.9997576  0.00372567 0.00394043
 0.00344158 0.00228054 0.0024263  0.99987996 0.99986637 0.99964535
 0.9998485  0.9998523 ]
[0.00339808 0.00216047 0.9972838  0.00391777 0.00248392 0.9999101
 0.9998379  0.9997867  0.9997644  0.9998147  0.00859223 0.00376447
 0.00293151 0.00258079 0.00193092 0.99982953 0.99988794 0.9994765
 0.9998394  0.99979013]
[0.00290259 0.00184161 0.9997048  0.00549782 0.00280335 0.9997938
 0.9998908  0.999887   0.9998361  0.9998919  0.00502496 0.002817
 0.0025745  0.00315721 0.00184336 0.9998863  0.99975973 0.999688
 0.9998282  0.9998746 ]
[0.00251655 0.00183596 0.97445506 0.00473547 0.00220576 0.9999263
 0.99982786 0.99990034 0.9997563  0.9998179  0.00419151 0.00338866
 0.00356532 0.00300824 0.00476339 0.9997962  0.99980503 0.99977416
 0.9998198  0.99986446]
[0.00245232 0.001946   0.99940836 0.00233421 0.0019624  0.99985385
 0.9998857  0.99987566 0.99975866 0.99980956 0.00444241 0.00443773
 0.00346167 0.00443963 0.00177961 0.99987686 0.9997874  0.9997018
 0.999835   0.9997917 ]
[0.00243541 0.0023914  0.99687696 0.00423276 0.00219716 0.9999113
 0.9998994  0.999894   0.99970895 0.99987006 0.00545914 0.00339294
 0.00279141 0.00256431 0.00234441 0.9998516  0.9998325  0.99968684
 0.99981683 0.999848  ]
[0.00322373 0.00218009 0.99110186 0.00282444 0.00210334 0.9998989
 0.9998054  0.9998878  0.9997477  0.99984014 0.00481045 0.00226597
 0.00308803 0.00329233 0.00211509 0.99988604 0.999846   0.999689
 0.99973804 0.9998455 ]
[0.00240492 0.00202242 0.9969656  0.00346837 0.00148643 0.99985814
 0.9998678  0.99983466 0.9997718  0.9997738  0.00456166 0.00434087
 0.00368999 0.0024214  0.00201652 0.9998387  0.99984384 0.9997943
 0.999764   0.9997937 ]
[0.00287626 0.00197424 0.995824   0.00369742 0.002791   0.99991715
 0.99982053 0.99981564 0.9998049  0.9998049  0.00615608 0.00315853
 0.00447423 0.00464388 0.00245379 0.99986386 0.99983704 0.9997185
 0.9998573  0.99976724]
[0.0027226  0.00188265 0.9961343  0.00332923 0.00201251 0.9998932
 0.9998975  0.99979466 0.9998221  0.9998023  0.00278322 0.00268948
 0.00334648 0.00423009 0.00274753 0.999858   0.99978906 0.99968445
 0.9997609  0.9998512 ]
[0.00225885 0.0019968  0.9962365  0.00341002 0.00197153 0.99993026
 0.99984145 0.9998666  0.9998222  0.9998154  0.00477855 0.00261358
 0.0033797  0.00219378 0.00318329 0.9998307  0.99980575 0.9996996
 0.99971086 0.99988997]
[0.0025327  0.00181362 0.9968978  0.00400642 0.00214821 0.9998853
 0.9998665  0.9998764  0.9997619  0.9998374  0.00280744 0.00336333
 0.00409513 0.00199158 0.00401351 0.9998853  0.9997408  0.99971074
 0.9997373  0.9998373 ]
[0.00252322 0.00176836 0.9989033  0.00351296 0.00189206 0.99987245
 0.99984133 0.99987864 0.9996923  0.99984443 0.00295407 0.00259873
 0.00286979 0.00356568 0.00194478 0.99986756 0.999879   0.99965274
 0.9997589  0.999814  ]
[0.0023934  0.00200496 0.9981085  0.00304855 0.00254385 0.9998871
 0.99987745 0.99986446 0.99981076 0.999782   0.00297922 0.00272124
 0.00284416 0.00354216 0.00184155 0.9997638  0.9998307  0.99976295
 0.99978095 0.9998435 ]
[0.00303471 0.00250328 0.9986512  0.00335165 0.00202813 0.9999157
 0.99987435 0.99979573 0.99982065 0.9998161  0.00652414 0.00364547
 0.00283347 0.00513504 0.00212359 0.9997842  0.9998104  0.99962795
 0.99984264 0.99976474]
[0.00236722 0.00290301 0.9995472  0.00379789 0.00225308 0.9998242
 0.99989617 0.99986863 0.9997701  0.99989676 0.00640506 0.00288363
 0.00356885 0.00251424 0.00297572 0.99989045 0.9997603  0.99962544
 0.9998246  0.9997842 ]
[0.0032771  0.00212352 0.99619883 0.00373286 0.00158794 0.9998561
 0.99984837 0.99987626 0.9996785  0.999889   0.00768964 0.00373191
 0.00244985 0.00220633 0.00209279 0.99983084 0.9998704  0.99961
 0.9998548  0.9997942 ]
[0.00258571 0.00266269 0.9983436  0.00268208 0.00280021 0.999861
 0.99976987 0.99984276 0.99984443 0.9998399  0.00825571 0.00314053
 0.00375188 0.0040748  0.00232533 0.9997818  0.99984455 0.99959725
 0.99975246 0.9998809 ]
[0.00258067 0.00186971 0.99606353 0.00569402 0.00324209 0.9999163
 0.9998946  0.99982953 0.999736   0.9998293  0.00542705 0.00194014
 0.00306336 0.00244999 0.00266916 0.9998336  0.9998914  0.9997316
 0.999846   0.9998411 ]
[0.00200329 0.00245387 0.9535877  0.00272584 0.00197115 0.9998902
 0.99990237 0.9998536  0.99975497 0.99978226 0.00621778 0.00387781
 0.0039497  0.0045111  0.00214702 0.99976414 0.9998087  0.99960023
 0.9998342  0.99978405]
[0.00278552 0.00200371 0.99576783 0.00276324 0.00175119 0.9999229
 0.99990296 0.99989426 0.9998338  0.9998628  0.00428158 0.00304129
 0.00236959 0.00434636 0.00287125 0.99989307 0.99987066 0.9997968
 0.9998235  0.9998517 ]
[0.00233415 0.00215248 0.99891233 0.00309736 0.00209134 0.99988985
 0.9998777  0.9998795  0.99975747 0.99984026 0.00607829 0.00309637
 0.00221531 0.00200615 0.0020013  0.9998684  0.9998171  0.9996112
 0.9998559  0.99980885]
[0.00195959 0.0024946  0.99829096 0.0038194  0.00229231 0.9998623
 0.9998331  0.9998598  0.99972934 0.99989283 0.00210099 0.00245876
 0.00270767 0.00403308 0.0023679  0.99986887 0.99986386 0.9996729
 0.99982363 0.99988186]
[0.00260866 0.00247956 0.99870265 0.003253   0.00283252 0.99987435
 0.99979824 0.99987733 0.99987113 0.99983    0.00322071 0.00453176
 0.00592387 0.0024914  0.00213936 0.999785   0.9998783  0.9996617
 0.9998654  0.9998636 ]
[0.0028888  0.00192772 0.9983575  0.00212833 0.00224132 0.9999194
 0.999851   0.99989104 0.99972695 0.9998641  0.0067926  0.00441828
 0.00341913 0.00273691 0.00314957 0.9998367  0.99982077 0.99972194
 0.99984145 0.9998186 ]
[0.0030292  0.00243693 0.9994253  0.00352931 0.00190869 0.9998559
 0.9999007  0.9998778  0.9998336  0.99983656 0.00566842 0.00383124
 0.00291018 0.00474391 0.00313644 0.99984443 0.999749   0.9998124
 0.99983275 0.99980026]
[0.00251684 0.00191864 0.99842453 0.00369666 0.00242853 0.9998796
 0.9998846  0.99986446 0.99970776 0.99983144 0.00873826 0.00350414
 0.00276525 0.00330308 0.00201799 0.99979347 0.9998498  0.99957544
 0.99982065 0.9998684 ]
[0.00239462 0.00186599 0.9988801  0.00310917 0.00267675 0.99987066
 0.9998679  0.9999132  0.999757   0.99989796 0.00393922 0.00280038
 0.00297956 0.00232783 0.00245137 0.9998486  0.99988055 0.9997044
 0.9998031  0.9998827 ]
[0.00204544 0.00207421 0.99938154 0.00443789 0.00171107 0.9998349
 0.99980766 0.9998889  0.999818   0.999853   0.01160987 0.00381524
 0.00358769 0.00299477 0.0020289  0.9998684  0.9997857  0.99964464
 0.99984884 0.99985754]
[0.0022838  0.0028678  0.9940599  0.00354763 0.00188986 0.9999125
 0.99982053 0.99978215 0.9997527  0.9998312  0.00501853 0.00319363
 0.00346493 0.00252341 0.00293213 0.9998104  0.9997609  0.99982566
 0.9998443  0.99986124]
[0.00320337 0.00227116 0.9983936  0.00466619 0.00241016 0.9999387
 0.99984765 0.99988174 0.99973875 0.9998337  0.00724195 0.00420072
 0.00408248 0.00401461 0.00356772 0.9997719  0.99976164 0.9995834
 0.99975735 0.99980026]
[0.00284822 0.00261323 0.99732804 0.00315923 0.00170127 0.99990416
 0.99980634 0.99989367 0.99976    0.999793   0.00746635 0.00224759
 0.00314414 0.00472429 0.00185275 0.9997758  0.99987924 0.9997776
 0.99981326 0.9998286 ]
[0.00275335 0.00224516 0.99936765 0.00347159 0.00221463 0.99985886
 0.9998869  0.9998785  0.99980336 0.9998398  0.00461842 0.00335333
 0.00182909 0.00331044 0.00148774 0.9998653  0.9997744  0.99975294
 0.99979085 0.9998617 ]
[0.00175926 0.00190908 0.9987896  0.00333491 0.00193994 0.99991643
 0.99984586 0.9999106  0.999757   0.9998945  0.00535248 0.00331246
 0.00436091 0.0044298  0.0019715  0.999876   0.9998764  0.99976593
 0.9997491  0.99982065]
[0.00230204 0.00214302 0.999042   0.00325575 0.00202516 0.9998658
 0.99988127 0.9999068  0.9997384  0.9998555  0.00397079 0.00229626
 0.00311799 0.00360498 0.00239082 0.9998258  0.99978644 0.99960774
 0.9998741  0.999778  ]
[0.00274991 0.00176434 0.9926152  0.00331695 0.00242989 0.9999157
 0.99983823 0.9998745  0.99974614 0.99987686 0.00274236 0.00334259
 0.00399993 0.00167347 0.00283252 0.99983656 0.9998405  0.99962986
 0.9998109  0.9997496 ]
[0.00228556 0.00244157 0.997062   0.00375473 0.00234207 0.999928
 0.9998585  0.99990606 0.9998266  0.9998103  0.004613   0.00414556
 0.00475738 0.00307117 0.0019736  0.99983394 0.99985456 0.9996449
 0.9998031  0.9997818 ]
[0.00249697 0.0019047  0.9979753  0.00337544 0.00242641 0.9998585
 0.9998462  0.9998822  0.99974126 0.99986005 0.00333171 0.00264436
 0.00412677 0.00190869 0.00395229 0.9998368  0.99981314 0.99965394
 0.9998319  0.99980444]
[0.00290149 0.00197798 0.9989876  0.00197926 0.00186254 0.99982965
 0.99984    0.999785   0.9996872  0.99984086 0.0030476  0.0030771
 0.00321678 0.00576799 0.00353823 0.99980146 0.9998654  0.99977356
 0.99985147 0.99982786]
[0.00220671 0.00221884 0.99975055 0.00303703 0.00246914 0.9997869
 0.99988985 0.99983144 0.9998282  0.99979717 0.00792004 0.00153766
 0.00343971 0.00337553 0.00197425 0.9998274  0.9997923  0.99963653
 0.9998715  0.9998559 ]
[0.00244948 0.0026946  0.957645   0.00440894 0.00170401 0.9999461
 0.9998254  0.9998406  0.999665   0.9998573  0.00429319 0.00317464
 0.00328411 0.00275554 0.00189687 0.99985516 0.9998348  0.99962056
 0.9998491  0.9998348 ]
[0.00252607 0.00203471 0.9986204  0.00346657 0.00238226 0.9998424
 0.9998747  0.99981827 0.9997942  0.99986815 0.00314765 0.00382924
 0.00231148 0.00197637 0.00185854 0.9997751  0.9998627  0.9997814
 0.99981326 0.9998122 ]
[0.00182987 0.00201171 0.98853743 0.00360335 0.00206011 0.99991894
 0.99988437 0.999899   0.99979585 0.9997732  0.00303866 0.00362591
 0.00315197 0.00430145 0.00485008 0.9997594  0.9998124  0.9996866
 0.99987006 0.9998529 ]
[0.00202639 0.00204828 0.99512047 0.00329962 0.00194381 0.9999223
 0.9998982  0.99988925 0.99970406 0.9998447  0.00255372 0.00288167
 0.00324738 0.0024877  0.00185953 0.9998683  0.99980587 0.99966455
 0.99979335 0.9998011 ]
[0.00301349 0.0021217  0.9992188  0.00324572 0.00200366 0.9998684
 0.99981564 0.9998312  0.99988484 0.9997969  0.00519161 0.00336763
 0.00535036 0.00271466 0.00240438 0.9997638  0.99984646 0.9997062
 0.99987674 0.9998543 ]
[0.00308616 0.00177806 0.9638542  0.00387743 0.00225683 0.99992275
 0.99982613 0.9998698  0.99974376 0.99985075 0.01248451 0.00338694
 0.00731724 0.00343117 0.00198727 0.9997968  0.9997607  0.9991184
 0.9997842  0.9998803 ]
[0.00201027 0.00237257 0.9838585  0.0036096  0.00193329 0.99992
 0.9998165  0.9998467  0.9997825  0.9998356  0.00406236 0.00183309
 0.00382777 0.00356067 0.0035943  0.9997991  0.9998771  0.99966824
 0.99983335 0.9998709 ]
[0.00275668 0.00246981 0.9978108  0.00347738 0.00190459 0.99983954
 0.9998148  0.9998443  0.99978226 0.9998293  0.00438916 0.00296857
 0.00347532 0.00238786 0.00216954 0.99984694 0.99987936 0.99968624
 0.99979836 0.99982893]
[0.00218274 0.00224731 0.99410325 0.00286097 0.00217351 0.99992275
 0.99989295 0.9998934  0.99977154 0.9998883  0.00939828 0.00216824
 0.00431466 0.00249928 0.00217183 0.99988616 0.99982363 0.99957126
 0.999806   0.9998603 ]
[0.00274856 0.00207647 0.9907828  0.00321431 0.00181033 0.9999
 0.99989164 0.99990404 0.9998061  0.9998807  0.00345331 0.00314033
 0.00312025 0.0033101  0.0023227  0.9998845  0.9997534  0.9997098
 0.99977    0.9998099 ]
[0.00298283 0.00203713 0.996429   0.00440266 0.00265405 0.99987555
 0.9998153  0.999899   0.99977547 0.9997738  0.00244127 0.00392599
 0.00417994 0.00184355 0.00261046 0.99980515 0.99986887 0.9997644
 0.9997867  0.99982435]
[0.00309355 0.00224782 0.99910957 0.00328049 0.00201373 0.9999198
 0.9998492  0.999821   0.99974865 0.9998671  0.0035382  0.00235729
 0.00374768 0.00281373 0.00209385 0.9998604  0.9998286  0.99973506
 0.99984825 0.9998944 ]
[0.00244294 0.00248856 0.99661285 0.00278456 0.00181611 0.99990773
 0.99988735 0.9999032  0.99969196 0.9998456  0.00272248 0.00378814
 0.00242576 0.00358224 0.00239122 0.99975663 0.9997949  0.99972886
 0.9997923  0.99982953]
[0.0036195  0.00272347 0.99790776 0.00634972 0.00250502 0.9999137
 0.9998975  0.9999032  0.99981767 0.9998202  0.00339648 0.00173334
 0.00237955 0.00212138 0.00122442 0.99979955 0.9998228  0.99977773
 0.9998791  0.9998889 ]
[0.00303099 0.00226146 0.99957854 0.00351726 0.00215196 0.9998406
 0.999897   0.99982363 0.99978155 0.9998733  0.00411994 0.00254528
 0.00392236 0.00253276 0.00312014 0.9997861  0.9997929  0.99970514
 0.9998342  0.99984515]
[0.00219646 0.0016922  0.9990557  0.00366353 0.00189859 0.999892
 0.99984074 0.99985385 0.9997632  0.999874   0.006676   0.0035496
 0.00222148 0.00336023 0.00336558 0.99981076 0.9997671  0.99963
 0.99985087 0.9998    ]
[0.00219851 0.00209745 0.9963595  0.00269612 0.00186572 0.9999181
 0.99990475 0.9998136  0.9997017  0.99989927 0.0095599  0.00237823
 0.00335142 0.00230323 0.00162661 0.999821   0.9998292  0.99934036
 0.99982494 0.99981254]
[0.00266692 0.00240546 0.99801147 0.00198243 0.00272104 0.9998797
 0.9998733  0.9998883  0.9998379  0.99984884 0.00533418 0.00318545
 0.00373389 0.00269315 0.00559842 0.99985886 0.999877   0.99978703
 0.99987674 0.9998332 ]
[0.00184668 0.00222172 0.99656314 0.00235636 0.00187406 0.99992025
 0.99986005 0.99989617 0.99970526 0.99987006 0.00378367 0.00214251
 0.00282029 0.00413384 0.00226449 0.99980694 0.99978274 0.9997439
 0.9997483  0.9998204 ]
[0.00237632 0.00199022 0.9976941  0.00237057 0.00243492 0.9999168
 0.9998505  0.9998467  0.99981743 0.9998418  0.00511422 0.00259504
 0.00224652 0.00187895 0.00207812 0.9998698  0.99985516 0.9996132
 0.99985695 0.9998223 ]
[3.4698907e-03 2.5105795e-03 9.9968672e-01 4.3297829e-03 1.9332975e-03
 9.9985850e-01 9.9983859e-01 9.9990618e-01 9.9981743e-01 9.9983740e-01
 5.8421786e-03 2.8329648e-03 5.3746351e-03 3.1438533e-03 8.7077764e-04
 9.9987221e-01 9.9982774e-01 9.9949515e-01 9.9986076e-01 9.9979919e-01]
[0.00219186 0.00235993 0.99909747 0.00354731 0.00226984 0.9998543
 0.9998541  0.9998838  0.99980205 0.99981016 0.00459091 0.00252961
 0.00454166 0.00187739 0.0030788  0.9997664  0.99984217 0.9996532
 0.9997708  0.9998349 ]
[0.00209906 0.00187696 0.9867285  0.00357556 0.0019352  0.99991393
 0.9999037  0.9998536  0.99970955 0.9998086  0.00461747 0.002751
 0.00278347 0.00255481 0.00261503 0.99976045 0.9998627  0.99958736
 0.99984443 0.9997789 ]
[0.00244916 0.00218404 0.99893373 0.00391023 0.00207164 0.9998597
 0.9999087  0.99979895 0.99975556 0.9998872  0.00561644 0.00205757
 0.00451091 0.001902   0.002226   0.9998499  0.9998301  0.9997249
 0.9997576  0.9998642 ]
[0.00232632 0.00193174 0.9987828  0.00263081 0.00228328 0.99988556
 0.99979573 0.99989665 0.99984956 0.999782   0.00637369 0.00272817
 0.00214687 0.00224251 0.00176394 0.99987566 0.9997725  0.99970657
 0.9998012  0.9998704 ]
[2.2342943e-03 2.2066075e-03 9.9905163e-01 3.6238506e-03 9.0142069e-03
 9.9987757e-01 9.9987483e-01 9.9979347e-01 9.9942434e-01 9.9988627e-01
 2.4763660e-03 4.8844577e-03 9.4454922e-04 2.9259096e-03 1.1857727e-03
 9.9988341e-01 9.9974257e-01 9.9976557e-01 9.9972886e-01 9.9976069e-01]
[0.0020747  0.00281787 0.9978265  0.00295622 0.00177226 0.99987507
 0.99989235 0.9998559  0.9997917  0.9998752  0.00644107 0.00261303
 0.00314191 0.00251423 0.00170753 0.9997508  0.99982005 0.9996358
 0.9998474  0.99983895]
[0.0022849  0.00182793 0.99898654 0.00384928 0.00178172 0.99989855
 0.9998596  0.9998821  0.9997409  0.9998356  0.00933648 0.00297391
 0.00518554 0.00335053 0.00216234 0.99984574 0.99977    0.99980074
 0.99978954 0.99983585]
[0.00218031 0.00201662 0.99451077 0.00401338 0.00179554 0.9999143
 0.9998179  0.999882   0.99983954 0.99978596 0.00337356 0.00207099
 0.00308724 0.0031675  0.00247084 0.99987257 0.9998586  0.9997495
 0.9998067  0.99980944]
[0.00229264 0.00181318 0.9949715  0.00393136 0.00382112 0.9999074
 0.99988127 0.9999039  0.9997428  0.9998547  0.00360025 0.00233954
 0.00200061 0.00292707 0.00183927 0.9998723  0.99986136 0.9995565
 0.9997851  0.9998266 ]
[0.00194169 0.00218483 0.9986651  0.00381393 0.00264088 0.9998903
 0.9998658  0.9998648  0.999835   0.9998723  0.00191754 0.0047052
 0.00333334 0.00232265 0.00205744 0.9998196  0.9997514  0.99968636
 0.9998449  0.9997781 ]
[0.00241008 0.00262386 0.9887454  0.00259228 0.00210696 0.9999163
 0.99990475 0.9998641  0.9997739  0.99979275 0.00231422 0.00292729
 0.00273795 0.00278497 0.00278331 0.9998258  0.99988043 0.9996915
 0.99980646 0.9998363 ]
[0.00244854 0.00186028 0.99731547 0.00331393 0.00196583 0.9998721
 0.99986255 0.9998692  0.99981815 0.9997625  0.00399129 0.00327661
 0.00319668 0.00357733 0.00251702 0.99981445 0.9997719  0.99968433
 0.99981433 0.99984574]
[0.00193016 0.00174694 0.9968746  0.0052733  0.00234693 0.99990845
 0.9998357  0.99989843 0.9997067  0.9998431  0.00489268 0.00372743
 0.00316349 0.00335721 0.00197039 0.99982375 0.9997719  0.99957615
 0.99982196 0.999869  ]
[0.00186511 0.00176339 0.99657094 0.00385874 0.00206951 0.99985814
 0.9998672  0.9997991  0.99982435 0.9998035  0.00440443 0.00340731
 0.00375015 0.00422335 0.00316921 0.99988544 0.9997323  0.9996049
 0.99987555 0.9998821 ]
[0.00180045 0.00198482 0.9943721  0.00401473 0.00211173 0.9998894
 0.9998703  0.9999     0.99976426 0.99977964 0.00342938 0.00365155
 0.00224269 0.00186089 0.00191517 0.99982625 0.9998186  0.9996412
 0.9998679  0.9997578 ]
[0.00254141 0.00175702 0.9994209  0.00381265 0.0019204  0.9998399
 0.9998498  0.999884   0.9997044  0.99988353 0.006369   0.00292613
 0.00491133 0.0022526  0.00241467 0.9998654  0.99986625 0.9996817
 0.99980193 0.99985707]
