[0.00237682 0.00188483 0.00680364 0.00480058 0.00223456 0.9998636
 0.99980015 0.99986196 0.99975044 0.99984205 0.00672677 0.00269911
 0.00323289 0.0039734  0.00262835 0.99989986 0.99979097 0.99972314
 0.9998425  0.99982554]
[0.00226047 0.00183184 0.00564549 0.00372358 0.00244953 0.9998895
 0.9998087  0.9998846  0.9998354  0.99986017 0.01027203 0.00246798
 0.00323732 0.00206905 0.00179012 0.9998803  0.9998659  0.999767
 0.99987626 0.99987626]
[0.00243832 0.00242293 0.00573078 0.00388311 0.00224271 0.99986863
 0.99985385 0.99990225 0.99977607 0.999882   0.00618835 0.00377703
 0.00388831 0.00461971 0.00180788 0.99984264 0.9998827  0.9997278
 0.9998018  0.99977666]
[0.00194112 0.0030367  0.00580862 0.00436393 0.00208549 0.9997898
 0.9998839  0.99990237 0.9996877  0.9998092  0.00659961 0.00347985
 0.00213751 0.00286783 0.00197985 0.9997639  0.999721   0.9997023
 0.9997545  0.99985564]
[0.0022383  0.00273204 0.00371366 0.00312392 0.00206262 0.999884
 0.9998934  0.9999006  0.9997161  0.9998919  0.00242028 0.00308609
 0.00251066 0.00329637 0.00172492 0.999853   0.9997447  0.9997936
 0.9997813  0.999835  ]
[0.0021279  0.00264689 0.00602917 0.00377803 0.00194155 0.9998852
 0.99988747 0.9998658  0.999711   0.9998796  0.0055983  0.00360737
 0.00271356 0.00319067 0.00260807 0.9998011  0.99983096 0.9995291
 0.99977857 0.9997719 ]
[0.00213801 0.00276341 0.00452615 0.00349249 0.00183682 0.999887
 0.9998404  0.99990547 0.9997795  0.9997799  0.00569443 0.00326507
 0.00474595 0.00266324 0.00185952 0.99980444 0.999754   0.99967945
 0.999785   0.99987566]
[0.00196325 0.00247345 0.00259881 0.00410443 0.00204708 0.9998572
 0.9998141  0.9998254  0.9996567  0.9998634  0.00659437 0.00366632
 0.00306829 0.00317053 0.00167112 0.99982977 0.99985945 0.99959975
 0.99983144 0.9998005 ]
[0.00227449 0.00222908 0.00615032 0.00230349 0.00170784 0.9997931
 0.9998547  0.9998424  0.99968684 0.9998171  0.00253707 0.00272661
 0.00226166 0.00197228 0.00181269 0.99986696 0.99980587 0.99966586
 0.99983907 0.9997607 ]
[0.00199028 0.00213201 0.00727879 0.00433939 0.0018739  0.99989045
 0.9998603  0.9998491  0.999701   0.9997919  0.00233755 0.00195787
 0.00375619 0.0020201  0.00224719 0.99988866 0.9998253  0.9996123
 0.9998554  0.9997811 ]
[0.00217615 0.00252213 0.00608883 0.00361071 0.00199312 0.9998809
 0.99978405 0.99987614 0.9996995  0.99982125 0.00699676 0.00243885
 0.00326495 0.00258356 0.00188904 0.9997657  0.99985754 0.9996327
 0.99984074 0.99976236]
[0.00232279 0.00207737 0.00454246 0.00298459 0.00290591 0.9997789
 0.9998362  0.9998406  0.9998342  0.99979204 0.00653259 0.00325163
 0.00295952 0.00256333 0.00181993 0.9998191  0.99984837 0.99960154
 0.9997931  0.9998605 ]
[0.00277634 0.0021859  0.0031981  0.00278305 0.00192712 0.99989164
 0.9998466  0.999905   0.999686   0.99987006 0.00474144 0.0030356
 0.00337416 0.00182403 0.0015465  0.9998864  0.9998741  0.9995834
 0.9998234  0.9998529 ]
[0.00240508 0.00198154 0.00587679 0.00420504 0.00186582 0.9998611
 0.9998388  0.99987113 0.9997882  0.99979824 0.00438666 0.00291344
 0.00351542 0.00244147 0.00226611 0.9998246  0.9997986  0.9996358
 0.9998497  0.99979407]
[0.00297323 0.0017499  0.00651593 0.00467982 0.00170201 0.9999099
 0.9998011  0.9998265  0.9998691  0.9997497  0.00375398 0.00298306
 0.00296249 0.00391633 0.00178129 0.9998579  0.9998609  0.9997004
 0.9997218  0.99989164]
[0.00276305 0.00227546 0.00639933 0.00366198 0.0026126  0.9998795
 0.99978966 0.99988246 0.9997004  0.99988985 0.00378839 0.00228084
 0.00272908 0.00229555 0.00205451 0.9998136  0.9997812  0.99978274
 0.99975103 0.99977475]
[0.0024165  0.00187006 0.00551337 0.00342688 0.00232823 0.99988234
 0.99983895 0.9998246  0.9996662  0.99986196 0.00756015 0.00210971
 0.0025495  0.00442268 0.00174531 0.9998381  0.99979013 0.99953437
 0.9997632  0.9997576 ]
[0.00235106 0.00247887 0.003365   0.00328347 0.00241623 0.99983907
 0.99985504 0.99987733 0.99979764 0.9997956  0.00474859 0.00358852
 0.00553275 0.00436159 0.00346411 0.99987173 0.99979    0.9997038
 0.9998317  0.9998247 ]
[0.00276282 0.00192185 0.00861479 0.00408075 0.00216248 0.9998424
 0.99988866 0.999897   0.99978036 0.9998354  0.00443091 0.0040269
 0.00451083 0.00307296 0.00184251 0.9997528  0.99977773 0.9997737
 0.9998387  0.9997832 ]
[0.00297673 0.00223121 0.00670981 0.00595788 0.00189235 0.999819
 0.9998697  0.9998271  0.9997702  0.9998708  0.00453944 0.00238362
 0.00426068 0.00371992 0.00206142 0.9997862  0.9998628  0.9997639
 0.9998311  0.99979275]
[0.00209767 0.00210177 0.00475518 0.00350259 0.00184907 0.9998054
 0.99981314 0.99988353 0.9996557  0.9997583  0.00885317 0.00229255
 0.00298036 0.00280759 0.00207141 0.99982625 0.99975795 0.99967015
 0.99984217 0.99982303]
[0.00172691 0.00209901 0.00778554 0.00371001 0.00199208 0.9998516
 0.99985874 0.999816   0.99973017 0.99988985 0.00891656 0.00316998
 0.00635708 0.00207127 0.00191006 0.99987733 0.9998185  0.9996728
 0.99983275 0.9997849 ]
[0.0023643  0.00196376 0.00529218 0.00388966 0.00265051 0.99988484
 0.99989676 0.99987113 0.99975616 0.99985385 0.0044843  0.00361349
 0.00444183 0.00281639 0.00246889 0.9998747  0.99984455 0.9996319
 0.9998286  0.99981266]
[0.00270731 0.00189203 0.00554772 0.00436798 0.00189544 0.9999006
 0.99987185 0.9998447  0.99983656 0.99985623 0.00700237 0.00254122
 0.00269832 0.00262516 0.0021926  0.99980444 0.9998708  0.99966335
 0.9997409  0.9998871 ]
[0.00218088 0.00239221 0.00561205 0.00323709 0.00259619 0.99987245
 0.9998223  0.9999049  0.99978334 0.9997781  0.00519097 0.00229206
 0.0028443  0.00268584 0.00271391 0.9998074  0.99985504 0.9997396
 0.9997613  0.9998234 ]
[0.0030005  0.00242281 0.00627627 0.00352655 0.00198206 0.9998386
 0.99988663 0.99989974 0.9998348  0.99986184 0.00636704 0.00284412
 0.00434742 0.00217029 0.00226861 0.9998272  0.9998616  0.9997136
 0.99978715 0.9998171 ]
[0.00206767 0.00211035 0.00590778 0.00369326 0.00212336 0.9998311
 0.9998104  0.9998895  0.9997664  0.9998085  0.00836036 0.00336057
 0.00485601 0.00440532 0.00250618 0.99984884 0.99981004 0.9996697
 0.9998203  0.99986553]
[0.00219044 0.00178862 0.00741484 0.00347902 0.00184044 0.999819
 0.9998294  0.9998617  0.99973124 0.99982685 0.0096592  0.00442204
 0.00367128 0.00318349 0.00293703 0.999895   0.9998406  0.9995043
 0.99985826 0.99984527]
[0.00240477 0.0017531  0.01337403 0.00351474 0.0020632  0.99990463
 0.9998123  0.99990547 0.99984896 0.99976546 0.00459832 0.00120929
 0.00383347 0.00306571 0.00139757 0.9998785  0.9997967  0.9997173
 0.999746   0.99983835]
[0.0024424  0.00208808 0.00586272 0.00495902 0.00213588 0.99982506
 0.9998994  0.99985945 0.9997521  0.99986804 0.0090388  0.00244464
 0.00269984 0.00231996 0.00194103 0.9998907  0.9998667  0.99973196
 0.9998286  0.999785  ]
[0.0025879  0.0019174  0.00943733 0.00402663 0.00245529 0.9998821
 0.9998455  0.9998299  0.99974734 0.99983037 0.00365513 0.0030778
 0.00293668 0.0023235  0.00271217 0.9998068  0.99988544 0.999739
 0.99983954 0.99978703]
[0.00242128 0.0019856  0.00448352 0.00271968 0.00211127 0.9998801
 0.9998723  0.99989724 0.99976784 0.999864   0.00436401 0.00351577
 0.00266222 0.00228037 0.00175532 0.9998037  0.9997563  0.99972373
 0.9997931  0.9998816 ]
[0.00288025 0.00188296 0.00837583 0.00335291 0.00198322 0.99983966
 0.9997825  0.9998809  0.99972004 0.99984896 0.00187816 0.00277855
 0.00219852 0.00208576 0.00240296 0.99987555 0.9997559  0.999551
 0.99985576 0.9998424 ]
[0.0018011  0.0018509  0.00539717 0.00405909 0.00196398 0.9998247
 0.99990463 0.9998311  0.9998122  0.99979216 0.00477382 0.00269809
 0.00253042 0.00291424 0.00294357 0.99977857 0.9998388  0.99972314
 0.9997477  0.9998609 ]
[0.00242632 0.00252982 0.00816655 0.00510235 0.00198243 0.9998154
 0.99980277 0.99990654 0.9996704  0.9997613  0.00909519 0.00476942
 0.00354683 0.00392077 0.0018985  0.99982685 0.9997956  0.99972254
 0.99979335 0.99975663]
[0.00231168 0.00199461 0.00695538 0.00350118 0.00230616 0.9998066
 0.999876   0.99989915 0.9997948  0.99975616 0.00377205 0.00325181
 0.00338036 0.00210418 0.00230279 0.9998061  0.9998074  0.9995852
 0.99983    0.99977285]
[0.0019785  0.00200214 0.00448122 0.00369158 0.00246997 0.9997727
 0.9998468  0.99982065 0.99967146 0.99978656 0.00773641 0.00294873
 0.00325358 0.00226775 0.00298679 0.99984205 0.99981767 0.99942124
 0.9997063  0.99977595]
[0.00215237 0.00186972 0.00501707 0.00326202 0.00183193 0.9997824
 0.9998006  0.99981433 0.9997998  0.9998313  0.00732235 0.00510632
 0.00419459 0.00205463 0.0017906  0.99978346 0.9998111  0.99960905
 0.99973756 0.9998024 ]
[0.00250347 0.00229916 0.00519126 0.00307977 0.00197035 0.9998809
 0.99983644 0.9998485  0.99976987 0.9998807  0.00509322 0.00457645
 0.00278388 0.00428232 0.00183205 0.99975044 0.99984884 0.9996816
 0.99972385 0.9998086 ]
[0.00221485 0.00195028 0.00733707 0.00252335 0.001909   0.9998006
 0.99986196 0.9998808  0.999734   0.999798   0.00475968 0.00307681
 0.00308865 0.00205381 0.00190335 0.9998221  0.9997577  0.9996517
 0.9998839  0.9998388 ]
[0.00241292 0.00164189 0.00553793 0.00271363 0.00177693 0.9998055
 0.9998265  0.9998343  0.9997062  0.9998766  0.00535037 0.00282861
 0.00365354 0.00246073 0.00230167 0.99979275 0.9997409  0.9996964
 0.99980277 0.9997657 ]
[0.00331919 0.00228221 0.00687872 0.0049209  0.00197076 0.99988353
 0.99986434 0.99979156 0.99981385 0.9997768  0.00364188 0.00301323
 0.00260351 0.00204615 0.00356809 0.99989605 0.999866   0.99973565
 0.9998288  0.9997528 ]
[0.00265105 0.0021135  0.01166794 0.00352442 0.0025839  0.9998128
 0.99982697 0.99990463 0.99969673 0.99989367 0.00412739 0.00367733
 0.00350992 0.0029576  0.00231096 0.99983    0.99977297 0.99959284
 0.9997961  0.9997993 ]
[0.00191615 0.00253901 0.00522126 0.00303308 0.00195644 0.9998927
 0.9997999  0.99979764 0.99979216 0.99988496 0.00565933 0.00211947
 0.00458204 0.00327909 0.00289782 0.9998852  0.99984455 0.9994916
 0.9997737  0.99983823]
[0.00228339 0.00199908 0.00661373 0.0038878  0.00260087 0.99988747
 0.99988425 0.9997961  0.9998412  0.9998882  0.00550803 0.00278241
 0.0039897  0.001926   0.00214566 0.99988747 0.99984217 0.99961025
 0.9998265  0.99975127]
[0.00174314 0.00268082 0.00652756 0.00410432 0.00276895 0.9998807
 0.99985015 0.9998599  0.99965656 0.9998148  0.00457633 0.00292655
 0.00401277 0.00351069 0.00380965 0.9997844  0.9998192  0.99977785
 0.9997645  0.99980384]
[0.00194419 0.00190263 0.01001738 0.00329867 0.00223516 0.99989474
 0.9999069  0.9998703  0.99982506 0.99988794 0.0057462  0.00397525
 0.0040364  0.00329959 0.00184587 0.9997707  0.99975926 0.99976224
 0.99980503 0.99975103]
[0.00265829 0.0020256  0.0054847  0.00364752 0.00326108 0.99983954
 0.99979264 0.9998394  0.999754   0.9998129  0.0049752  0.0041176
 0.00255396 0.00184741 0.00240864 0.9997948  0.9998425  0.99967325
 0.99987435 0.99981636]
[0.00232233 0.00213197 0.01086877 0.00424985 0.00200772 0.9998166
 0.9998122  0.99984515 0.9996619  0.9997919  0.0054849  0.00348981
 0.00401718 0.00246305 0.00196746 0.99988604 0.9998337  0.9994831
 0.99985635 0.9998092 ]
[0.00268693 0.00188782 0.00732777 0.00281645 0.00223621 0.9998159
 0.9999081  0.9998665  0.999848   0.9998933  0.01170849 0.00427737
 0.00398724 0.00220468 0.00172127 0.9998541  0.9997987  0.99954057
 0.999785   0.9998821 ]
[0.00276495 0.00193935 0.00560905 0.00473657 0.00219552 0.99982494
 0.9998363  0.9998629  0.9996859  0.9998448  0.00494798 0.00353668
 0.00516491 0.00452607 0.00300032 0.99979097 0.999785   0.9996722
 0.9997894  0.9998362 ]
[0.00319474 0.00203196 0.00540041 0.00372259 0.00195987 0.9998933
 0.9997942  0.9998834  0.99978274 0.99981815 0.00783215 0.002801
 0.00511977 0.00191249 0.0027142  0.99981993 0.99984646 0.9996426
 0.99982506 0.9997472 ]
[0.00192555 0.00218369 0.00679714 0.00305532 0.00230012 0.99988484
 0.9998864  0.9998141  0.9997842  0.99988663 0.00780553 0.00200266
 0.00224776 0.00381657 0.00202597 0.9997713  0.9998807  0.99956197
 0.99984086 0.99981624]
[0.00266723 0.00202851 0.00309932 0.00353155 0.00219923 0.99988365
 0.99984837 0.999816   0.99979657 0.9998381  0.00305749 0.0023846
 0.00208316 0.00517048 0.00253316 0.9998883  0.99980944 0.9996848
 0.9998455  0.9998882 ]
[0.00229325 0.00184484 0.00600484 0.00348195 0.00238763 0.9997744
 0.9998338  0.9999045  0.99981624 0.9997713  0.0083006  0.00280532
 0.00385085 0.00311464 0.00200334 0.99987936 0.9997508  0.9994677
 0.9997484  0.9997713 ]
[0.0026534  0.00212592 0.00697841 0.00367276 0.00238616 0.9998621
 0.9998337  0.9998159  0.999819   0.99988866 0.00229439 0.0032152
 0.00258139 0.00449331 0.00339437 0.9998814  0.999833   0.9996314
 0.9997383  0.999871  ]
[0.00247336 0.00225626 0.00998222 0.00527046 0.00217751 0.9998909
 0.9999033  0.99978167 0.999741   0.999833   0.00397409 0.00283644
 0.00436224 0.00209186 0.00256482 0.99985075 0.99974805 0.99958867
 0.9998048  0.99983394]
[0.00235821 0.00284921 0.00796766 0.00416309 0.00265179 0.99989736
 0.99983764 0.9997856  0.99968445 0.9998783  0.00998869 0.00309509
 0.00348647 0.00192975 0.00197465 0.999801   0.99978834 0.99950755
 0.9998357  0.9998591 ]
[0.00253923 0.00195198 0.00826313 0.00352178 0.00208544 0.99987245
 0.9998149  0.9998456  0.99979633 0.99978405 0.00537745 0.0023804
 0.00650851 0.00192759 0.00404166 0.9998541  0.99987364 0.9996222
 0.9998572  0.9997669 ]
[0.00193707 0.00223998 0.00735466 0.00387016 0.00159804 0.9998293
 0.99981683 0.9998834  0.9997358  0.99982774 0.00743525 0.00384214
 0.00307918 0.00258113 0.00236265 0.9998852  0.9998363  0.99956733
 0.999728   0.999876  ]
[0.00224489 0.00210369 0.00374139 0.00292007 0.00200668 0.99988055
 0.9999027  0.99986374 0.9997298  0.99983096 0.00468689 0.00284094
 0.0030677  0.00295704 0.00194338 0.9998035  0.99987876 0.9997094
 0.99980634 0.9998783 ]
[0.00446103 0.00500725 0.00794575 0.00811685 0.00381143 0.99986017
 0.99985695 0.9998385  0.9997309  0.99976057 0.00383996 0.00304626
 0.00414581 0.00321477 0.00169792 0.9997564  0.9998636  0.9992849
 0.99974376 0.9995678 ]
[0.00182476 0.00198094 0.0025841  0.00352875 0.00193913 0.9998772
 0.9998636  0.99988127 0.99981207 0.99989307 0.00392177 0.00306418
 0.00363581 0.00387494 0.00191447 0.99988806 0.99982893 0.9997186
 0.9998097  0.99984753]
[0.00244015 0.00212041 0.0063793  0.00364437 0.00194819 0.9998549
 0.99984324 0.9998288  0.99964523 0.99981564 0.00219092 0.0020541
 0.00349159 0.00249107 0.00484004 0.99983466 0.99986696 0.9997873
 0.99987185 0.99985635]
[0.00336542 0.00289823 0.01042034 0.00365821 0.00202714 0.9997979
 0.9998765  0.9999008  0.9998184  0.999859   0.01080811 0.00280924
 0.00362129 0.00511548 0.00189926 0.99982786 0.9998362  0.9997619
 0.99978465 0.9998826 ]
[0.00232676 0.00200494 0.00824535 0.00439198 0.00199984 0.99985075
 0.99979    0.9999033  0.9997018  0.99986947 0.00579201 0.00331455
 0.00367338 0.00293027 0.00177631 0.9997801  0.9998797  0.99977237
 0.999778   0.9998671 ]
[0.00272213 0.00218764 0.00692172 0.00393932 0.00184528 0.9997614
 0.9998983  0.9998783  0.9997048  0.9998267  0.0032671  0.00321187
 0.00348212 0.0025314  0.00214658 0.99987197 0.9998486  0.99974424
 0.9998472  0.9998313 ]
[0.00262316 0.00187201 0.00485008 0.00319619 0.00199731 0.999869
 0.9998573  0.9997874  0.9996749  0.99985707 0.00629805 0.00253306
 0.00331302 0.00277142 0.00283994 0.9998878  0.9997539  0.9997608
 0.99984765 0.99986374]
[0.00252647 0.00248718 0.00486784 0.00380569 0.00254936 0.9998654
 0.9997993  0.99991345 0.9997954  0.99980956 0.00398174 0.00346754
 0.0029761  0.00341172 0.00396387 0.999845   0.9997844  0.9997665
 0.99977726 0.9997527 ]
[0.00215194 0.00176014 0.00602179 0.00376671 0.00183818 0.9999027
 0.9998745  0.99989676 0.9997118  0.9997857  0.00539102 0.00227039
 0.00480149 0.00298957 0.00193995 0.9998234  0.99984    0.9996356
 0.9998524  0.99988174]
[0.00233185 0.0020561  0.00392926 0.00522163 0.00231358 0.99979264
 0.99982685 0.999889   0.999736   0.99978787 0.00239595 0.00230206
 0.00331527 0.00263889 0.0034339  0.9998896  0.9998847  0.99968624
 0.9997731  0.9998739 ]
[0.00270114 0.00179432 0.00642711 0.0039709  0.00242256 0.9998971
 0.9998971  0.9998909  0.9997217  0.9998729  0.00782666 0.00386785
 0.0031852  0.00200776 0.00290038 0.9997482  0.99977106 0.9996729
 0.9998431  0.9998354 ]
[0.00268039 0.00235499 0.00551151 0.00370634 0.00181279 0.99986434
 0.99983215 0.9998754  0.99955994 0.99986887 0.00397799 0.00332773
 0.00394574 0.00357683 0.00312574 0.99984455 0.9998361  0.99974805
 0.99976856 0.99981135]
[0.00254919 0.00255716 0.00216272 0.00245281 0.00185716 0.9998541
 0.9998802  0.9998859  0.9997181  0.9998229  0.00540915 0.00460567
 0.00533862 0.00378918 0.00225855 0.9998839  0.99974567 0.9996414
 0.99976736 0.9998104 ]
[0.00220666 0.00182954 0.00512581 0.00299069 0.00199527 0.9998179
 0.9998715  0.9998528  0.9998319  0.9998123  0.00402744 0.00181785
 0.00294655 0.00347313 0.00278739 0.9997956  0.99986184 0.999595
 0.99981207 0.999851  ]
[0.00216277 0.00223449 0.00634521 0.00203706 0.00185213 0.9998673
 0.99990594 0.9998894  0.9998098  0.99986684 0.0072092  0.00426897
 0.00205735 0.00237365 0.00174033 0.9998053  0.9997999  0.99975485
 0.999746   0.999838  ]
[0.00287527 0.00211624 0.00486713 0.0037577  0.00233824 0.99982065
 0.9998037  0.9998267  0.99973685 0.999895   0.00388984 0.00353585
 0.00430085 0.00232743 0.00216108 0.9998282  0.9998299  0.9997466
 0.999765   0.9997919 ]
[0.00217689 0.00283767 0.00673945 0.00405003 0.00223855 0.9998728
 0.9998944  0.9998276  0.99984705 0.99977404 0.0043525  0.00285303
 0.0038892  0.00218991 0.00311175 0.99980336 0.99983156 0.9995432
 0.9998012  0.99980325]
[0.00195438 0.00288142 0.00557628 0.00338952 0.00195065 0.9998653
 0.999905   0.9998623  0.99968946 0.9998791  0.0045908  0.00292032
 0.0032986  0.00222214 0.00211118 0.999877   0.99977714 0.9995602
 0.99985075 0.9998248 ]
[0.00227816 0.00177215 0.00619989 0.00269297 0.0020801  0.99988973
 0.9998678  0.9998652  0.9998429  0.9998715  0.00442267 0.00348399
 0.00490148 0.00199383 0.00298972 0.9998672  0.9998375  0.99968255
 0.9998361  0.9998858 ]
[0.00242583 0.00235699 0.00339441 0.00439909 0.00190007 0.999907
 0.9998517  0.9998141  0.9998481  0.99988246 0.00238813 0.0035994
 0.00298259 0.0011979  0.00520642 0.99983644 0.99981326 0.99957234
 0.99987257 0.99980706]
[0.00227136 0.00230881 0.0043673  0.0053061  0.00192943 0.999899
 0.9998869  0.99990463 0.9997911  0.9998223  0.00484607 0.00266129
 0.00371733 0.00641452 0.0023382  0.9998276  0.9997763  0.999759
 0.99974436 0.99986553]
[0.00276627 0.00239665 0.00554623 0.00530141 0.00206536 0.9997768
 0.9998636  0.9998399  0.99964523 0.99983895 0.00594295 0.00185022
 0.00348527 0.002981   0.0025287  0.9998361  0.99987495 0.99967134
 0.9998124  0.9998599 ]
[0.00182049 0.00182548 0.00362934 0.00328697 0.00220552 0.9998267
 0.9998392  0.99982446 0.99982494 0.99980384 0.00490696 0.00315927
 0.00287077 0.0030063  0.00272097 0.9998652  0.9998691  0.99970055
 0.9997471  0.9998802 ]
[0.0022649  0.00226024 0.00766341 0.00363589 0.00235269 0.99985576
 0.99985707 0.9998228  0.99968934 0.9998062  0.00417174 0.00340131
 0.0032681  0.00383999 0.00234496 0.99988997 0.9997317  0.99968874
 0.99975806 0.999777  ]
[0.00296298 0.0017674  0.00807836 0.00288091 0.00233136 0.9997836
 0.9998047  0.99983835 0.99981445 0.9998147  0.00455091 0.00180107
 0.00291939 0.00340981 0.00215856 0.999843   0.99977463 0.9996344
 0.9997857  0.9997937 ]
[0.00284869 0.00214246 0.00487628 0.00353333 0.00201884 0.9997876
 0.99985754 0.99983144 0.9997975  0.99980646 0.00499716 0.00349756
 0.00426061 0.00392115 0.00219941 0.99983144 0.9998043  0.9995672
 0.9998086  0.9998728 ]
[0.00214502 0.00215874 0.00568803 0.00406877 0.00173495 0.99982125
 0.9998777  0.9999069  0.9997234  0.9998258  0.00585551 0.00275789
 0.00272526 0.00229903 0.00218649 0.999762   0.9998416  0.99945945
 0.9997125  0.99983895]
[0.00221654 0.00194824 0.00838266 0.00387144 0.00207899 0.99979717
 0.9998215  0.9998915  0.9996433  0.99977785 0.00387443 0.00406629
 0.00264844 0.00225221 0.00306718 0.99977714 0.9998191  0.99968946
 0.9998209  0.99984205]
[0.00339538 0.00210786 0.00563464 0.00339992 0.00254176 0.99989474
 0.9998679  0.9997905  0.9998078  0.9998902  0.00394876 0.00318739
 0.00304    0.00237653 0.00166245 0.99980265 0.9998524  0.9997054
 0.99983025 0.9998306 ]
[0.00210857 0.00228305 0.00375265 0.00301841 0.00207827 0.99979264
 0.99985313 0.9999045  0.99977547 0.9997768  0.00540349 0.00393395
 0.00279264 0.00242887 0.00196774 0.9998653  0.9997824  0.9994616
 0.999747   0.99983203]
[0.00244043 0.00220605 0.00714082 0.00306579 0.00191178 0.9998809
 0.9998803  0.9998976  0.99981326 0.99976176 0.00450027 0.00272714
 0.00359343 0.00204507 0.00200335 0.99984634 0.9998703  0.999775
 0.9997212  0.9998816 ]
[0.00256157 0.00210985 0.00484471 0.00336745 0.00243458 0.999811
 0.999894   0.9998994  0.99967766 0.9998678  0.00230709 0.00375085
 0.0041544  0.00242883 0.00307476 0.9998024  0.9998512  0.99977154
 0.9998186  0.9998281 ]
[0.00242148 0.00171389 0.007658   0.00414857 0.00173634 0.9998603
 0.99989104 0.9998939  0.9998259  0.9997925  0.00917328 0.00143961
 0.00508454 0.00237792 0.00224672 0.9998741  0.99985075 0.99959964
 0.9998616  0.99984896]
[0.00201597 0.00236746 0.00568356 0.00288168 0.00246782 0.999816
 0.9998828  0.9998362  0.99972373 0.9998043  0.00552471 0.00294301
 0.00340987 0.00326653 0.00244801 0.99978954 0.9998696  0.99942076
 0.9998561  0.9998491 ]
[0.00252444 0.00211341 0.00602409 0.00305482 0.00234183 0.9998147
 0.99988186 0.9998536  0.99976224 0.9998859  0.0058327  0.00228376
 0.00170986 0.00233723 0.00169088 0.9998104  0.9998406  0.9996183
 0.9997986  0.99988055]
[0.00213663 0.00198784 0.00747121 0.00296992 0.00250866 0.99979085
 0.9998863  0.99985695 0.9997875  0.99989235 0.00545958 0.00248779
 0.00342458 0.00191994 0.00314147 0.9998456  0.9998814  0.99979025
 0.9997303  0.9998611 ]
[0.0026865  0.00173569 0.00632    0.00297589 0.00209393 0.99985254
 0.99988437 0.99989045 0.99977285 0.99978286 0.00450363 0.00341203
 0.00223033 0.00452967 0.00206208 0.9998348  0.9998012  0.9997656
 0.99975854 0.99979323]
[0.00242558 0.00218146 0.00743032 0.00393535 0.00181844 0.9998229
 0.9998696  0.99989414 0.9998406  0.9997974  0.00793969 0.00279828
 0.00452662 0.00302146 0.00174937 0.99985003 0.99986255 0.9996835
 0.9998454  0.99985313]
[0.0025422  0.00233705 0.01062453 0.00617684 0.00234456 0.9998085
 0.99987006 0.9997954  0.99978954 0.99988544 0.00528365 0.00362722
 0.00402699 0.00212591 0.00322915 0.9998714  0.9998235  0.99972755
 0.9998497  0.999871  ]
