Mprobs for dataset sim1_corr (0.2) (IAF layers = 2):

[0.9998957  0.99987376 0.99988127 0.9997844  0.99988973 0.99977285
 0.99975556 0.9995425  0.9998337  0.9998085 ]
[0.9998702  0.9998535  0.9998443  0.9998338  0.99988043 0.99983037
 0.9998654  0.9994394  0.9997913  0.9998005 ]
[0.99987423 0.9997737  0.9998166  0.9997726  0.9998776  0.99980205
 0.9997501  0.99969876 0.9998623  0.9998721 ]
[0.9998877  0.9997973  0.999833   0.99982077 0.99984837 0.99988925
 0.99981195 0.99971265 0.9997452  0.99977154]
[0.9998872  0.99990106 0.9998671  0.9996908  0.9998598  0.9997508
 0.99976605 0.9996326  0.9998437  0.99983275]
[0.99988985 0.9998642  0.9998185  0.9997068  0.9998599  0.9997578
 0.9998609  0.99975103 0.9997224  0.99987483]
[0.9998479  0.99986815 0.9998155  0.9997392  0.9998512  0.99987054
 0.9998801  0.9995666  0.999835   0.9998369 ]
[0.9998254  0.99987733 0.99985754 0.999851   0.99989235 0.99981767
 0.99984574 0.99954176 0.99987245 0.99985874]
[0.99985445 0.9998529  0.9998789  0.99971026 0.99987996 0.9997967
 0.9997844  0.9997398  0.9997619  0.99984753]
[0.9998105  0.9998981  0.99983454 0.9997372  0.9998349  0.99974555
 0.9998461  0.9997242  0.99977857 0.9998086 ]
[0.9998894  0.9998634  0.9998185  0.99976    0.99984145 0.99980205
 0.9998085  0.9996412  0.99982554 0.99985564]
[0.9998685  0.9998203  0.99990106 0.999701   0.99989414 0.99980396
 0.9998673  0.9996105  0.99975353 0.99979156]
[0.9998956  0.999788   0.9998135  0.99975246 0.9998567  0.9997657
 0.99982697 0.9997522  0.9998543  0.9998048 ]
[0.99988306 0.99982846 0.9998437  0.9998272  0.99976593 0.9998505
 0.9997788  0.9997683  0.9998635  0.99975353]
[0.9999044  0.9998318  0.99979156 0.99966705 0.9998171  0.9998785
 0.99987566 0.999607   0.9998442  0.99989164]
[0.9998584  0.9997863  0.99984276 0.99981374 0.9998777  0.99987173
 0.9997793  0.99963367 0.99985814 0.99988556]
[0.99990845 0.9998758  0.99984694 0.9997235  0.99978703 0.99984574
 0.9998691  0.999688   0.99985766 0.9998876 ]
[0.99983406 0.9998337  0.9999119  0.9997836  0.9998498  0.99983597
 0.9997547  0.9996044  0.9997304  0.9998273 ]
[0.9998994  0.99981445 0.9998288  0.9997179  0.9998215  0.99979836
 0.99988973 0.99968183 0.99981993 0.99989426]
[0.99986076 0.9998375  0.9997892  0.99967194 0.9997683  0.9997811
 0.99986434 0.99965453 0.9997296  0.99977   ]
[0.9998111  0.9998667  0.99983037 0.99982435 0.9998908  0.9997899
 0.99983335 0.9996321  0.99985754 0.99988055]
[0.9999099  0.99987185 0.99979204 0.99971956 0.99978477 0.99984944
 0.99984443 0.99957937 0.99985576 0.9998024 ]
[0.9998149  0.99988806 0.9997842  0.9997217  0.9998381  0.99977213
 0.9998559  0.99971217 0.99980813 0.99984896]
[0.9998436  0.9998982  0.99985063 0.9997435  0.99980706 0.99979156
 0.9997304  0.99977165 0.9998696  0.999841  ]
[0.9998988  0.99988353 0.9998777  0.9998202  0.99980253 0.9997706
 0.999762   0.99967706 0.9998272  0.99985385]
[0.99989724 0.9998621  0.99985206 0.99975735 0.99988234 0.9998305
 0.99978656 0.99978274 0.9997851  0.9998048 ]
[0.9998258  0.9998876  0.9999089  0.9998299  0.9998841  0.9998547
 0.99975866 0.99977416 0.99983513 0.9998611 ]
[0.99989843 0.9999088  0.9998635  0.9997842  0.99977714 0.9997961
 0.99976414 0.9995758  0.99977154 0.9998568 ]
[0.99988985 0.9998487  0.9998939  0.9998635  0.9997811  0.99977285
 0.9997855  0.99973315 0.99983466 0.99988663]
[0.99987566 0.9998796  0.9998406  0.9998524  0.9997789  0.9998161
 0.9997881  0.9995788  0.99975353 0.99983823]
[0.9998939  0.9998828  0.99990594 0.99983585 0.99982303 0.9998055
 0.9997794  0.9997844  0.9998828  0.99988985]
[0.9998926  0.999808   0.999866   0.99981385 0.99978596 0.99988115
 0.9998474  0.9996538  0.9998449  0.9998386 ]
[0.99978    0.99983144 0.9998287  0.9998197  0.9997701  0.99976987
 0.9998709  0.9997509  0.999843   0.9997726 ]
[0.9999018  0.99985516 0.9998646  0.99977297 0.9998884  0.9998155
 0.9998627  0.99958915 0.99972886 0.9998858 ]
[0.9998542  0.9998648  0.9999101  0.99969995 0.9998393  0.99979347
 0.99981636 0.999729   0.99979776 0.9998215 ]
[0.9997961  0.99984765 0.999856   0.99982053 0.9998784  0.9997998
 0.99980897 0.99972814 0.99974006 0.99987936]
[0.9998846  0.99989164 0.9998541  0.9996724  0.9998585  0.99978775
 0.9998097  0.99979    0.99981207 0.9997867 ]
[0.9998147  0.99990845 0.99988997 0.99978405 0.9998895  0.9998491
 0.9997609  0.9995516  0.9997671  0.99986553]
[0.9997973  0.999879   0.9998957  0.99970585 0.99987984 0.999845
 0.99984014 0.99966085 0.9998282  0.99986935]
[0.99987733 0.9998404  0.99982953 0.9997371  0.9998418  0.9998035
 0.99981457 0.9997266  0.9997762  0.9997824 ]
[0.99987245 0.9998884  0.9998715  0.99968016 0.99980885 0.99979776
 0.99976474 0.9997906  0.9997645  0.9998777 ]
[0.999778   0.9998777  0.99978405 0.999723   0.99977344 0.9998299
 0.9998097  0.9995894  0.9998659  0.9998745 ]
[0.99977106 0.9998665  0.99981326 0.9997671  0.9998816  0.999782
 0.9997979  0.99968696 0.9998196  0.999843  ]
[0.99983525 0.9998349  0.99989486 0.9997621  0.9998523  0.9997992
 0.9997532  0.9996406  0.99974483 0.9998561 ]
[0.9998901  0.9999052  0.9998876  0.9997329  0.99982697 0.9997892
 0.99974805 0.9997441  0.99983954 0.9998497 ]
[0.9998348  0.99986744 0.9999043  0.9997856  0.999819   0.99981385
 0.99977523 0.999778   0.99973935 0.9997981 ]
[0.999795   0.9999021  0.9998282  0.99981946 0.9998565  0.99983203
 0.9998093  0.99946505 0.99980694 0.99979824]
[0.9998605  0.9999026  0.9998554  0.9997068  0.99978083 0.999843
 0.9998709  0.99955255 0.99983144 0.999856  ]
[0.9998394  0.9997979  0.99980634 0.9998147  0.99976355 0.99989295
 0.99984765 0.99962795 0.99982953 0.99982965]
[0.9998989  0.9998758  0.9998858  0.999856   0.99976295 0.9997626
 0.9998299  0.9994686  0.99980026 0.99984753]
[0.9998901  0.9998172  0.99983823 0.99969554 0.9998492  0.99979526
 0.9997497  0.9996195  0.9998754  0.9998746 ]
[0.9998969  0.9998853  0.9999062  0.9997551  0.99988866 0.9998733
 0.99978393 0.99974114 0.99985576 0.99975973]
[0.9998777  0.99991035 0.9998982  0.99971837 0.99984074 0.999813
 0.9997687  0.9997081  0.9997553  0.9998466 ]
[0.99978787 0.9998598  0.9998417  0.99977964 0.99980277 0.9998574
 0.99984133 0.999729   0.9998062  0.9998399 ]
[0.9998356  0.9997923  0.99984634 0.999706   0.9997603  0.99978215
 0.99980515 0.9997807  0.99984837 0.9998405 ]
[0.9998418  0.99989986 0.9998969  0.99977    0.9998048  0.99979526
 0.9998369  0.9997718  0.99978524 0.999821  ]
[0.9998739  0.9998281  0.99989426 0.99973124 0.99986947 0.9998172
 0.9998572  0.9997228  0.99977785 0.9998447 ]
[0.99988854 0.99981624 0.99985766 0.9998356  0.9998666  0.9998342
 0.9998331  0.9997297  0.9998142  0.99986887]
[0.9998209  0.99983823 0.99985373 0.99970835 0.9997843  0.99983
 0.9997385  0.99979633 0.9998336  0.999841  ]
[0.9997924  0.99986756 0.99987733 0.99977225 0.9998715  0.9998274
 0.99976546 0.9997365  0.9998615  0.99986553]
[0.99985945 0.99988127 0.9999058  0.99969864 0.99981695 0.9998859
 0.9998264  0.99972135 0.9998029  0.9998042 ]
[0.99984705 0.99981815 0.9998124  0.99979454 0.9998847  0.9997782
 0.9997942  0.99957544 0.99986255 0.9998845 ]
[0.99990785 0.99984026 0.999871   0.9996846  0.9998276  0.99981076
 0.9997812  0.99963796 0.99981266 0.9997962 ]
[0.99980646 0.999869   0.99982685 0.99983656 0.9998896  0.9997943
 0.99985087 0.9995677  0.9998857  0.99978334]
[0.9998765  0.99986875 0.9999064  0.99966264 0.99985874 0.99986994
 0.9998492  0.9997038  0.9998554  0.999869  ]
[0.99987864 0.99990165 0.9998648  0.9998337  0.99981076 0.99988246
 0.99988127 0.9997968  0.99976736 0.9998878 ]
[0.99982893 0.9998666  0.99985456 0.99984396 0.99985445 0.99986386
 0.99986434 0.99971205 0.9997538  0.9998871 ]
[0.9998479  0.9998535  0.99979526 0.9996723  0.999861   0.99982315
 0.9998498  0.99969816 0.99976605 0.9998838 ]
[0.9998275  0.99982506 0.9998306  0.99978274 0.9997706  0.99981743
 0.9998348  0.9994929  0.99977285 0.9998398 ]
[0.9998672  0.9998047  0.9997814  0.9998124  0.99987423 0.9998603
 0.9998791  0.99958545 0.999824   0.9997619 ]
[0.99989474 0.99981815 0.9998265  0.9997789  0.9998579  0.99984014
 0.999892   0.9997664  0.99984324 0.9998621 ]
[0.9999038  0.9998579  0.99988806 0.9996761  0.99983025 0.9998598
 0.999846   0.9996131  0.9997732  0.9998543 ]
[0.9998373  0.99982303 0.9998086  0.99974984 0.99978215 0.99980015
 0.9998369  0.9997887  0.9998135  0.9998846 ]
[0.9999013  0.9998553  0.99985266 0.9997956  0.99978787 0.99983513
 0.9998079  0.9997671  0.99981266 0.9997949 ]
[0.9998733  0.99978393 0.9998222  0.9997862  0.9998142  0.9998661
 0.99986494 0.9997011  0.9996835  0.99974626]
[0.99979573 0.9998735  0.9997999  0.999853   0.99986887 0.99978775
 0.99987566 0.99956447 0.99982005 0.99984586]
[0.99984634 0.9998524  0.9998574  0.9998006  0.9998876  0.99984777
 0.9998727  0.99947697 0.9998727  0.9998116 ]
[0.99979395 0.9998902  0.9998635  0.9996803  0.9998665  0.9998356
 0.999734   0.99968195 0.9998536  0.9998274 ]
[0.9998124  0.99990773 0.9998872  0.9997056  0.99983275 0.99986386
 0.99984074 0.9997743  0.99987173 0.99986625]
[0.9998254  0.99990654 0.99980336 0.99958163 0.99989796 0.99986017
 0.99976844 0.9996189  0.99982506 0.99979955]
[0.9998919  0.9999089  0.99985254 0.99976784 0.9997845  0.99977535
 0.99976605 0.9997322  0.9998387  0.99989283]
[0.99986434 0.9998062  0.9998252  0.99981767 0.9998766  0.9997744
 0.99982566 0.9996463  0.99972755 0.9997508 ]
[0.99989164 0.9999006  0.99989367 0.9998591  0.99978167 0.99981016
 0.99984694 0.999757   0.99973184 0.9998337 ]
[0.99977773 0.999863   0.9998411  0.9996836  0.9998313  0.9997874
 0.9998363  0.9997167  0.9997702  0.9997868 ]
[0.99985695 0.99990666 0.999848   0.9997274  0.9997782  0.9997857
 0.9998807  0.9996692  0.99981874 0.99987173]
[0.9998971  0.999907   0.9997999  0.99972075 0.9998815  0.9998863
 0.99976724 0.99955696 0.9997745  0.99981457]
[0.9998739  0.9998734  0.99982697 0.99966455 0.9998758  0.9998547
 0.9997969  0.99973446 0.9997334  0.9997632 ]
[0.999798   0.9999051  0.9998055  0.9997471  0.99979156 0.9997526
 0.9998018  0.9997042  0.99981624 0.9998393 ]
[0.9998217  0.9999007  0.99977857 0.99985504 0.9997907  0.99987555
 0.999793   0.99959356 0.9997011  0.99987197]
[0.9998411  0.9999013  0.9998118  0.99969316 0.9997738  0.9998599
 0.9998493  0.9996699  0.999856   0.9998166 ]
[0.99983704 0.99990094 0.9997882  0.9996729  0.9998826  0.9997764
 0.9998456  0.99970216 0.9997842  0.9998336 ]
[0.9998896  0.9998908  0.99988914 0.9997762  0.99982846 0.9998945
 0.9997464  0.9996561  0.9997969  0.9998596 ]
[0.9999027  0.99989307 0.9998319  0.9997758  0.99986696 0.9998234
 0.9998715  0.9994623  0.9998041  0.9997693 ]
[0.99985445 0.9999037  0.99984646 0.9998288  0.9998294  0.9998361
 0.99980396 0.99965525 0.99986625 0.9997873 ]
[0.999884   0.9998876  0.99986553 0.9998091  0.9998629  0.99983835
 0.9998078  0.99962425 0.9997923  0.99988306]
[0.9998122  0.9998621  0.9998863  0.9998037  0.9997893  0.9998355
 0.99976236 0.9995757  0.9998411  0.9997658 ]
[0.9999018  0.9998035  0.9998267  0.99985456 0.9997987  0.99984765
 0.9997483  0.99978524 0.9997924  0.99976724]
[0.9998337  0.9998585  0.9998393  0.9997396  0.9998017  0.9998721
 0.999828   0.9997769  0.9998747  0.99979836]
[0.9998535  0.999841   0.9998903  0.999851   0.9997875  0.9997929
 0.9997217  0.99962366 0.9998022  0.99979323]
[0.9998956  0.9997975  0.99985766 0.9997174  0.9997805  0.99978215
 0.9997558  0.9996031  0.99981004 0.9997471 ]
