Mprobs for dataset sim1_corr (0.8) (IAF layers = 2):

[0.98703057 0.99989486 0.9998896  0.9998085  0.9998524  0.99986565
 0.9998796  0.9997844  0.9996245  0.99975044 0.9998517 ]
[0.9500738  0.9998865  0.9998097  0.9998865  0.9997844  0.9997929
 0.99977523 0.9997756  0.9995152  0.99985206 0.9998425 ]
[0.97872156 0.99987733 0.9999062  0.99990106 0.9997693  0.9997861
 0.99987626 0.9997465  0.999559   0.9998517  0.9998553 ]
[0.9803155  0.9998759  0.9998971  0.99989736 0.9998388  0.9998554
 0.999859   0.9998186  0.99973446 0.999798   0.9998203 ]
[0.97847867 0.99989164 0.99981683 0.9998043  0.999668   0.9997693
 0.9998647  0.9997681  0.9997259  0.9998281  0.9998436 ]
[0.5384955  0.9999249  0.99984    0.9998721  0.9997327  0.9997986
 0.99982506 0.9998184  0.99974006 0.9997638  0.9997925 ]
[0.7563598  0.9999232  0.99990773 0.9998242  0.9996636  0.9998871
 0.9998204  0.9998472  0.99978155 0.99974245 0.99977106]
[0.9022736  0.99989367 0.9998704  0.99987245 0.99968064 0.99976426
 0.9998155  0.99981636 0.99960035 0.9998653  0.9998523 ]
[0.9605559  0.9999263  0.9999008  0.99988246 0.9996691  0.999851
 0.9998318  0.9997508  0.9997321  0.99984443 0.9997527 ]
[0.99247897 0.9998584  0.99988735 0.99983203 0.9997404  0.9998915
 0.9997657  0.9998154  0.99947006 0.9998661  0.99982053]
[0.96696466 0.99986947 0.99990463 0.99985516 0.9997203  0.9997402
 0.9998833  0.9998374  0.9995285  0.9997528  0.99984956]
[0.9888465  0.9998795  0.9998869  0.9998437  0.99971193 0.9998467
 0.99986255 0.999835   0.9997416  0.999863   0.99985635]
[0.98314935 0.9999062  0.9998362  0.9998178  0.9997855  0.9997954
 0.99986005 0.9997881  0.99973494 0.9997198  0.99986696]
[0.9627912  0.99987566 0.99990654 0.9998041  0.99966896 0.99978226
 0.9997861  0.9998098  0.9997621  0.9997675  0.999887  ]
[0.97678375 0.999908   0.999819   0.99989283 0.9996892  0.9998665
 0.99988234 0.9998561  0.9997931  0.99984086 0.9998661 ]
[0.828827   0.9999316  0.9998727  0.999824   0.99984384 0.999819
 0.9998441  0.99979395 0.9993216  0.99972934 0.99979967]
[0.8377956  0.99991465 0.99979705 0.99984336 0.99982965 0.99982834
 0.999879   0.9998543  0.99970585 0.9997578  0.99984837]
[0.9499377  0.99994123 0.9998361  0.9998553  0.9997695  0.99986625
 0.9997482  0.99988055 0.99958223 0.99986315 0.99982136]
[0.9924138  0.99984646 0.99984837 0.9998909  0.9998254  0.9998399
 0.999777   0.9997818  0.99969375 0.9998394  0.99983823]
[0.97205395 0.99989724 0.9999026  0.9997968  0.9997137  0.9998215
 0.99977773 0.99975675 0.99980444 0.9998011  0.99986506]
[0.94785523 0.99988556 0.9998565  0.99985695 0.9997582  0.99982196
 0.99981576 0.9998549  0.9997489  0.9998628  0.99977845]
[0.9382357  0.9999291  0.9999007  0.9998196  0.9998447  0.99976236
 0.9997849  0.9998541  0.99960417 0.9998115  0.99988616]
[0.9551351  0.9999014  0.99982953 0.99986494 0.9997427  0.9997948
 0.999869   0.99986744 0.99953234 0.99986684 0.9998766 ]
[0.97703916 0.9998722  0.99983263 0.9998901  0.9997974  0.99988556
 0.99982446 0.9998197  0.9995578  0.9997522  0.99984956]
[0.948941   0.99992    0.9998568  0.99983394 0.99978405 0.9998054
 0.999853   0.9997634  0.999585   0.9997676  0.99986815]
[0.99285537 0.99983895 0.99987733 0.99968743 0.9998091  0.9998853
 0.9997619  0.9998549  0.9996705  0.9997482  0.9998412 ]
[0.9919849  0.999856   0.99985325 0.9999027  0.9998385  0.99982363
 0.9997806  0.9998652  0.9992643  0.9997782  0.999826  ]
[0.9340389  0.99991333 0.9998179  0.99981254 0.9996474  0.9998079
 0.9997538  0.99983275 0.9996587  0.99979645 0.9998759 ]
[0.9695733  0.9998696  0.9998155  0.99985707 0.9998473  0.99989414
 0.999851   0.9998735  0.9994307  0.9998197  0.9997671 ]
[0.9766291  0.9998615  0.99990535 0.9999118  0.9996985  0.9997838
 0.9997961  0.9997936  0.99966705 0.9998745  0.999841  ]
[0.97928566 0.9999019  0.99983716 0.999887   0.9997944  0.9998833
 0.9998437  0.9997936  0.99955004 0.99982136 0.99988794]
[0.98378307 0.9998714  0.99989843 0.99982053 0.99973613 0.9998054
 0.9998859  0.9997737  0.99975246 0.999866   0.9998449 ]
[0.9769216  0.99986887 0.9997936  0.9998061  0.9998122  0.9998154
 0.99976176 0.99985623 0.99960333 0.99981385 0.99980396]
[0.9776628  0.99990547 0.9998822  0.99990714 0.9998355  0.9998149
 0.99986124 0.9998667  0.9996476  0.9998209  0.9998542 ]
[0.9446436  0.999887   0.9998503  0.9997826  0.99975806 0.99986565
 0.99981505 0.9997981  0.9997094  0.99986994 0.999777  ]
[0.9861326  0.9998838  0.9998869  0.99979407 0.99962795 0.9998091
 0.9998777  0.9998054  0.99963725 0.99976534 0.9998559 ]
[0.4429293  0.9999218  0.9998424  0.99986124 0.99973744 0.9998847
 0.99983525 0.9998698  0.99974793 0.9998049  0.9998685 ]
[0.989509   0.9998733  0.9998122  0.9998374  0.9998622  0.9998441
 0.9998857  0.9997731  0.99960274 0.9997826  0.9998971 ]
[0.9876775  0.9999058  0.9998883  0.99991286 0.9996815  0.99980825
 0.9998727  0.9997954  0.99966204 0.999879   0.9997603 ]
[0.99079984 0.9998679  0.99990106 0.9998004  0.99978596 0.9997706
 0.9998617  0.99977666 0.9997632  0.9998653  0.99983215]
[0.9766508  0.99992263 0.999851   0.999858   0.9997532  0.99975353
 0.9998411  0.9998061  0.99969006 0.9997789  0.99980754]
[0.86451787 0.9999223  0.9998963  0.9998037  0.99975985 0.9998908
 0.99979514 0.99978465 0.9997147  0.99977773 0.99981314]
[0.92209256 0.99992645 0.99981946 0.99983656 0.99971694 0.9998241
 0.9998925  0.9998783  0.9996099  0.99987423 0.9997843 ]
[0.99475443 0.99982834 0.9998184  0.999841   0.99967563 0.9998342
 0.9998498  0.99982256 0.999723   0.9998534  0.99978465]
[0.67035353 0.99991524 0.9997991  0.9998636  0.999762   0.9998584
 0.99989736 0.99983037 0.99963963 0.9997391  0.99983466]
[0.9875492  0.99985194 0.99989665 0.9997769  0.99972445 0.9998753
 0.99984014 0.9998847  0.9997875  0.99974495 0.999869  ]
[0.9159612  0.9999131  0.99985814 0.9998667  0.99974674 0.9998567
 0.99984956 0.99986315 0.9997551  0.9998758  0.9998785 ]
[0.97054255 0.9999162  0.9998228  0.99980587 0.99982697 0.9998079
 0.9997702  0.99979776 0.9996283  0.9998134  0.99983   ]
[0.98574466 0.9998388  0.9997999  0.99988973 0.9998198  0.9998797
 0.99988747 0.9997484  0.9997631  0.9997242  0.9998529 ]
[0.92165977 0.9999291  0.99988294 0.9998896  0.99973696 0.99985623
 0.9997837  0.99986184 0.9996377  0.9998696  0.9998487 ]
[0.93129915 0.9999014  0.999895   0.9997936  0.9998394  0.9998932
 0.99987745 0.9997851  0.9996351  0.9997365  0.99987805]
[0.9177601  0.9999149  0.99987197 0.9998435  0.99980515 0.9997862
 0.99987423 0.99982196 0.99965715 0.9998031  0.9997712 ]
[0.9898732  0.9998431  0.9998803  0.99982697 0.99971265 0.9998357
 0.99984086 0.9998511  0.999678   0.99986553 0.9997894 ]
[0.7753786  0.99991107 0.9997979  0.99981314 0.999736   0.99986553
 0.9998846  0.9998838  0.99971074 0.9998723  0.99981683]
[0.99923074 0.99988616 0.9999012  0.99990857 0.99982136 0.9997831
 0.99979705 0.9998721  0.99952507 0.99984753 0.99979717]
[0.8634567  0.9999318  0.99979573 0.9998222  0.9996966  0.99984777
 0.999887   0.9997259  0.99966574 0.99976104 0.9998801 ]
[0.9856237  0.99988496 0.99988973 0.9998746  0.9998419  0.99986506
 0.9998253  0.9997944  0.99966407 0.999859   0.99976856]
[0.8297176  0.99992573 0.9998807  0.99988985 0.9997205  0.9998167
 0.99977976 0.99981827 0.9997739  0.9997675  0.9998354 ]
[0.9508124  0.9999186  0.99989307 0.9998235  0.9997969  0.99985147
 0.9998801  0.999793   0.9996847  0.9998386  0.9998479 ]
[0.925533   0.99989665 0.9998863  0.9998852  0.9998547  0.9997472
 0.9997929  0.9998118  0.9997353  0.99985456 0.99984694]
[0.9267532  0.99989176 0.9999044  0.99986076 0.99980956 0.9997987
 0.99983203 0.99986935 0.9997744  0.9998784  0.99980825]
[0.97119933 0.9999032  0.99981064 0.999899   0.9998192  0.99984217
 0.9997496  0.9998325  0.99958473 0.99980205 0.99988353]
[0.93974024 0.9999186  0.9998348  0.9998148  0.9997366  0.9998142
 0.9998846  0.9998148  0.99964714 0.9997696  0.99982953]
[0.97389835 0.9999188  0.9998952  0.9998909  0.99980956 0.99980885
 0.99989045 0.9997873  0.99982846 0.9998616  0.9997712 ]
[0.97203153 0.99991274 0.99982834 0.9998797  0.9998281  0.9998741
 0.9998796  0.99975115 0.9998118  0.99977785 0.99981374]
[0.989799   0.9998604  0.9998832  0.9997917  0.9997009  0.999846
 0.999778   0.9998739  0.99961275 0.99983144 0.9997867 ]
[0.98367184 0.99987197 0.99989057 0.99985945 0.99978477 0.99983406
 0.99981815 0.99979085 0.9996543  0.9998504  0.999775  ]
[0.99332047 0.9998704  0.99981695 0.9999045  0.99987197 0.9998685
 0.99983966 0.99977916 0.9997634  0.9998629  0.9997913 ]
[0.9852379  0.9998796  0.9998103  0.999813   0.9998222  0.99975795
 0.9998605  0.9998012  0.99971396 0.9998567  0.99976987]
[0.83941793 0.9999304  0.9998789  0.99986124 0.99969053 0.99981993
 0.9998234  0.9997955  0.9995987  0.9997986  0.9997569 ]
[0.97783446 0.99988616 0.9998568  0.99983644 0.99982494 0.99986804
 0.9997713  0.9998629  0.9995376  0.99984634 0.9998148 ]
[0.9915352  0.99989533 0.9998198  0.99984086 0.99979955 0.9998337
 0.99980456 0.99986696 0.9994609  0.9997975  0.9998647 ]
[0.9714137  0.9998908  0.9999026  0.9998921  0.99972016 0.99984705
 0.9998592  0.99986994 0.9996164  0.99985707 0.99975485]
[0.98953664 0.99987566 0.9998349  0.9998048  0.9997732  0.9998702
 0.9998448  0.99973136 0.9996985  0.99981076 0.999762  ]
[0.98971856 0.9998754  0.99982387 0.9998066  0.99976987 0.9997856
 0.9998585  0.9998549  0.9996811  0.99977595 0.9998534 ]
[0.9733995  0.9998678  0.9998235  0.9998858  0.99968815 0.9998952
 0.9998722  0.9998468  0.9997104  0.99979025 0.99986136]
[0.98959947 0.99985325 0.99988604 0.9999043  0.99976987 0.99988866
 0.99988914 0.99988866 0.9997402  0.99984884 0.99975127]
[0.99992347 0.9999083  0.9998292  0.99975306 0.9997986  0.99982375
 0.99985397 0.999681   0.99960285 0.9998797 ]
[0.5114491  0.9999119  0.9998124  0.9999064  0.99969375 0.9998499
 0.99979275 0.99978775 0.9996668  0.9998018  0.9998406 ]
[0.5276391  0.9999192  0.99982077 0.9998266  0.9998053  0.99975973
 0.9998056  0.9997366  0.99964833 0.99987876 0.99980515]
[0.9920919  0.99985504 0.9998833  0.9998703  0.9998379  0.9998023
 0.9998778  0.9998865  0.9996196  0.99974674 0.9997874 ]
[0.97134835 0.999913   0.99987257 0.99978465 0.9998281  0.99988127
 0.9998305  0.9998853  0.99973947 0.9998579  0.9998524 ]
[0.9454038  0.9999161  0.9998055  0.9998882  0.99983025 0.99977165
 0.99985874 0.99986625 0.99955124 0.99977046 0.9998412 ]
[0.98996526 0.9998406  0.99988306 0.9999062  0.99980456 0.9998301
 0.9998816  0.99982953 0.99947935 0.99972516 0.99978644]
[0.89466506 0.9999151  0.999843   0.9998585  0.99984086 0.9998925
 0.9998481  0.9997601  0.99968374 0.99984944 0.99982196]
[0.98892957 0.99983287 0.9997955  0.9998585  0.99983025 0.9997745
 0.99981123 0.9998505  0.9995895  0.99982774 0.9998628 ]
[0.98700535 0.9998884  0.99986315 0.9998313  0.99973613 0.99980336
 0.99987924 0.9998336  0.9997383  0.99984396 0.9998659 ]
[0.98212135 0.99987185 0.99986935 0.99982846 0.99975365 0.999775
 0.9998431  0.99984264 0.9996697  0.99986255 0.99980086]
[0.9051327  0.9998977  0.99981946 0.99988365 0.99969125 0.99985695
 0.99984455 0.9998523  0.9994752  0.9998098  0.99977916]
[0.9908642  0.9998473  0.9999039  0.99981636 0.9996983  0.99988496
 0.99985003 0.9998486  0.9996742  0.9997415  0.99986064]
[0.99202126 0.9998822  0.99983335 0.9998305  0.9996942  0.9998772
 0.99986565 0.9997875  0.9997991  0.99974686 0.9998628 ]
[0.9851601  0.9998894  0.99989605 0.99984324 0.99980885 0.99981254
 0.9998161  0.99985445 0.99971026 0.99979156 0.99985564]
[0.85647076 0.9999089  0.99983346 0.99984574 0.99983037 0.99977905
 0.9997919  0.9997781  0.9994935  0.9998354  0.999838  ]
[0.97762805 0.9998925  0.9998047  0.99981815 0.9996656  0.9998374
 0.9998265  0.9998266  0.9996898  0.99975497 0.9997533 ]
[0.9695528  0.99992085 0.9998976  0.99980766 0.9997837  0.99982554
 0.9998338  0.9997632  0.9997948  0.99975806 0.99980444]
[0.92850727 0.9999249  0.99985397 0.99982375 0.9997595  0.99987435
 0.9997434  0.9997993  0.99981016 0.9998012  0.9998166 ]
[0.98419154 0.99988806 0.99983    0.99983144 0.9998178  0.99981266
 0.9997739  0.99986887 0.9997522  0.9998642  0.99974424]
[0.992312   0.9998733  0.99982184 0.999845   0.9996569  0.9997906
 0.99987864 0.99986243 0.9997255  0.9997354  0.9998369 ]
[0.9563579  0.99992025 0.99987304 0.9998605  0.9998375  0.9998956
 0.9997427  0.99985623 0.999744   0.9998242  0.9998827 ]
[0.93813425 0.9999083  0.99983215 0.9998909  0.9997993  0.9997961
 0.9997938  0.9998286  0.99966073 0.99981636 0.9997919 ]
