Mprobs for dataset sim1_corr (0.7) (IAF layers = 2):

[0.9999043  0.99990225 0.99983394 0.9998005  0.9998903  0.99984217
 0.99984205 0.9997706  0.9998387  0.99985003]
[0.99991524 0.9997874  0.9998447  0.99979    0.99981624 0.9998791
 0.999801   0.9997675  0.99982893 0.9997738 ]
[0.8412896  0.99982387 0.9998264  0.9998474  0.99979275 0.9998865
 0.99987316 0.9997811  0.999658   0.9997279  0.9997999 ]
[0.9999018  0.9998965  0.99982196 0.9998342  0.99983656 0.9998037
 0.99986374 0.999582   0.99977845 0.999841  ]
[0.99990964 0.9998667  0.99988234 0.99979013 0.9997702  0.9998878
 0.9997577  0.9997004  0.9997414  0.999856  ]
[0.9999119  0.9998691  0.99982375 0.999759   0.9998066  0.9998684
 0.9998306  0.99963784 0.99984753 0.999841  ]
[0.99992096 0.99984753 0.9997981  0.99966085 0.99986434 0.9997991
 0.9997347  0.99960345 0.9998683  0.9997757 ]
[0.7236128  0.9998907  0.9997887  0.9999058  0.9997003  0.9997942
 0.99987435 0.999889   0.9996093  0.9998801  0.999828  ]
[0.6878142  0.9998821  0.9998274  0.999819   0.99973685 0.99987936
 0.9998265  0.99984777 0.9996587  0.99982136 0.99981135]
[0.97230005 0.99983704 0.9998373  0.99977976 0.9997962  0.9998636
 0.9997739  0.99976224 0.99959296 0.99985266 0.99986255]
[0.7762257  0.99985623 0.9998524  0.9998934  0.9998672  0.9998229
 0.9998623  0.99984324 0.99972373 0.9998524  0.9997652 ]
[0.87363243 0.999838   0.99980253 0.9997751  0.99977905 0.9998723
 0.99981874 0.99981445 0.99966383 0.99983335 0.999861  ]
[0.37299067 0.9998938  0.99979526 0.99990153 0.99970156 0.99987936
 0.99979013 0.9998599  0.9997148  0.9997508  0.9997528 ]
[0.46427622 0.99985695 0.99987507 0.99978644 0.99963176 0.99983585
 0.99975604 0.99975485 0.9996755  0.9997973  0.99987376]
[0.99990165 0.9998977  0.9998528  0.999741   0.99984455 0.99978584
 0.9997558  0.9997956  0.99981433 0.9998228 ]
[0.99990594 0.99989617 0.9998779  0.99972016 0.9997842  0.9998628
 0.9998361  0.999684   0.999861   0.99987185]
[0.99988663 0.9997955  0.99984777 0.9998529  0.9999006  0.9998493
 0.999749   0.99961424 0.99987555 0.99976283]
[0.9194813  0.99984086 0.9999025  0.99982005 0.9997596  0.999813
 0.99987125 0.9998548  0.99957305 0.99986506 0.99984825]
[0.9998878  0.99982697 0.99984527 0.9997931  0.9998894  0.9998646
 0.9998091  0.9997073  0.9997738  0.9998029 ]
[0.9998932  0.9997812  0.99986386 0.99982375 0.999858   0.9998753
 0.99973494 0.9994666  0.99983096 0.9998841 ]
[0.99991465 0.9997999  0.9998894  0.9996983  0.9998356  0.99977404
 0.99983335 0.9997458  0.9997609  0.99985397]
[0.9998907  0.99988186 0.9998841  0.9997099  0.99984145 0.9998846
 0.99978966 0.9996655  0.9997801  0.9998853 ]
[0.9998857  0.9998425  0.9998472  0.9997193  0.9998727  0.9997905
 0.99986243 0.99951446 0.99976057 0.9998211 ]
[0.7849679  0.9998584  0.9997923  0.9998636  0.9996427  0.99989235
 0.9998708  0.999884   0.99950933 0.9997428  0.9998217 ]
[0.3261794  0.9998869  0.9998393  0.9997836  0.9998191  0.9998864
 0.9997615  0.9998516  0.99974436 0.9998398  0.99979967]
[0.47566926 0.99991655 0.9998056  0.9998578  0.9997626  0.9998754
 0.99987066 0.9997955  0.99956506 0.99979144 0.9997727 ]
[0.9998877  0.9998876  0.99981874 0.99970406 0.99978393 0.99987817
 0.9998437  0.9996915  0.9997874  0.9998228 ]
[0.9427669  0.9998665  0.9999105  0.99985456 0.999782   0.9997789
 0.9997874  0.99981445 0.999747   0.9997781  0.99986553]
[0.99987173 0.9998307  0.9999025  0.9997545  0.999841   0.9997578
 0.9998715  0.9995376  0.9998561  0.99974245]
[0.9998938  0.99981445 0.99989593 0.99981326 0.9998857  0.9998901
 0.99981374 0.9995596  0.99977535 0.99975663]
[0.9998311  0.9997899  0.99987423 0.99978    0.9998056  0.99975044
 0.99964416 0.99979097 0.9996024  0.9998294  0.99976486]
[0.85286075 0.9998423  0.99988234 0.9998361  0.99973196 0.9998381
 0.9998857  0.9998287  0.99967885 0.9997868  0.999759  ]
[0.5206934  0.99992454 0.9998741  0.9998134  0.99968636 0.9998796
 0.99975187 0.9998603  0.99977726 0.9997695  0.99985814]
[0.66872966 0.9999037  0.99988115 0.999889   0.99971086 0.99980694
 0.99978906 0.9997845  0.9998078  0.99980885 0.99983585]
[0.86316085 0.99991786 0.99980193 0.99981934 0.9996948  0.999871
 0.99985206 0.9998055  0.999483   0.9998357  0.99979204]
[0.94744706 0.9998534  0.99982244 0.99982846 0.9997869  0.9998585
 0.99976367 0.9998442  0.99972385 0.9998771  0.99982435]
[0.9999114  0.99985194 0.9998704  0.9997305  0.9998573  0.9998603
 0.9998394  0.9996978  0.9997842  0.9998784 ]
[0.99988484 0.9997807  0.99985385 0.9997819  0.9998753  0.9998745
 0.9998702  0.9996531  0.9998568  0.9998826 ]
[0.9998765  0.9998186  0.99985397 0.99981254 0.99985623 0.99981564
 0.9998493  0.99966526 0.9998447  0.9998423 ]
[0.8720077  0.9998523  0.9998103  0.9998971  0.9997943  0.99985313
 0.9998349  0.99985087 0.9997614  0.99985266 0.99988496]
[0.999908   0.9998956  0.99990094 0.9996575  0.99978524 0.99988186
 0.9998516  0.99973506 0.9998142  0.999783  ]
[0.41609886 0.99991333 0.9998079  0.9997831  0.9996648  0.9998286
 0.99982244 0.99972075 0.99981135 0.99987864 0.9997826 ]
[0.9998492  0.9998266  0.999806   0.9996736  0.9998927  0.9998852
 0.9998023  0.9997987  0.99978346 0.9998307 ]
[0.55613905 0.9998739  0.99984634 0.9998129  0.99972504 0.9998147
 0.9998273  0.99988365 0.99967134 0.9998274  0.9998252 ]
[0.99987984 0.9999013  0.9997886  0.9998055  0.9998777  0.9998234
 0.99986804 0.999613   0.9998267  0.99986506]
[0.8718691  0.9998896  0.99988186 0.9999049  0.9997931  0.99977857
 0.99988246 0.9998621  0.99953794 0.99981385 0.99982786]
[0.5802516  0.999882   0.99988353 0.9997768  0.9997452  0.99978536
 0.9997751  0.9998233  0.9996437  0.99979025 0.9998926 ]
[0.34489745 0.9998933  0.9998018  0.9998485  0.99978596 0.99982786
 0.9997789  0.99983585 0.99972755 0.9998622  0.9997923 ]
[0.65453076 0.9998487  0.9997875  0.9998795  0.99968684 0.99975616
 0.9998754  0.9998703  0.99958223 0.9998287  0.99983776]
[0.33989465 0.9998795  0.9998049  0.999879   0.99969983 0.99981624
 0.99986506 0.99987745 0.99953747 0.9998542  0.99980766]
[0.48890632 0.99990666 0.9998754  0.9998852  0.99984    0.9998596
 0.9998752  0.9998178  0.9994448  0.9997285  0.9997892 ]
[0.510404   0.9998429  0.999876   0.9998103  0.99979836 0.9998697
 0.9998171  0.9998103  0.9996935  0.99987555 0.9998462 ]
[0.9560871  0.99984527 0.99989855 0.9998248  0.9997117  0.99987566
 0.99975425 0.999841   0.99960893 0.9998803  0.9997745 ]
[0.9998882  0.9998481  0.9998796  0.99982893 0.99980766 0.9997631
 0.99985623 0.99964297 0.99985015 0.99977   ]
[0.39994097 0.99986875 0.99990475 0.9999068  0.99974245 0.9998907
 0.9998154  0.9998733  0.99948007 0.9997384  0.9997701 ]
[0.8932059  0.999853   0.99986243 0.9998165  0.9996197  0.9998934
 0.99984694 0.99986696 0.9996271  0.9998733  0.99984276]
[0.9783836  0.99985147 0.99989486 0.9998272  0.9998579  0.99978906
 0.99976546 0.9998884  0.99969494 0.9998596  0.9998908 ]
[0.9999163  0.9998828  0.99980813 0.9997123  0.99985945 0.99983
 0.99986565 0.99959475 0.9998801  0.9998833 ]
[0.99988496 0.9998198  0.9998827  0.99981385 0.9998267  0.9998977
 0.99988556 0.9996251  0.99976784 0.99977773]
[0.82997006 0.9998523  0.9998381  0.9998956  0.99976057 0.999788
 0.99979144 0.99983    0.99971145 0.9997429  0.9998692 ]
[0.999908   0.9998852  0.99990594 0.9997241  0.9998797  0.9998518
 0.9998167  0.99965346 0.9998776  0.9998223 ]
[0.9999113  0.9999014  0.99979633 0.9998041  0.99984    0.9998472
 0.9998286  0.99962234 0.999796   0.9998233 ]
[0.9999144  0.9998228  0.9998901  0.99966955 0.9997838  0.999801
 0.9998498  0.9995079  0.99980825 0.99987066]
[0.4852984  0.9998679  0.99990165 0.9997969  0.999858   0.99989104
 0.9997638  0.99973184 0.99976856 0.99985635 0.99985945]
[0.9999124  0.9998154  0.9998307  0.99979013 0.9998845  0.99979967
 0.99984574 0.9994985  0.99973637 0.99977106]
[0.899438   0.9998596  0.99981135 0.99982136 0.9997713  0.999858
 0.9998965  0.9998085  0.9997353  0.99973434 0.9997849 ]
[0.99990726 0.9998559  0.9998927  0.99986374 0.9998864  0.99984086
 0.9998529  0.9996327  0.9998272  0.9998216 ]
[0.64426774 0.99989045 0.99980396 0.9998834  0.99976116 0.99986136
 0.9998362  0.9998272  0.9996623  0.9998104  0.99975723]
[0.7259766  0.9998679  0.9998105  0.99987996 0.99984074 0.99982953
 0.99985147 0.9997826  0.99959093 0.99987185 0.9998759 ]
[0.97826517 0.9998381  0.9998903  0.9999063  0.9998385  0.99983346
 0.99988234 0.99978846 0.999734   0.99981934 0.99978   ]
[0.9999087  0.99983776 0.99984825 0.9998085  0.99982244 0.9997948
 0.9997526  0.9996505  0.9998734  0.9998098 ]
[0.99992657 0.99986863 0.999908   0.99977595 0.99987626 0.9997664
 0.99987555 0.9995733  0.9998516  0.9997887 ]
[0.33200932 0.9999074  0.999856   0.999828   0.9997805  0.99988794
 0.9998796  0.99984753 0.99979943 0.99985564 0.99983346]
[0.6564043  0.9998492  0.999795   0.9998994  0.99968696 0.99983454
 0.99988306 0.99983764 0.9997023  0.99975246 0.99984634]
[0.47619876 0.9998728  0.9998435  0.999871   0.99975055 0.9998841
 0.99988127 0.9997402  0.9997749  0.99984217 0.9998858 ]
[0.8335576  0.9998541  0.9998227  0.99980444 0.9997917  0.9998338
 0.99984264 0.9998704  0.9996834  0.9998437  0.9998047 ]
[0.9998679  0.9997925  0.9998337  0.99978787 0.9997757  0.99982834
 0.99985826 0.9995865  0.9997714  0.9997694 ]
[0.55016613 0.999897   0.9998739  0.99989295 0.9996892  0.9998348
 0.9998692  0.9998741  0.999574   0.9998448  0.9997764 ]
[0.99992    0.9997967  0.9999056  0.99973506 0.9998907  0.99987495
 0.99985814 0.9996742  0.9997545  0.99985576]
[0.99990666 0.9998004  0.9997906  0.9997408  0.9997665  0.9998754
 0.99980944 0.9996542  0.999806   0.99982363]
[0.8661742  0.99986315 0.99982125 0.9997919  0.9998129  0.9998758
 0.99988663 0.999813   0.9997489  0.9997794  0.99975675]
[0.9999145  0.99980646 0.99990356 0.99976605 0.99981326 0.99981683
 0.99979    0.999653   0.9997347  0.9998105 ]
[0.9998487  0.9998258  0.99988496 0.9997831  0.9998056  0.9998764
 0.9998474  0.999782   0.99986875 0.9998449 ]
[0.6911076  0.9998752  0.99989486 0.9998306  0.99972385 0.99989104
 0.99988437 0.9998784  0.99977845 0.9997645  0.99987066]
[0.999889   0.9998926  0.99982435 0.999752   0.99982506 0.9998387
 0.99983823 0.99963856 0.9997937  0.99983275]
[0.9999068  0.9998883  0.9998888  0.9998     0.99981207 0.99983716
 0.99985945 0.9995529  0.99985754 0.99973994]
[0.66816604 0.9998828  0.9998368  0.9998503  0.9996309  0.99977714
 0.9998697  0.9998666  0.9996289  0.9997688  0.99981827]
[0.7923312  0.99983644 0.9998454  0.9998368  0.99977344 0.9998134
 0.99978846 0.9998043  0.99979955 0.9998135  0.999806  ]
[0.9999107  0.9998436  0.99984026 0.9997936  0.9998925  0.99985385
 0.9998573  0.999668   0.99984527 0.9998667 ]
[0.31536922 0.9999157  0.99980587 0.9998642  0.9998394  0.9998216
 0.99983585 0.9998103  0.9997781  0.9998134  0.99986494]
[0.999876   0.99984694 0.9998543  0.9997359  0.9998462  0.99983084
 0.9997571  0.99975616 0.99981743 0.9998005 ]
[0.9998952  0.99979466 0.99989593 0.9997565  0.99987566 0.9998318
 0.99978703 0.99962986 0.99977905 0.9998753 ]
[0.8448366  0.99983346 0.9998882  0.999877   0.99979144 0.9997613
 0.99985266 0.99980074 0.99946266 0.9997694  0.9997485 ]
[0.9999112  0.9997812  0.99990046 0.9998307  0.99983656 0.99983644
 0.9998086  0.99980754 0.99982125 0.99978095]
[0.41776797 0.9998859  0.9999101  0.9998022  0.99973065 0.9998035
 0.9998776  0.9997862  0.99954164 0.99972826 0.9997898 ]
[0.9672976  0.9998343  0.9998293  0.9998053  0.9997441  0.9998147
 0.99984026 0.9998733  0.9996264  0.99981624 0.99982834]
[0.99989974 0.9998012  0.9998677  0.99973863 0.9998777  0.9998425
 0.99983656 0.9996258  0.999876   0.99986184]
[0.999912   0.999887   0.99984694 0.999821   0.9998129  0.99985087
 0.9998529  0.9996592  0.99986887 0.9998098 ]
[0.93224543 0.99986815 0.9998266  0.9997862  0.9997781  0.9998759
 0.99986947 0.9997608  0.9996258  0.99985766 0.99988353]
[0.33886853 0.9998878  0.9998745  0.99981564 0.99969494 0.9998779
 0.9998248  0.9998572  0.9998011  0.99977165 0.9997638 ]
