Mprobs for dataset sim1_corr (0.3) (IAF layers = 2):

[0.99988425 0.9998884  0.99985874 0.9998356  0.9998963  0.9997938
 0.99986327 0.9996333  0.9997317  0.9997459 ]
[0.9998882  0.99984145 0.9998896  0.9997745  0.9997931  0.99986446
 0.9998609  0.99968076 0.9998267  0.99980587]
[0.9998023  0.99989295 0.9998229  0.9996507  0.999874   0.99984753
 0.9997851  0.9995276  0.9998785  0.99978334]
[0.9998673  0.9998883  0.9998741  0.9998011  0.9998479  0.99983966
 0.9998292  0.9997985  0.99979585 0.9998803 ]
[0.9998909  0.9998098  0.99990726 0.9997943  0.9998066  0.99987936
 0.9997336  0.99974066 0.9998764  0.9998758 ]
[0.9999131  0.99986565 0.99987495 0.99977916 0.99988556 0.99982846
 0.9997987  0.9996985  0.9997292  0.9998282 ]
[0.9998859  0.99990964 0.9998124  0.99978703 0.9998122  0.99988246
 0.9998654  0.99960953 0.99980396 0.9998172 ]
[0.9998254  0.9999076  0.99987006 0.9996216  0.99978095 0.9998821
 0.99984    0.9997428  0.9998828  0.9998715 ]
[0.99986076 0.9998294  0.99989045 0.999778   0.99983525 0.9998155
 0.9997814  0.99962044 0.9998753  0.99988985]
[0.99989283 0.99980015 0.99990153 0.9997124  0.999813   0.99987125
 0.99987006 0.99978346 0.99979347 0.99984336]
[0.99977916 0.99981636 0.99984396 0.9997148  0.99987006 0.99987614
 0.9998186  0.9996191  0.99986136 0.99979514]
[0.9999105  0.9998834  0.9997985  0.9996557  0.99984515 0.999843
 0.99988353 0.99977916 0.9998497  0.9998572 ]
[0.99986684 0.99988747 0.9998634  0.99980265 0.9998086  0.99976784
 0.99984205 0.9997869  0.99979824 0.9998042 ]
[0.9998977  0.99988616 0.99985075 0.99975425 0.9998087  0.99985147
 0.99977297 0.9996039  0.9997588  0.99981695]
[0.9999101  0.99983585 0.99988246 0.99975365 0.99988496 0.9998178
 0.9998573  0.9996358  0.9998253  0.99982446]
[0.9997999  0.9998766  0.99979705 0.99985194 0.99984336 0.9998431
 0.9997861  0.99978346 0.9998692  0.9998053 ]
[0.99990165 0.99986756 0.9998467  0.9997719  0.9998272  0.9998217
 0.9997292  0.9996983  0.99981314 0.9998385 ]
[0.9997938  0.9997944  0.9997923  0.99970204 0.9998939  0.99982315
 0.9997669  0.99972004 0.9998418  0.9998869 ]
[0.9998361  0.9998153  0.99984574 0.99971336 0.9998288  0.9998523
 0.99983025 0.9995802  0.9997116  0.99977523]
[0.99988055 0.9998956  0.9998424  0.99976844 0.999889   0.9998641
 0.9998653  0.9997019  0.99980456 0.9998338 ]
[0.9998654  0.999788   0.99990475 0.9997352  0.99989665 0.9997718
 0.999833   0.99969816 0.99975663 0.99986804]
[0.99987626 0.99979526 0.99980515 0.99985945 0.999887   0.9998443
 0.9998692  0.9997451  0.9997676  0.9997627 ]
[0.99987566 0.99987984 0.99982566 0.99976104 0.99986947 0.99977833
 0.99976796 0.99979883 0.9997603  0.9998216 ]
[0.9998994  0.99983823 0.9998958  0.9998467  0.99983656 0.9997775
 0.99987185 0.9996295  0.99984455 0.9998715 ]
[0.99981993 0.99980205 0.9998221  0.9998523  0.99984324 0.99979955
 0.99987066 0.999622   0.99979    0.9997936 ]
[0.99984765 0.99986327 0.9998777  0.9998016  0.9998184  0.99983704
 0.999816   0.99973863 0.99987316 0.9998079 ]
[0.9998958  0.9997887  0.9999031  0.9997348  0.99983823 0.9998505
 0.9998847  0.99959594 0.99975115 0.9998234 ]
[0.99987113 0.99982846 0.99986005 0.9996891  0.9997583  0.9998078
 0.9998765  0.9996426  0.99984455 0.9998585 ]
[0.99986887 0.99979204 0.99987245 0.9997836  0.9998431  0.9998938
 0.9998729  0.9996474  0.9997812  0.9998903 ]
[0.9998568  0.99990153 0.99987876 0.9997496  0.99983215 0.9998611
 0.9998518  0.9996099  0.9998348  0.9998561 ]
[0.999785   0.9998579  0.99989426 0.99966013 0.99979085 0.9998771
 0.9998871  0.9994593  0.99981517 0.9998073 ]
[0.99980205 0.9999049  0.9998698  0.9996766  0.99983335 0.99979
 0.99985397 0.9996363  0.99987936 0.99979335]
[0.9997874  0.9998745  0.99984634 0.9998179  0.99980134 0.9998516
 0.99972266 0.9998274  0.9998499  0.9997614 ]
[0.9998431  0.99985874 0.99988246 0.9998276  0.999806   0.9998275
 0.99987245 0.99976116 0.99978644 0.9998029 ]
[0.9998492  0.9998913  0.999908   0.9998344  0.99977237 0.99975866
 0.9998847  0.9995245  0.9998368  0.99981946]
[0.99978477 0.99985456 0.9998215  0.99979764 0.999876   0.9998404
 0.99984825 0.99966526 0.99973315 0.9997708 ]
[0.99985754 0.9998454  0.99983835 0.99981135 0.99989796 0.99989855
 0.99983287 0.9996848  0.99970204 0.9997918 ]
[0.9998574  0.99986136 0.99984896 0.99979764 0.9998381  0.99982953
 0.99981576 0.99957186 0.99979824 0.9997677 ]
[0.9999083  0.99988925 0.9997844  0.99974364 0.99985635 0.99986935
 0.99988806 0.999488   0.9997472  0.99983644]
[0.9998241  0.99990153 0.9998585  0.99976856 0.9998609  0.9998023
 0.99986637 0.9996542  0.9997241  0.9997913 ]
[0.99981064 0.9998012  0.99987185 0.99969506 0.99989915 0.99983716
 0.9997595  0.9996289  0.9998198  0.9998826 ]
[0.9998448  0.9998907  0.999874   0.9997565  0.9998031  0.9997557
 0.99989367 0.9995078  0.9997656  0.99986064]
[0.99980825 0.99989593 0.99989116 0.99981934 0.9998914  0.99986327
 0.9998759  0.9997696  0.9997725  0.99987185]
[0.99980277 0.99986494 0.9998549  0.9997067  0.9998902  0.9997781
 0.99979776 0.99971896 0.99977237 0.9998536 ]
[0.99980587 0.9998523  0.9998355  0.99976844 0.9998343  0.9998203
 0.9998561  0.9997217  0.9998165  0.99985135]
[0.9998888  0.9998865  0.99981433 0.99980515 0.99988437 0.9998822
 0.9997539  0.99961483 0.99978715 0.9997856 ]
[0.9998715  0.9998388  0.9998574  0.99974674 0.9997844  0.9998903
 0.99974984 0.99978465 0.99986696 0.999775  ]
[0.99982846 0.99980646 0.9998752  0.99967456 0.99987614 0.99980634
 0.99986017 0.99958736 0.99972874 0.99974185]
[0.9998167  0.9997936  0.9998975  0.99973804 0.9997774  0.9998424
 0.9997974  0.99977905 0.99974424 0.9997862 ]
[0.9998399  0.9998011  0.99988914 0.99979705 0.9998361  0.9998305
 0.9997799  0.99966323 0.99975747 0.99985015]
[0.9997981  0.99983096 0.99981815 0.99977225 0.9998622  0.99984586
 0.9998148  0.9997409  0.9997693  0.99980134]
[0.9998116  0.99984026 0.99978274 0.9996792  0.99987817 0.99986243
 0.99985516 0.99966395 0.99978644 0.99987113]
[0.9998584  0.9998604  0.9998006  0.9996618  0.9997974  0.999861
 0.99973077 0.9997638  0.9997832  0.9998406 ]
[0.99987686 0.9999008  0.9998363  0.9997669  0.9999008  0.99981266
 0.99974626 0.99955136 0.99988246 0.9998061 ]
[0.9998642  0.999856   0.9998598  0.9998418  0.9998528  0.99981743
 0.9998479  0.99979824 0.9998006  0.9998859 ]
[0.99978715 0.99982697 0.99980956 0.9997969  0.9998441  0.999869
 0.9998178  0.9995191  0.99988043 0.99982363]
[0.99979717 0.99979824 0.99980193 0.9997553  0.99982053 0.9998355
 0.99987745 0.9997342  0.9998636  0.9998863 ]
[0.999813   0.9999095  0.9998542  0.99976724 0.99976224 0.9998896
 0.9997956  0.9996468  0.9998497  0.9997445 ]
[0.99985564 0.99985385 0.99990904 0.9997162  0.9998826  0.99986887
 0.9998317  0.99949265 0.9997719  0.9997907 ]
[0.9999002  0.9998927  0.99983084 0.99976546 0.99988484 0.9998344
 0.99984026 0.99964833 0.9998117  0.99987864]
[0.9998772  0.999806   0.99986684 0.99981016 0.9997882  0.9998111
 0.9997943  0.9995907  0.9998404  0.9998516 ]
[0.9998801  0.9998154  0.99986017 0.9998307  0.9998933  0.99985075
 0.99982005 0.999668   0.99983776 0.9997496 ]
[0.99985063 0.9998795  0.999795   0.9996983  0.9998541  0.99977285
 0.999882   0.99975985 0.99982125 0.99987864]
[0.9998815  0.9997898  0.999783   0.9997279  0.9998584  0.999863
 0.9997811  0.99966884 0.9997187  0.9998379 ]
[0.99981445 0.9998809  0.9998932  0.99970657 0.9998467  0.9998136
 0.9998068  0.9996075  0.9997955  0.99982077]
[0.99987495 0.9998499  0.99978644 0.999696   0.9998983  0.99983513
 0.9998275  0.99956495 0.9998056  0.99983704]
[0.999811   0.99987113 0.99979204 0.9996506  0.9997675  0.99988306
 0.9998609  0.9996879  0.9997563  0.99984884]
[0.9998679  0.9998971  0.99979943 0.99983287 0.99988246 0.9998549
 0.99983764 0.9996543  0.99977297 0.99984443]
[0.99981207 0.99989533 0.9998709  0.9998167  0.99977726 0.99981755
 0.99982977 0.9996847  0.9998667  0.9998907 ]
[0.9998098  0.9998388  0.9999018  0.99982077 0.9997793  0.9998803
 0.99981016 0.9997811  0.999881   0.99988675]
[0.99983585 0.9998963  0.99987555 0.9998548  0.9997925  0.9998332
 0.9997718  0.99960965 0.99981207 0.9997782 ]
[0.9998068  0.9998528  0.9998276  0.99969244 0.99979514 0.99986744
 0.9997774  0.99957925 0.9998217  0.9998292 ]
[0.9998541  0.99984026 0.9998772  0.99981254 0.99989355 0.9997708
 0.9998418  0.9996948  0.9997657  0.99983084]
[0.999783   0.9998635  0.99989986 0.9997646  0.99989736 0.99982685
 0.9997657  0.99967253 0.99984956 0.9998641 ]
[0.99987054 0.9998468  0.9998066  0.9997987  0.9998859  0.99976677
 0.9997633  0.999419   0.9997464  0.99987066]
[0.99987423 0.9998857  0.99987257 0.99964213 0.99975973 0.999754
 0.99984777 0.99960536 0.9998474  0.99985516]
[0.9998454  0.9998242  0.99987173 0.9998128  0.9998909  0.9998141
 0.9998846  0.9995308  0.9997924  0.99983215]
[0.99990773 0.9998591  0.999869   0.9997495  0.9998393  0.99987817
 0.9997532  0.99964285 0.9998523  0.9998355 ]
[0.99989986 0.9998522  0.99983335 0.9998331  0.9998305  0.9998833
 0.9997955  0.99962413 0.9998149  0.99988854]
[0.9999052  0.99991095 0.99989617 0.9997863  0.99987984 0.9998498
 0.9998202  0.9995301  0.99985397 0.9998621 ]
[0.9998011  0.999905   0.9998956  0.99967813 0.99987423 0.9998629
 0.9998404  0.99975234 0.9998247  0.9997882 ]
[0.9998932  0.9999019  0.99984145 0.9998209  0.99980026 0.99978215
 0.99983203 0.99966955 0.9997465  0.9998472 ]
[0.99983263 0.9998419  0.9998485  0.99970514 0.99981683 0.99987805
 0.99987173 0.99964094 0.99983394 0.99978596]
[0.99982005 0.9998246  0.99985504 0.99975353 0.99989176 0.9998989
 0.99983084 0.99969506 0.9998054  0.9998826 ]
[0.99990714 0.99987996 0.99990785 0.9997497  0.99986947 0.9998776
 0.99976045 0.9997514  0.9997607  0.9998858 ]
[0.9998338  0.9998765  0.9998542  0.9998412  0.999795   0.99988127
 0.99980813 0.9996995  0.9998609  0.9998518 ]
[0.9998696  0.9997869  0.9998375  0.9997689  0.9998485  0.99988186
 0.9998017  0.99965453 0.99981016 0.9998647 ]
[0.9998822  0.9997807  0.9998573  0.9998155  0.9997714  0.9998387
 0.9998313  0.9996923  0.99975353 0.9998591 ]
[0.9998578  0.99987316 0.99981314 0.99982685 0.99983025 0.99986005
 0.999876   0.99969184 0.99986994 0.9998522 ]
[0.99989605 0.9998599  0.99989617 0.9998324  0.99989986 0.99984
 0.9998888  0.9995932  0.9997439  0.9997937 ]
[0.9998029  0.999841   0.9998388  0.99981123 0.99985874 0.9998838
 0.9998066  0.99973005 0.9998018  0.9998223 ]
[0.99990237 0.999824   0.99990857 0.9998456  0.9998031  0.99988914
 0.99980396 0.9996779  0.9998524  0.99985075]
[0.99990785 0.99986184 0.9998198  0.9997651  0.99977607 0.99979883
 0.9997756  0.99971384 0.99983704 0.99987006]
[0.9998338  0.99985373 0.9997981  0.99984145 0.9997663  0.9998331
 0.99987686 0.99966776 0.9998634  0.99979347]
[0.9998417  0.99982303 0.99985826 0.9998171  0.99983287 0.99977416
 0.9997992  0.99967206 0.9998424  0.9998036 ]
[0.999887   0.99979335 0.9998387  0.9998542  0.9997676  0.9997522
 0.99974734 0.99967206 0.99979967 0.9997898 ]
[0.99987805 0.99985325 0.9998785  0.9998223  0.99986935 0.99981004
 0.99981123 0.9995321  0.99976164 0.9998068 ]
[0.9998667  0.9998042  0.9999038  0.9997222  0.99985003 0.9998919
 0.9998091  0.9996197  0.9998344  0.99987423]
[0.99989474 0.9997851  0.99985254 0.9996973  0.99988425 0.9998777
 0.9997893  0.99963665 0.9997819  0.9998827 ]
[0.9997987  0.999811   0.99986744 0.9996886  0.99985373 0.99976534
 0.99986696 0.99980766 0.9997559  0.9997515 ]
