Mprobs for dataset sim1_corr (0.5) (IAF layers = 5):

[0.99983096 0.9998822  0.99988365 0.999718   0.99989164 0.99983
 0.9998393  0.9996965  0.9997906  0.99982303]
[0.999851   0.99982303 0.9998629  0.99967825 0.9998636  0.99976486
 0.9998784  0.9996828  0.9997974  0.999808  ]
[0.9998944  0.99984574 0.999871   0.99978906 0.9997944  0.999777
 0.9998093  0.99973804 0.9998325  0.9998895 ]
[0.9998883  0.9998721  0.9999033  0.999724   0.99982905 0.99987376
 0.9997894  0.9997981  0.99970394 0.9998841 ]
[0.9998424  0.99980897 0.9998418  0.9996909  0.9998858  0.9998634
 0.9998068  0.9997936  0.9997844  0.99981374]
[0.9998565  0.9998     0.99985564 0.9997645  0.99986863 0.99989855
 0.9998665  0.9997465  0.99978346 0.9998468 ]
[0.8352381  0.99973804 0.99950516 0.99974257 0.9997708  0.9996829
 0.9997588  0.9997203  0.9997056  0.99949086 0.999658  ]
[0.999835   0.9998678  0.9997919  0.9996081  0.9998412  0.9998573
 0.99976295 0.9995976  0.9998635  0.99988246]
[0.99988115 0.99987817 0.9998896  0.9996475  0.9998642  0.9998772
 0.99976224 0.9997209  0.9997727  0.999754  ]
[0.9999007  0.99981624 0.9998673  0.999696   0.99975234 0.99978024
 0.9998116  0.999716   0.99977785 0.9998473 ]
[0.9998068  0.9997867  0.99979144 0.99965596 0.9998216  0.9998826
 0.9997925  0.99970967 0.9998217  0.99977046]
[0.9998838  0.99979895 0.9998759  0.99979776 0.9998708  0.99984896
 0.999728   0.99964297 0.99986684 0.9998658 ]
[0.9998723  0.9998572  0.9998344  0.99980587 0.9998863  0.9998105
 0.9997379  0.9997602  0.99978477 0.9997482 ]
[0.99984765 0.999826   0.9998118  0.9996737  0.99983096 0.9998518
 0.99985206 0.99945134 0.99981505 0.9997702 ]
[0.99987316 0.9998233  0.99988294 0.99984324 0.9998516  0.9997969
 0.9997515  0.99966717 0.9997987  0.99981016]
[0.9998474  0.9998584  0.99981064 0.99980515 0.9998306  0.999874
 0.9998381  0.9996927  0.9998512  0.9998789 ]
[0.9999037 0.999851  0.9998479 0.9998109 0.9997694 0.9998934 0.9997619
 0.9996939 0.9998723 0.9998617]
[0.9998282  0.99983835 0.9998609  0.9998159  0.9998275  0.99978906
 0.99988306 0.999767   0.99980015 0.9998553 ]
[0.9998926  0.9997842  0.9998518  0.99967206 0.9998011  0.999783
 0.9998522  0.9997775  0.99984    0.9997944 ]
[0.9999242  0.9998772  0.9998264  0.9997731  0.9998049  0.9997812
 0.99985504 0.99961674 0.9998448  0.9998254 ]
[0.9998791  0.9998215  0.9999081  0.99980086 0.999861   0.9997713
 0.99985147 0.99966717 0.9997408  0.9997675 ]
[0.9998373  0.99988496 0.99986005 0.99981016 0.99981946 0.9998653
 0.9997762  0.9997856  0.99980575 0.99985766]
[0.9998822  0.9998549  0.9997855  0.99974495 0.9998839  0.9998274
 0.99983835 0.99975234 0.9997211  0.99988616]
[0.9998927  0.9998129  0.9998754  0.999729   0.9998653  0.99988854
 0.99988306 0.9996569  0.9997422  0.9998435 ]
[0.9999081  0.9998332  0.9998209  0.99979776 0.99984765 0.9998605
 0.9997751  0.9996649  0.99986064 0.999881  ]
[0.9998796  0.9998785  0.999838   0.9997148  0.99975926 0.9998565
 0.99983895 0.99952304 0.9998487  0.999775  ]
[0.99980396 0.9998739  0.9998198  0.9998197  0.9998888  0.9998878
 0.99974495 0.99976474 0.999783   0.99988186]
[0.99981993 0.9999038  0.99986386 0.99985003 0.99977535 0.9998609
 0.9997453  0.99970144 0.9997125  0.99979335]
[0.9999107  0.9999037  0.99989474 0.99970275 0.9998472  0.9998392
 0.9997249  0.9996691  0.9997714  0.9998902 ]
[0.99989486 0.9998933  0.999894   0.9998     0.99984324 0.999838
 0.9998406  0.9995647  0.9998734  0.99989045]
[0.9998679  0.99986243 0.99989176 0.999642   0.9998729  0.99987006
 0.99981457 0.99968016 0.99985087 0.9998179 ]
[0.99987364 0.999846   0.99986815 0.9997862  0.99981385 0.9998616
 0.9997688  0.9996631  0.99976486 0.99975294]
[0.9998952  0.9997962  0.9998859  0.9998307  0.999828   0.9998104
 0.9998404  0.99966776 0.9998271  0.9998209 ]
[0.9998617  0.999841   0.9998934  0.9997775  0.99979085 0.9998116
 0.999764   0.999652   0.99983597 0.9997917 ]
[0.9999087  0.9998103  0.99982893 0.9998184  0.9998317  0.99976903
 0.9997944  0.99981576 0.99972266 0.99981326]
[0.99986386 0.99979514 0.99987125 0.9998628  0.99985933 0.9998305
 0.999877   0.99960726 0.9998498  0.99980813]
[0.99989784 0.9998324  0.99981755 0.9997801  0.9997894  0.9998386
 0.9997639  0.9997427  0.99980897 0.9997931 ]
[0.9999144  0.9998802  0.9998839  0.99982315 0.999803   0.99978226
 0.9998599  0.99955493 0.9997694  0.9998265 ]
[0.99988556 0.99983716 0.9998853  0.99983    0.9998042  0.9998217
 0.9998443  0.99964    0.999783   0.99986434]
[0.9998474  0.9999039  0.9997993  0.99967766 0.99978024 0.9998287
 0.9997677  0.99974936 0.9997657  0.99979514]
[0.9998134  0.9998204  0.9998417  0.99979144 0.9998864  0.9998845
 0.9998814  0.9993837  0.99981457 0.99976546]
[0.9998783  0.9998659  0.99985623 0.9998079  0.99977666 0.99985194
 0.9998648  0.9996686  0.9998605  0.9997681 ]
[0.99988794 0.99987984 0.9997975  0.99972814 0.9997608  0.99976975
 0.9997564  0.99978787 0.9997675  0.99978346]
[0.9998223  0.99986184 0.999813   0.999775   0.99983144 0.99982303
 0.99985456 0.99964356 0.99979764 0.9998927 ]
[0.9999062  0.9998573  0.9999033  0.9997179  0.9997749  0.99984896
 0.9998491  0.9996729  0.99986017 0.999762  ]
[0.9999126  0.9998067  0.999882   0.99976486 0.99981934 0.9998056
 0.99984074 0.9995813  0.999803   0.9998056 ]
[0.9998355  0.99980897 0.9997851  0.9996983  0.99979657 0.99982363
 0.99973446 0.99979657 0.9997321  0.9998586 ]
[0.99989426 0.9999069  0.9998522  0.9997693  0.9998797  0.9997857
 0.9998783  0.9997893  0.9998118  0.9998654 ]
[0.9998753  0.99988246 0.9998777  0.99965835 0.99986506 0.9998266
 0.999759   0.9996854  0.9998186  0.9998468 ]
[0.99985445 0.99981123 0.99989533 0.9997944  0.9998627  0.9998543
 0.9997485  0.9997621  0.99976534 0.99983025]
[0.99983454 0.999887   0.9998456  0.99982697 0.99988997 0.9998872
 0.99977356 0.99979407 0.99987984 0.9998758 ]
[0.99985516 0.9998734  0.99984145 0.9998267  0.99979764 0.99978644
 0.9997942  0.9996358  0.9998093  0.99977595]
[0.9998412  0.9998441  0.99983025 0.9997936  0.99975663 0.99985754
 0.9997584  0.99972993 0.99973637 0.999821  ]
[0.9998141  0.9998047  0.9998778  0.99984586 0.99984646 0.9998814
 0.9998024  0.9996468  0.9998229  0.99982506]
[0.9998584  0.99983835 0.99986506 0.9997881  0.9998166  0.9998604
 0.9998529  0.9997255  0.9998338  0.9998462 ]
[0.99986374 0.9998976  0.99987924 0.9997701  0.99985886 0.99986386
 0.9997696  0.9997677  0.999828   0.99977463]
[0.9998604  0.9998995  0.9998078  0.99982953 0.99981815 0.99978036
 0.9998665  0.9998072  0.9997999  0.99980885]
[0.9999105  0.99986815 0.99990606 0.99980325 0.99977976 0.99978966
 0.9997687  0.9998264  0.9997242  0.99988425]
[0.9998754  0.9998098  0.99989843 0.999814   0.99988747 0.9997577
 0.99981457 0.9995672  0.99969125 0.99974257]
[0.9998368  0.9999032  0.9998869  0.99985814 0.9998568  0.9997646
 0.9997454  0.9995813  0.9997198  0.9997898 ]
[0.999899   0.999866   0.99989116 0.99977714 0.99985075 0.9998153
 0.99983084 0.99956745 0.999767   0.99978596]
[0.9998367  0.9998047  0.99989057 0.99969006 0.99982303 0.9997701
 0.99980766 0.9995745  0.99970645 0.99980515]
[0.9998216  0.9997849  0.9998105  0.9998271  0.9998266  0.9998776
 0.99982834 0.99975795 0.9997321  0.9997551 ]
[0.9998498  0.99986196 0.9998957  0.99981767 0.99981457 0.9998785
 0.9998447  0.9995266  0.9998468  0.99986804]
[0.99983025 0.9998048  0.9998412  0.99976546 0.9998951  0.9998472
 0.9997652  0.9997168  0.99973696 0.9997452 ]
[0.99988294 0.99989545 0.9998412  0.9997285  0.999843   0.99986184
 0.9998667  0.99959666 0.9997774  0.99979085]
[0.9998964  0.9998288  0.99988914 0.9998043  0.99984264 0.9998671
 0.9998171  0.99968946 0.9998487  0.9998739 ]
[0.9998746  0.9998311  0.9998011  0.9998221  0.9998882  0.9998097
 0.9997664  0.99975795 0.99978584 0.9998826 ]
[0.9998994  0.9997919  0.999806   0.99966884 0.99977475 0.9997918
 0.99981886 0.99965215 0.99986565 0.99974984]
[0.99983275 0.99985504 0.99989355 0.99985814 0.9997706  0.9998896
 0.99979645 0.9996062  0.9997445  0.99982786]
[0.99984145 0.99980265 0.9998933  0.99977475 0.99983716 0.9997887
 0.999846   0.99962723 0.9997631  0.99988997]
[0.99985015 0.9998566  0.99989915 0.9998062  0.99988425 0.99986374
 0.99974626 0.9997261  0.99973947 0.99980646]
[0.9998747  0.9998381  0.999795   0.99977595 0.9998977  0.99986744
 0.999818   0.99973315 0.99974316 0.9997899 ]
[0.9998275  0.9998797  0.9998242  0.9996722  0.9997991  0.9998884
 0.99975497 0.9997385  0.99986005 0.99983287]
[0.9999114  0.9998659  0.9999014  0.99982446 0.9998142  0.9998024
 0.9998621  0.9997446  0.99978834 0.99988055]
[0.99988925 0.99982077 0.99981695 0.9998456  0.9998592  0.9998523
 0.9998264  0.9996952  0.99985933 0.9998683 ]
[0.99991655 0.99988854 0.9998449  0.9998392  0.99976295 0.99984324
 0.9997956  0.9998222  0.99980885 0.9998864 ]
[0.99991214 0.99989295 0.9998362  0.9998215  0.9998419  0.9998629
 0.9998522  0.99953294 0.9997694  0.9997515 ]
[0.9998617  0.99983287 0.99990904 0.99979514 0.99981314 0.9998091
 0.9998387  0.9997002  0.9998161  0.99978715]
[0.9999021  0.99984944 0.99982685 0.9997017  0.99979264 0.99982846
 0.999813   0.9997032  0.99977726 0.9997774 ]
[0.9998766  0.999856   0.99988186 0.99962497 0.9998097  0.9998852
 0.9998079  0.9997124  0.9997861  0.99987674]
[0.99990153 0.9998161  0.9998727  0.99971384 0.99984765 0.99984014
 0.9998259  0.99972683 0.9997756  0.9998764 ]
[0.9998599  0.9998659  0.99984944 0.9996797  0.9997737  0.9998473
 0.9998443  0.99969196 0.9997631  0.9997993 ]
[0.9998976  0.9998797  0.9998067  0.99967396 0.9998877  0.99976975
 0.99987185 0.99977475 0.9998616  0.9998617 ]
[0.9998271  0.9998809  0.99984705 0.9998073  0.99984074 0.9998946
 0.9998264  0.999648   0.99977046 0.9997849 ]
[0.99980694 0.9999039  0.99981576 0.9998362  0.9998914  0.99975115
 0.99984515 0.9997763  0.9997168  0.9998822 ]
[0.9998348  0.9998147  0.9998919  0.9998031  0.99981934 0.99985075
 0.999845   0.9996723  0.999876   0.99988973]
[0.9998641  0.9998727  0.9998907  0.9997546  0.9998503  0.9998448
 0.999889   0.99977857 0.9998067  0.9997992 ]
[0.9998406  0.99989164 0.99978346 0.9998085  0.9998534  0.99978155
 0.99974734 0.9996592  0.999729   0.99985445]
[0.9999062  0.99983096 0.9998982  0.99981445 0.99977714 0.9998797
 0.9998771  0.9997086  0.99976784 0.99983835]
[0.99983263 0.9998728  0.9998342  0.9997818  0.9998511  0.99989474
 0.9998617  0.9997979  0.9997589  0.999863  ]
[0.99982315 0.9998653  0.99978334 0.99978894 0.9998273  0.99987435
 0.9998622  0.99966276 0.9997758  0.9998728 ]
[0.9998659  0.99981433 0.99980396 0.9997522  0.9998153  0.9998323
 0.9998292  0.9996977  0.9998785  0.9998228 ]
[0.99990916 0.9998417  0.99986327 0.9996258  0.9998777  0.99979573
 0.9997782  0.9996195  0.9998036  0.99987876]
[0.99984884 0.99979967 0.99987733 0.99977905 0.9998103  0.99977
 0.999853   0.99974185 0.9997749  0.9998411 ]
[0.99990106 0.999889   0.9997826  0.99974614 0.99983954 0.9997683
 0.9997385  0.9995654  0.9998055  0.9998448 ]
[0.9998584  0.9998442  0.9997949  0.9997893  0.9997919  0.9998511
 0.9998684  0.9996877  0.99972576 0.99980086]
[0.99991596 0.9998373  0.9998858  0.9997768  0.9998983  0.99988997
 0.9997564  0.99962866 0.9998442  0.999813  ]
[0.99981433 0.9998659  0.99980193 0.99979097 0.99986494 0.99986875
 0.99974555 0.999708   0.9997713  0.9997739 ]
[0.9998287  0.99991095 0.9998356  0.9998455  0.9997887  0.999767
 0.99979776 0.99966586 0.9997806  0.9998344 ]
