Mprobs for dataset sim1_corr (0.5) (IAF layers = 2):

[0.9998486  0.9999056  0.9998579  0.9997906  0.9998493  0.99978715
 0.99985516 0.9996959  0.9997805  0.9997713 ]
[0.99986076 0.99986124 0.99980694 0.9998074  0.99986196 0.9997925
 0.9997632  0.99973816 0.99987674 0.9997687 ]
[0.9998066  0.99981624 0.9998504  0.9998185  0.9998691  0.999814
 0.99986184 0.999566   0.999785   0.99977034]
[0.99987507 0.999793   0.99987626 0.999833   0.9998305  0.99985266
 0.9997569  0.9997962  0.9997676  0.9997869 ]
[0.99990606 0.9998419  0.9998474  0.99971586 0.99985754 0.99982554
 0.9998878  0.9996911  0.99978846 0.99987924]
[0.9998167  0.9998271  0.99990904 0.9997819  0.99982136 0.9998692
 0.9998153  0.9996544  0.99975973 0.999853  ]
[0.99986136 0.9998235  0.99981385 0.99966335 0.9998628  0.9998124
 0.9997862  0.9994949  0.9998659  0.99979526]
[0.9999188  0.9998173  0.99986327 0.9998074  0.99980634 0.9998186
 0.9997775  0.99960345 0.99976236 0.999814  ]
[0.9999194  0.9998048  0.99981266 0.9997341  0.99981064 0.99983525
 0.9998534  0.99967444 0.99984515 0.9997726 ]
[0.9999087  0.9998258  0.99978894 0.9996954  0.99984634 0.99988115
 0.99988496 0.99950516 0.99987006 0.99981743]
[0.9998716  0.9999106  0.9998872  0.9997662  0.9998216  0.9998056
 0.9998865  0.99961084 0.9998104  0.9998542 ]
[0.99983644 0.999793   0.9998367  0.9998567  0.9998903  0.99976784
 0.999838   0.99961203 0.9997726  0.9998185 ]
[0.999858   0.99979395 0.9998517  0.9998541  0.99987495 0.99979097
 0.9997373  0.9997565  0.99985254 0.9997743 ]
[0.99986684 0.9997993  0.99988794 0.99968207 0.9997614  0.99984944
 0.99987245 0.99954057 0.99984705 0.99987054]
[0.9998398  0.99984396 0.9998543  0.99981576 0.999879   0.9998759
 0.99980456 0.9997147  0.9997472  0.999816  ]
[0.99981314 0.9998035  0.99980944 0.99975616 0.999841   0.9998536
 0.99981374 0.9995086  0.99979264 0.99984396]
[0.99984753 0.99990976 0.99985206 0.99982363 0.99989283 0.99987483
 0.9997521  0.99971205 0.9998337  0.9998367 ]
[0.9998307  0.99981564 0.99984777 0.99980754 0.9998698  0.99980074
 0.99982953 0.99955815 0.99976736 0.99978834]
[0.99987805 0.9999107  0.99982184 0.9997203  0.999813   0.9997811
 0.9998716  0.9997009  0.9998159  0.99984837]
[0.9998815  0.99985564 0.99988973 0.99984264 0.99986553 0.99979943
 0.9997913  0.99977726 0.99980587 0.99976724]
[0.99982786 0.9998877  0.9998605  0.9996971  0.9998449  0.99985397
 0.9998072  0.9996563  0.99978477 0.99976987]
[0.99983346 0.9998385  0.99987125 0.9997086  0.9998599  0.9998683
 0.9998305  0.9996226  0.99986935 0.99981576]
[0.9998512  0.99983597 0.9998753  0.9996867  0.99982697 0.9998834
 0.99983203 0.9997663  0.99974436 0.99982077]
[0.99987936 0.9998344  0.99987185 0.9996927  0.9997987  0.99976605
 0.99984086 0.9995752  0.99979025 0.9998567 ]
[0.99988854 0.999859   0.9998634  0.9998486  0.9998554  0.9998504
 0.99987674 0.9997086  0.99982625 0.9998147 ]
[0.99988425 0.9998822  0.9998454  0.9998018  0.9998154  0.9998264
 0.9998826  0.99975747 0.99986136 0.9997904 ]
[0.99981993 0.9998697  0.9998771  0.99983656 0.99981767 0.9998072
 0.9998179  0.99959177 0.999739   0.9997913 ]
[0.9998957  0.9998858  0.9998349  0.9996786  0.99988115 0.99979204
 0.9998795  0.9998055  0.99982566 0.99976915]
[0.9998679  0.99986076 0.9998729  0.9998149  0.9998221  0.99984694
 0.9997304  0.9997888  0.9998172  0.9998685 ]
[0.9998653  0.99989104 0.9998529  0.9998586  0.999835   0.99976677
 0.99976236 0.999668   0.9997732  0.9998586 ]
[0.99983394 0.9998579  0.99981385 0.99967504 0.99986005 0.9998491
 0.99977857 0.99974126 0.9998343  0.9997527 ]
[0.9998784  0.99981624 0.9999069  0.99980074 0.99980456 0.99987996
 0.99983203 0.9997342  0.999853   0.9997987 ]
[0.99984944 0.99989176 0.999887   0.99981886 0.9998441  0.9998191
 0.9998406  0.99973685 0.999764   0.99985695]
[0.9999144  0.9998951  0.99988246 0.9998472  0.9998739  0.99980706
 0.99974924 0.9997385  0.99976736 0.99975234]
[0.9998355  0.9998467  0.9998466  0.9998301  0.99986815 0.9998834
 0.99979836 0.99960333 0.99986255 0.99987304]
[0.99989104 0.99986947 0.9997987  0.9998248  0.999798   0.99981207
 0.9997483  0.9997093  0.99984455 0.9997886 ]
[0.9999037  0.99987805 0.9999     0.99980193 0.9997683  0.9998178
 0.9997887  0.99974185 0.9997924  0.9997836 ]
[0.9999012  0.9998765  0.99986565 0.99972373 0.99981195 0.9998491
 0.9998553  0.99969816 0.99984777 0.9998336 ]
[0.9998902  0.99989665 0.9999012  0.9997261  0.99977475 0.9998864
 0.9997558  0.99965584 0.999783   0.9998165 ]
[0.9998734  0.9997949  0.99982774 0.9996909  0.99987364 0.99982834
 0.99981743 0.99976224 0.9997867  0.99987054]
[0.9998524  0.99982184 0.9998547  0.9998006  0.99983275 0.99979264
 0.99975306 0.9996057  0.99987507 0.99980444]
[0.9998394  0.9998585  0.9998832  0.9998405  0.99980634 0.9998288
 0.99981576 0.9995503  0.9998493  0.9998654 ]
[0.9998111  0.99983597 0.9998958  0.99979204 0.99986184 0.99987435
 0.9998666  0.9994733  0.99988425 0.9998286 ]
[0.9998652  0.99989414 0.9998361  0.9997322  0.99988556 0.99989843
 0.99988186 0.9996277  0.99973303 0.99987197]
[0.99990284 0.99988866 0.99989355 0.9998324  0.99985313 0.9998834
 0.9998287  0.999741   0.9998542  0.99988985]
[0.99991035 0.9998591  0.9998516  0.999678   0.9998313  0.9998734
 0.9998611  0.99956375 0.99980015 0.99976474]
[0.999881   0.9999025  0.9998989  0.9996985  0.9998956  0.99981743
 0.9997352  0.9995784  0.9998597  0.9998841 ]
[0.99987495 0.99984336 0.9998179  0.9996227  0.9998449  0.9998565
 0.9998431  0.9996686  0.99984396 0.99982125]
[0.99983084 0.99990296 0.99989295 0.999703   0.9998659  0.99987423
 0.99980587 0.9996468  0.99984264 0.999889  ]
[0.99990046 0.9998406  0.9998493  0.9996791  0.99988794 0.9997805
 0.9997881  0.99977547 0.9998436  0.99974555]
[0.9998591  0.9998467  0.99990714 0.9998085  0.9998179  0.9998436
 0.99980336 0.9996971  0.9998419  0.99988437]
[0.99980825 0.9998553  0.99989426 0.9996921  0.9998373  0.9997974
 0.9998766  0.9995828  0.9997117  0.9998349 ]
[0.9998524  0.9999062  0.99989676 0.999824   0.9998223  0.99981755
 0.99973685 0.99975437 0.999819   0.99980205]
[0.99982977 0.99979705 0.9997923  0.9996828  0.99980754 0.9998217
 0.999851   0.9995029  0.9998534  0.99984014]
[0.99985456 0.99987864 0.9998429  0.9997217  0.99989927 0.99978787
 0.9997856  0.99974185 0.99984396 0.9998752 ]
[0.99980646 0.9998541  0.9999094  0.9998185  0.99984586 0.99979705
 0.9998394  0.99981576 0.9998355  0.9998017 ]
[0.99982613 0.99984217 0.9998951  0.9996878  0.99976665 0.9998271
 0.999845   0.9996797  0.99977416 0.9998729 ]
[0.9998115  0.999848   0.9998957  0.99963295 0.9998803  0.9997675
 0.9998311  0.99978954 0.9998216  0.9998166 ]
[0.99988735 0.9998665  0.9998579  0.9997019  0.9997944  0.9998379
 0.99986005 0.99975663 0.99981076 0.99984586]
[0.99980193 0.9998975  0.99987686 0.9996785  0.99986875 0.9998671
 0.9997863  0.9996613  0.99985814 0.99980396]
[0.99982375 0.99982065 0.9998771  0.9997023  0.99985254 0.9998779
 0.9997962  0.99961    0.999819   0.99982625]
[0.9998783  0.99984837 0.99980766 0.9996816  0.99982613 0.99984205
 0.99978584 0.9997812  0.9998709  0.9998067 ]
[0.9998679  0.9998411  0.9998883  0.9998349  0.99977094 0.99986076
 0.99987876 0.999684   0.99982834 0.99973375]
[0.9998611  0.99983096 0.9998093  0.99980503 0.9998777  0.999814
 0.9998349  0.9997334  0.99981743 0.999765  ]
[0.99982566 0.9998429  0.999902   0.99973017 0.9997985  0.99977475
 0.9998611  0.99964595 0.99979407 0.9998099 ]
[0.9998827  0.99987483 0.9998     0.9998066  0.99976367 0.99984074
 0.9998648  0.9996916  0.99984    0.99987376]
[0.99981874 0.9998018  0.99979573 0.99982053 0.9998332  0.99987614
 0.9998698  0.9993783  0.99983335 0.99977297]
[0.9998541  0.9998776  0.9998467  0.9998524  0.9997973  0.9998516
 0.9998343  0.99977714 0.9998524  0.999845  ]
[0.9998411  0.9998727  0.99989057 0.99977475 0.99987113 0.99983287
 0.99973434 0.9995409  0.99976283 0.99981505]
[0.99986005 0.9998454  0.99987733 0.9996853  0.9998099  0.9998888
 0.99986553 0.999706   0.99977225 0.999796  ]
[0.99983275 0.9998747  0.9998902  0.9998274  0.99984145 0.9997702
 0.999828   0.99971527 0.9998642  0.99988306]
[0.9999037  0.999882   0.999835   0.99982846 0.9998185  0.9997495
 0.99978334 0.99972683 0.9997743  0.9998857 ]
[0.99989057 0.99977607 0.9998079  0.9997029  0.99988115 0.9997631
 0.9997936  0.9996586  0.99976915 0.99987495]
[0.9998192  0.999869   0.99981934 0.99971014 0.9998041  0.99984753
 0.9998467  0.99961555 0.9998     0.99979466]
[0.999846   0.9998373  0.99988365 0.9996973  0.99984217 0.9998579
 0.99973243 0.9997336  0.9998627  0.99985754]
[0.9998888  0.99984086 0.99979633 0.99976593 0.9997695  0.9998499
 0.99983025 0.99965703 0.99981004 0.9997603 ]
[0.9998658  0.99990654 0.9998759  0.9997882  0.9998554  0.99983
 0.9998529  0.9997285  0.9997719  0.9997702 ]
[0.9998913  0.9998677  0.9998267  0.9997588  0.9998692  0.99977773
 0.9998735  0.9996666  0.99982375 0.999833  ]
[0.9998282  0.9997993  0.9998691  0.9998186  0.99987173 0.9997689
 0.999853   0.99977726 0.9997923  0.9998523 ]
[0.9998987  0.9999002  0.99982387 0.9996798  0.9997949  0.9998939
 0.9998807  0.99975795 0.99981135 0.99983704]
[0.99982125 0.99984527 0.99988246 0.9997154  0.99980026 0.9998301
 0.9997638  0.99973696 0.99975055 0.99983394]
[0.99989605 0.9998882  0.9999032  0.99984634 0.9998373  0.99975747
 0.9998759  0.9996855  0.9998128  0.9997774 ]
[0.9998288  0.999876   0.9998635  0.99984515 0.9998357  0.9998801
 0.9997913  0.9997876  0.99975723 0.9997969 ]
[0.9998795  0.99980766 0.99984014 0.9998166  0.9998586  0.99984396
 0.9997304  0.99962187 0.9997787  0.9998629 ]
[0.99980706 0.99981135 0.9998611  0.99981374 0.999838   0.999861
 0.9998752  0.99954885 0.9998467  0.99976486]
[0.9998585  0.9998292  0.9998779  0.9997845  0.9998696  0.9998229
 0.9998665  0.9996928  0.99984527 0.999863  ]
[0.999821   0.9998648  0.9998147  0.99971825 0.99978036 0.99988616
 0.9997857  0.9996979  0.99974614 0.9998579 ]
[0.99987686 0.99981195 0.9998493  0.9997937  0.999871   0.99980325
 0.9998853  0.999676   0.999869   0.99987984]
[0.9998055  0.99990046 0.9998654  0.9997044  0.99978656 0.99984646
 0.99984837 0.9998141  0.9998584  0.99983525]
[0.99989784 0.99987686 0.9998435  0.999785   0.999814   0.9998348
 0.9998036  0.99966145 0.99974316 0.9997955 ]
[0.9999188  0.99989235 0.9999031  0.99983263 0.999775   0.99987054
 0.99976915 0.9996606  0.9997962  0.99986804]
[0.999889   0.99990237 0.99981934 0.99972624 0.9998877  0.99988544
 0.99982446 0.9996816  0.999808   0.9998234 ]
[0.9999013  0.9998785  0.9998242  0.9997223  0.99985373 0.9998325
 0.9998072  0.99974245 0.9998597  0.99985754]
[0.99989724 0.99980325 0.99980336 0.9998423  0.99989414 0.9997508
 0.9997818  0.9996389  0.99977344 0.9997888 ]
[0.9998504  0.9998     0.9998061  0.99966335 0.99978095 0.99988425
 0.9997694  0.9995016  0.99973243 0.9998728 ]
[0.9999001  0.9998994  0.9998703  0.99983764 0.99984777 0.999764
 0.9997873  0.99975485 0.9998522  0.9998766 ]
[0.99989164 0.9998778  0.99988043 0.9996896  0.9997918  0.99981064
 0.9997942  0.99970764 0.99980205 0.99988484]
[0.99986386 0.9998487  0.9998889  0.99967337 0.9998863  0.999869
 0.99981874 0.9996141  0.99981624 0.99985313]
[0.99989617 0.99981195 0.9998041  0.99970967 0.99986374 0.9998628
 0.9998561  0.99969256 0.9998454  0.9998479 ]
[0.9998716  0.9998878  0.99990857 0.9996921  0.9998078  0.9998323
 0.9997757  0.9996997  0.99985003 0.99982846]
