Mprobs for dataset sim1_corr (0.2) (IAF layers = 5):

[0.99983954 0.9998485  0.99990726 0.99979633 0.99986005 0.99985707
 0.9998363  0.99972695 0.9998192  0.9998779 ]
[0.9998228  0.999793   0.9998839  0.99979645 0.99984765 0.99984396
 0.99982786 0.9996815  0.9997547  0.9997423 ]
[0.9998747  0.99990416 0.9998697  0.99978215 0.9997782  0.9998796
 0.9997532  0.9997267  0.99988043 0.9997981 ]
[0.999803   0.9998599  0.9999075  0.9997403  0.99983263 0.99985933
 0.9997881  0.999683   0.9998273  0.99977463]
[0.9999058  0.99986255 0.99989104 0.9996704  0.99988675 0.9998491
 0.9998814  0.99978787 0.9997899  0.9998882 ]
[0.9998988  0.9998833  0.9998828  0.99980015 0.99989283 0.99977106
 0.9998642  0.9996056  0.99984944 0.9998053 ]
[0.9997961  0.9998584  0.9998135  0.9997061  0.99980706 0.99978644
 0.99983346 0.9997938  0.9998591  0.99976784]
[0.9998124  0.9998167  0.999871   0.9998547  0.99978    0.9998161
 0.9997423  0.9997466  0.99978656 0.9998159 ]
[0.9997917  0.9998976  0.9998609  0.99972206 0.9998598  0.9998006
 0.9998598  0.9994955  0.9998592  0.99984336]
[0.99988365 0.999811   0.9998165  0.9998091  0.99983025 0.9998903
 0.99975854 0.9996263  0.9997844  0.99983   ]
[0.9998989  0.99983156 0.9998741  0.99984825 0.99986255 0.99979883
 0.99980694 0.99970156 0.9998211  0.99974746]
[0.99989676 0.9998373  0.99985147 0.99981695 0.9997769  0.9998425
 0.99978155 0.9997167  0.9997168  0.99988496]
[0.9998921  0.9998845  0.99988616 0.99969256 0.999877   0.9998242
 0.999866   0.9996363  0.9998273  0.9998325 ]
[0.9998758  0.9998216  0.9999068  0.99982005 0.9998301  0.99987054
 0.99978787 0.99968827 0.99977356 0.9998356 ]
[0.9998441  0.999811   0.99983454 0.9997327  0.9997613  0.99978346
 0.99980444 0.9997646  0.999846   0.9997751 ]
[0.999848   0.9998834  0.9998888  0.999671   0.9997613  0.99987745
 0.99986434 0.99958616 0.9998394  0.9998667 ]
[0.9997744  0.99989176 0.99990416 0.9997236  0.9998487  0.9998536
 0.9998275  0.9998294  0.9998084  0.99975795]
[0.9999045  0.99981254 0.9999044  0.99981886 0.9998536  0.9998274
 0.9998265  0.99968445 0.9998387  0.99982446]
[0.999843   0.9998036  0.99979943 0.999788   0.99976116 0.9998086
 0.9998455  0.9996772  0.99980575 0.9997794 ]
[0.99986386 0.99980515 0.99981815 0.99984443 0.99986565 0.99986196
 0.9998097  0.9997367  0.99983215 0.9998259 ]
[0.9998803  0.99988115 0.999845   0.9998048  0.9997843  0.99975675
 0.9998222  0.99971443 0.9997501  0.99986243]
[0.9997795  0.99987805 0.99978584 0.9996797  0.99984765 0.9997849
 0.99982846 0.99958366 0.99976164 0.99986255]
[0.9998628  0.9998437  0.9998474  0.9997646  0.99981505 0.9998325
 0.99975914 0.9997335  0.999806   0.99985373]
[0.9998733  0.99987566 0.99985516 0.9996438  0.9998191  0.9998037
 0.99976796 0.99973685 0.9997514  0.9997582 ]
[0.999813   0.99986327 0.9998914  0.9997118  0.99989796 0.99983275
 0.9998772  0.9997008  0.9998042  0.999757  ]
[0.99980015 0.99987984 0.99987614 0.9998584  0.99984837 0.9998191
 0.9998086  0.99977165 0.9997503  0.9998481 ]
[0.9998301  0.9998945  0.9998516  0.99974245 0.999835   0.9997553
 0.9997887  0.9996604  0.99977976 0.99988556]
[0.99984145 0.9999044  0.9998832  0.99967396 0.99981207 0.999881
 0.99975425 0.99968195 0.9998568  0.9998715 ]
[0.99988365 0.99991083 0.9998379  0.99985063 0.9998622  0.9998368
 0.9997675  0.9996069  0.9998323  0.99975353]
[0.99985456 0.9998723  0.99981743 0.9997938  0.99982494 0.9998338
 0.9998728  0.9997315  0.9998307  0.99986494]
[0.99990654 0.9998814  0.99982625 0.9997054  0.9997688  0.9998857
 0.99982494 0.9997861  0.99977106 0.9997907 ]
[0.99987423 0.9998024  0.9997925  0.9996897  0.9997813  0.9997719
 0.99980456 0.999684   0.99977654 0.99982244]
[0.9998785  0.99983776 0.9998944  0.99974567 0.9997912  0.9998178
 0.9997991  0.99964356 0.9998535  0.99988735]
[0.9998671  0.9997888  0.9998301  0.99969363 0.99987614 0.9997546
 0.9998215  0.9996598  0.99976367 0.99984574]
[0.999782   0.9998764  0.9998579  0.9997049  0.99983406 0.9997819
 0.9997515  0.9996469  0.9998117  0.9998412 ]
[0.99981326 0.9998642  0.999902   0.9997757  0.9998135  0.99988794
 0.999882   0.9996637  0.9997669  0.99979943]
[0.9998473  0.99986553 0.9998425  0.99980766 0.99984336 0.99984586
 0.99986756 0.9996866  0.9998548  0.9998381 ]
[0.99985206 0.99990964 0.9998331  0.9996588  0.9997596  0.9998233
 0.9998703  0.99961096 0.9997279  0.99985206]
[0.99981004 0.99980813 0.9998317  0.9998018  0.9998512  0.99980015
 0.99972373 0.99974316 0.9998504  0.9998313 ]
[0.9998883  0.9999025  0.999887   0.99969244 0.99984384 0.9998479
 0.9998196  0.99960655 0.99970216 0.99977165]
[0.9998809  0.99988616 0.99988437 0.99975556 0.9997967  0.99980086
 0.99985766 0.99975985 0.99984384 0.99985206]
[0.99989045 0.9999058  0.9998357  0.9997906  0.9997898  0.9998292
 0.9998784  0.9997341  0.9997528  0.99975246]
[0.9999126  0.99982685 0.99985456 0.9998547  0.99982446 0.9997886
 0.9998498  0.9995536  0.9998253  0.9997807 ]
[0.9998832  0.9998661  0.9997861  0.9998129  0.99984777 0.9998766
 0.99983704 0.99959356 0.99971074 0.9997991 ]
[0.9998324 0.9998883 0.9999033 0.999752  0.9998648 0.999783  0.9998184
 0.9997762 0.999796  0.9997925]
[0.99987006 0.99987876 0.9999013  0.9997831  0.99980265 0.9998073
 0.99985874 0.9996604  0.99978596 0.9998692 ]
[0.99989414 0.9998665  0.9998903  0.99978846 0.999864   0.9997913
 0.99979156 0.99974436 0.9997845  0.9998462 ]
[0.9998313  0.9997923  0.9998099  0.9996973  0.99981374 0.99989223
 0.9998704  0.9994537  0.999819   0.9997875 ]
[0.999866   0.9998847  0.99978334 0.99962986 0.9998826  0.99986315
 0.9998004  0.9996785  0.999749   0.99982977]
[0.9998441  0.9998282  0.9997975  0.9996824  0.9998746  0.99986506
 0.99973994 0.99975055 0.9998708  0.99982256]
[0.99989295 0.9998388  0.9998197  0.9997744  0.9998363  0.99979085
 0.9998419  0.99971706 0.9997986  0.999887  ]
[0.9998969  0.99982303 0.9998723  0.9997961  0.9997768  0.9998876
 0.9997929  0.9997795  0.99977285 0.999752  ]
[0.9998472  0.99984264 0.9998969  0.9998171  0.9998568  0.99988544
 0.99981767 0.99973017 0.999824   0.9998692 ]
[0.99987745 0.9997973  0.99985707 0.9998319  0.9997688  0.9998543
 0.9997503  0.99963474 0.9998739  0.99983525]
[0.9998522  0.9997975  0.99983823 0.99972326 0.9998888  0.99988353
 0.99986386 0.99976677 0.99974877 0.9998202 ]
[0.9997968  0.99985135 0.9998883  0.99983966 0.9998222  0.99986804
 0.9997824  0.9997248  0.99979526 0.99979275]
[0.9998779  0.9998921  0.9998971  0.9997092  0.999856   0.99988794
 0.9998272  0.9996679  0.9998642  0.9998617 ]
[0.9998833  0.9998356  0.9998592  0.99985003 0.9997991  0.9998274
 0.9998468  0.9997094  0.9998246  0.99980384]
[0.9998654  0.9998274  0.9997904  0.99981207 0.99983966 0.9998685
 0.9998851  0.9995648  0.9998832  0.9997913 ]
[0.9998971  0.9998037  0.9998405  0.9996124  0.99985826 0.99987733
 0.99975854 0.9996537  0.99986076 0.9998435 ]
[0.9998497  0.99986374 0.99988985 0.99974316 0.9998907  0.9998642
 0.99980706 0.9997278  0.9998241  0.9998092 ]
[0.9998306  0.9998136  0.9998785  0.99974984 0.99987984 0.9998783
 0.9998363  0.99968696 0.9998105  0.99984014]
[0.9998442  0.99984384 0.9998733  0.9998294  0.999884   0.99975914
 0.99983335 0.99976987 0.99972004 0.99980897]
[0.99985504 0.9998344  0.99979573 0.9997726  0.99982244 0.99981326
 0.9998584  0.99972063 0.99979395 0.999881  ]
[0.99988604 0.99983966 0.9999019  0.9997013  0.9997713  0.9998815
 0.9998317  0.99978524 0.99987173 0.9997428 ]
[0.9998265  0.9998771  0.99986696 0.9998692  0.9998271  0.99989414
 0.9997652  0.9996319  0.9998635  0.99980026]
[0.9998266  0.9997869  0.99981266 0.9997577  0.9998498  0.9998062
 0.99981064 0.9995858  0.9998702  0.9998349 ]
[0.9998118  0.999871   0.99986184 0.99973327 0.99977654 0.9998317
 0.99977475 0.99965596 0.99974424 0.99986196]
[0.9998708  0.9998902  0.9998658  0.9998086  0.9998864  0.9998543
 0.99980325 0.9996232  0.9997893  0.9998043 ]
[0.999887   0.99989784 0.9998895  0.99985754 0.9998264  0.9997733
 0.9998684  0.9997968  0.99985397 0.99980956]
[0.99988973 0.9998356  0.99988115 0.99975723 0.9998766  0.99987006
 0.9998447  0.9996958  0.9998691  0.9998671 ]
[0.9997868  0.9998565  0.99982893 0.9997931  0.9997662  0.9997619
 0.99985766 0.9995166  0.9998122  0.9997718 ]
[0.9998306  0.99983096 0.9998963  0.99977416 0.99982506 0.99986386
 0.9998159  0.9997522  0.99983644 0.9998036 ]
[0.9998535  0.99988747 0.99981767 0.9997079  0.99989223 0.9998878
 0.9998398  0.9996431  0.9998503  0.99988616]
[0.9998661  0.9998697  0.9998902  0.9998344  0.99981683 0.9998203
 0.9997526  0.99964976 0.9998553  0.9998796 ]
[0.99977833 0.9999083  0.99982977 0.99980646 0.9998642  0.9998356
 0.99988055 0.9997013  0.99975103 0.99985087]
[0.9998229  0.9998646  0.9997973  0.99980325 0.9998958  0.9997918
 0.9997656  0.99969673 0.9998789  0.99976486]
[0.99981636 0.9998246  0.99986076 0.9997142  0.999759   0.99981827
 0.9998079  0.99971527 0.99978167 0.9997962 ]
[0.9997913  0.9998487  0.99986947 0.9997547  0.99984884 0.9998938
 0.9998523  0.9996865  0.99980074 0.9997719 ]
[0.9998981  0.99986625 0.99987876 0.9997063  0.99984384 0.99988985
 0.99974674 0.9996315  0.9998348  0.9997631 ]
[0.9998846  0.9998685  0.9998012  0.9997054  0.9997744  0.9998491
 0.99976605 0.99965787 0.9997117  0.9997886 ]
[0.99986756 0.9998386  0.99990726 0.9998306  0.9998375  0.99982196
 0.9997485  0.99974257 0.99979204 0.9997533 ]
[0.9999045  0.99986756 0.9999049  0.9997273  0.9998344  0.9998708
 0.9997975  0.99958915 0.9997187  0.9997737 ]
[0.9998323  0.9997991  0.9998     0.99967337 0.9998043  0.9998969
 0.99972993 0.99980026 0.99977547 0.99983585]
[0.9997844  0.9998054  0.99987745 0.9997887  0.99981695 0.9997564
 0.99978703 0.9996911  0.9998472  0.9998306 ]
[0.999863   0.9998919  0.9998424  0.9996172  0.9998777  0.9997569
 0.99987686 0.9997464  0.9998067  0.9998921 ]
[0.99984825 0.99984276 0.99979156 0.99981636 0.99986815 0.99975294
 0.9997614  0.99971133 0.99986684 0.9998702 ]
[0.9997911  0.9998392  0.99989414 0.99982774 0.99978715 0.9998958
 0.9998597  0.99977416 0.99985075 0.9998574 ]
[0.9998753  0.9998165  0.9997973  0.9997477  0.9998814  0.99986184
 0.99978286 0.99977714 0.99982244 0.99979895]
[0.9998642  0.99988544 0.9999045  0.99974614 0.99984753 0.9997483
 0.99987924 0.999585   0.9997713  0.9997681 ]
[0.99981815 0.9998976  0.9999049  0.99970907 0.99986565 0.99985003
 0.9997836  0.99973553 0.99980146 0.99985087]
[0.9998461  0.9998173  0.9999074  0.99981004 0.9998745  0.99988115
 0.99978596 0.99967813 0.9997236  0.99980325]
[0.99984753 0.99989355 0.99982363 0.99969625 0.9997905  0.99984384
 0.9997441  0.9995999  0.9997838  0.99977976]
[0.9998994  0.9997899  0.99980813 0.9998313  0.99987936 0.999874
 0.99985445 0.99975497 0.9997191  0.9998223 ]
[0.9998851  0.99978346 0.99985456 0.99984646 0.99978775 0.999764
 0.99977416 0.99962366 0.99975103 0.999853  ]
[0.99985564 0.9998939  0.9998759  0.9996501  0.9998011  0.9998196
 0.99987745 0.99965405 0.99974126 0.9998752 ]
[0.9998704  0.9998215  0.9999014  0.99969375 0.9997762  0.99985135
 0.9998573  0.99952745 0.99983096 0.99983466]
[0.9998293  0.99985087 0.99983203 0.99974793 0.9997811  0.9997863
 0.9997464  0.99972767 0.9998275  0.9998784 ]
[0.99985063 0.99983644 0.9997961  0.9996518  0.999876   0.9998636
 0.9997689  0.9995541  0.9998122  0.9998623 ]
[0.9998022  0.9998722  0.9997986  0.9998246  0.99984264 0.9997898
 0.9998325  0.9996815  0.9997727  0.9998348 ]
