Mprobs for dataset sim1_corr (0.1) (IAF layers = 5):

[0.9998667  0.9998915  0.9998254  0.9998054  0.9998715  0.9998241
 0.9997813  0.9997396  0.9997577  0.99979657]
[0.99988854 0.9998958  0.9998171  0.99983156 0.99977905 0.99974686
 0.99974436 0.99973625 0.9997402  0.9997663 ]
[0.9998661  0.9998621  0.9998375  0.9996362  0.99988425 0.9998815
 0.9997688  0.99969184 0.9997787  0.9998554 ]
[0.9998412  0.99980396 0.99986005 0.9996991  0.99977034 0.99987495
 0.9997893  0.99976164 0.9997799  0.99982184]
[0.99987686 0.9998375  0.9998399  0.99967706 0.9998016  0.9998591
 0.9997962  0.99973756 0.99973816 0.9997727 ]
[0.9998281  0.9998454  0.9998462  0.99981946 0.99983335 0.999848
 0.9998474  0.9997745  0.9997178  0.9998729 ]
[0.99985325 0.99989617 0.99987304 0.99980146 0.99987686 0.99980074
 0.99978465 0.99946564 0.99985874 0.99986494]
[0.9998492  0.99979705 0.9998697  0.9997036  0.99981683 0.9997948
 0.99979335 0.99969375 0.99972016 0.9998338 ]
[0.99982435 0.9998349  0.9999056  0.9996605  0.9998092  0.999778
 0.99974924 0.9996358  0.9998209  0.9997824 ]
[0.9998704  0.99980634 0.99981564 0.99968255 0.99979717 0.9998548
 0.99982065 0.9996791  0.9997347  0.9998678 ]
[0.99987125 0.9998211  0.9998166  0.99967134 0.99985814 0.9997948
 0.9997782  0.99959797 0.9998596  0.9998368 ]
[0.9998325  0.99984086 0.999863   0.9997166  0.9998349  0.99986017
 0.99986744 0.9998086  0.9998592  0.9998653 ]
[0.9998877  0.99985456 0.9998858  0.99981326 0.9998815  0.99988556
 0.999874   0.99969244 0.99986744 0.99978954]
[0.9998853  0.9998946  0.9998313  0.99983406 0.9998192  0.9998679
 0.999808   0.99967444 0.9998233  0.9997825 ]
[0.99989486 0.9998424  0.9997956  0.99970895 0.9997888  0.9998934
 0.9997857  0.99957496 0.9998361  0.9997845 ]
[0.99978393 0.99984276 0.9998491  0.9997452  0.9998362  0.99976736
 0.9998839  0.9998167  0.99980193 0.999853  ]
[0.99988985 0.99991167 0.99985933 0.9996063  0.9998368  0.9997578
 0.9998066  0.99969065 0.99976856 0.9998797 ]
[0.9998646 0.9998399 0.9998821 0.9996923 0.9998605 0.999826  0.9998332
 0.9996562 0.9998405 0.9998067]
[0.9998035  0.9999062  0.9998772  0.9997116  0.99989593 0.999782
 0.9998223  0.999783   0.99987316 0.9998374 ]
[0.9998443  0.99982554 0.99989116 0.999741   0.9998473  0.9997924
 0.9997714  0.9997451  0.99984026 0.99976426]
[0.9998971  0.99987566 0.99985635 0.99964833 0.9998047  0.9998803
 0.9998425  0.9997913  0.9998331  0.999846  ]
[0.9998635  0.99989426 0.9998605  0.99978524 0.9998951  0.99977106
 0.999845   0.9997867  0.99986887 0.99977034]
[0.9997693  0.9998894  0.9998996  0.9997725  0.9998276  0.99987555
 0.999871   0.99980277 0.99973124 0.9998467 ]
[0.9998367  0.9997862  0.9998275  0.9997751  0.9998318  0.99986506
 0.99978334 0.99969137 0.9997743  0.99985075]
[0.9998698  0.9998447  0.9998197  0.99978274 0.9998418  0.9998547
 0.9997546  0.9996778  0.999869   0.9998115 ]
[0.99984574 0.99989223 0.9998354  0.9998573  0.9997918  0.99988985
 0.999882   0.99959546 0.9998109  0.9998609 ]
[0.99988866 0.99986374 0.9998708  0.99974436 0.9998914  0.9998764
 0.99979717 0.9995752  0.9997397  0.9998814 ]
[0.99989915 0.9998921  0.999882   0.99983096 0.9997805  0.99982053
 0.9998754  0.999716   0.9998393  0.9998752 ]
[0.9999031 0.999858  0.9997967 0.9996829 0.9998865 0.9998728 0.9998252
 0.9994754 0.9998678 0.9998254]
[0.9998596  0.9998729  0.99979943 0.999731   0.9998042  0.9997725
 0.9998511  0.9997677  0.99975663 0.99979526]
[0.9998456  0.9998641  0.99989676 0.9997619  0.99986017 0.9997726
 0.9998658  0.99969006 0.9998099  0.9998697 ]
[0.9998228  0.99984884 0.9998518  0.99962854 0.999818   0.9998754
 0.9997693  0.9997346  0.9998611  0.9997439 ]
[0.9998134  0.9997924  0.9998752  0.999684   0.99985087 0.9998863
 0.99979085 0.9997732  0.9998363  0.99981517]
[0.9998578  0.999861   0.9998136  0.9997123  0.99984    0.9998963
 0.9998141  0.9997483  0.99984586 0.9998671 ]
[0.9998142  0.9998927  0.9997856  0.9997845  0.99983895 0.99978286
 0.99978405 0.99971443 0.9997873  0.999824  ]
[0.99981993 0.99988174 0.99988306 0.9996309  0.99983156 0.99982685
 0.9998228  0.9997702  0.9997862  0.9998159 ]
[0.9998759  0.9998241  0.9998105  0.99970776 0.9997725  0.99989355
 0.99985766 0.99978906 0.9997681  0.9998103 ]
[0.9998474  0.9998586  0.99980456 0.9998247  0.9998055  0.9998646
 0.99987185 0.9995938  0.99983966 0.99987125]
[0.99990475 0.999874   0.9998342  0.99982303 0.9997787  0.99978536
 0.9998287  0.9998091  0.99982977 0.9998654 ]
[0.9998877  0.999894   0.99983084 0.9997069  0.999841   0.9997451
 0.9997601  0.99978703 0.9998621  0.9997774 ]
[0.9998492  0.9998555  0.9998841  0.99975055 0.9998517  0.9997837
 0.9998104  0.9996468  0.9997607  0.9998124 ]
[0.99990284 0.99990475 0.99977475 0.9997644  0.9998702  0.9998416
 0.99977916 0.9996549  0.999742   0.9998479 ]
[0.999833   0.99985945 0.9998117  0.99966466 0.99989235 0.9998776
 0.9998128  0.9996954  0.9997069  0.9997805 ]
[0.9998975  0.99980015 0.9998491  0.99983287 0.9997886  0.9998196
 0.9997801  0.99961287 0.9998374  0.9998578 ]
[0.999861   0.9999012  0.99987197 0.9997844  0.99983835 0.99977285
 0.9998803  0.9997427  0.99980587 0.99974793]
[0.9998927  0.9998802  0.99984074 0.9998282  0.9998803  0.9998716
 0.99978393 0.99977344 0.99982053 0.99985385]
[0.99989617 0.9998047  0.9998591  0.9997887  0.9998254  0.99985933
 0.9997849  0.9996019  0.9997918  0.9997533 ]
[0.9998404  0.99984324 0.99989486 0.999821   0.9998907  0.9997993
 0.99980944 0.9995535  0.9997868  0.9998611 ]
[0.9998248  0.99985063 0.9998505  0.9997553  0.99986756 0.9998926
 0.99984276 0.99970514 0.9998068  0.9998091 ]
[0.99983335 0.9998925  0.9998412  0.999627   0.99979395 0.9998671
 0.9998185  0.99973017 0.99980575 0.99977905]
[0.99989104 0.9998865  0.99979275 0.99961925 0.9998411  0.999856
 0.99977905 0.99978524 0.9997415  0.99987483]
[0.9998815  0.9997758  0.9998542  0.9996997  0.99976176 0.9998599
 0.9997633  0.9995796  0.99983764 0.99982077]
[0.9998965  0.99990153 0.99983346 0.9996413  0.999765   0.999845
 0.9998307  0.99974865 0.99988365 0.9998735 ]
[0.9998235  0.9999002  0.9997836  0.999818   0.9998523  0.999821
 0.9998281  0.99958974 0.9998217  0.99974304]
[0.9998971  0.9998265  0.99989605 0.9997447  0.999877   0.9998306
 0.99984336 0.99974996 0.9998727  0.9998863 ]
[0.99982554 0.9998423  0.99982005 0.9997106  0.99982303 0.9998894
 0.99979275 0.9996611  0.99973863 0.9998467 ]
[0.9998342  0.9999037  0.99980694 0.9996574  0.99985886 0.9998752
 0.9998234  0.9995054  0.9998735  0.99981576]
[0.9997929  0.9997973  0.99991214 0.99969256 0.99986744 0.99984574
 0.9997441  0.9996346  0.99985504 0.9997687 ]
[0.9998512  0.999897   0.9998673  0.999742   0.9997905  0.9998405
 0.99983394 0.99979514 0.99983287 0.9998122 ]
[0.9998136  0.9998584  0.9998006  0.9997607  0.9998764  0.99984276
 0.99980634 0.9995602  0.9998228  0.9997615 ]
[0.9999     0.9998123  0.9998197  0.9996878  0.9997602  0.9998431
 0.99973494 0.9996018  0.99984574 0.9998579 ]
[0.9998971  0.99986637 0.9998988  0.99979275 0.9998989  0.99984276
 0.99978524 0.9997913  0.9997726  0.9998803 ]
[0.99972063 0.99959713 0.9992878  0.99945754 0.999835   0.9997515
 0.99968016 0.99927896 0.9996669  0.99952626]
[0.9998944  0.99989545 0.99982065 0.9997619  0.9998404  0.9998062
 0.9998055  0.99963367 0.9997507  0.9997366 ]
[0.99988437 0.99982196 0.99981743 0.9997435  0.9997856  0.9997806
 0.9997708  0.99975795 0.9998666  0.99987936]
[0.9998996  0.9998653  0.99990463 0.9997328  0.9998017  0.99981445
 0.99980146 0.9994242  0.9998093  0.9998253 ]
[0.99983406 0.99986815 0.99989057 0.99980015 0.9998809  0.9997905
 0.9997508  0.9996798  0.9998092  0.99978966]
[0.9998801  0.99983525 0.9998492  0.9996896  0.99977845 0.9998661
 0.9998455  0.99981886 0.9998851  0.9998472 ]
[0.9998528  0.9998567  0.99985695 0.99981755 0.99984205 0.9998085
 0.9997664  0.9997868  0.9998778  0.9997975 ]
[0.99982506 0.9998939  0.9998288  0.9996884  0.99979883 0.9997776
 0.99978644 0.99954957 0.99977547 0.9998233 ]
[0.9998801  0.9998332  0.9998839  0.9997094  0.99988663 0.9997867
 0.9997892  0.999803   0.9997745  0.9998827 ]
[0.99980396 0.99981314 0.99986184 0.9996692  0.9998149  0.99981993
 0.99985456 0.99975044 0.9997571  0.99979144]
[0.9998394  0.9998062  0.99989915 0.9997156  0.999811   0.9998349
 0.9998549  0.99964213 0.99970704 0.99985707]
[0.9998685  0.99986005 0.9998629  0.9997098  0.99986994 0.99979585
 0.99976796 0.9997061  0.999731   0.99981576]
[0.999778  0.9998192 0.9997886 0.9998186 0.9997949 0.999782  0.9998022
 0.9997485 0.9998338 0.9998023]
[0.99983764 0.9998492  0.999894   0.9996637  0.99986947 0.99982446
 0.9998117  0.9997818  0.99973935 0.99978703]
[0.9998673  0.9998925  0.9999064  0.9996685  0.9998233  0.99985456
 0.9997912  0.9997898  0.9997528  0.9998871 ]
[0.9997876  0.99980086 0.9998883  0.9997807  0.99986434 0.99987423
 0.999874   0.99961156 0.99986315 0.99983454]
[0.99985313 0.9998784  0.99986625 0.9998161  0.9997801  0.99983335
 0.9997563  0.99973744 0.99979943 0.99982005]
[0.9998877  0.9998535  0.9998542  0.9996896  0.9997608  0.99984896
 0.9998211  0.999742   0.9998584  0.99973446]
[0.9998276  0.9997918  0.9998698  0.9997421  0.9998716  0.9998118
 0.9997931  0.99971765 0.99983084 0.99976295]
[0.99986863 0.99979585 0.9998894  0.9998271  0.9997807  0.9998534
 0.99978226 0.9996433  0.9998067  0.9997838 ]
[0.99985385 0.9998708  0.9999049  0.9997615  0.99984515 0.9998066
 0.99984264 0.9997278  0.9997186  0.99974364]
[0.99985516 0.99984765 0.9998258  0.99961406 0.9998721  0.99988914
 0.9997811  0.9996865  0.9998435  0.9998493 ]
[0.99980253 0.99988186 0.9998779  0.99980444 0.9998834  0.99978846
 0.9997627  0.9998093  0.9998267  0.9998685 ]
[0.9998252  0.99979204 0.999846   0.99977416 0.9998429  0.99986935
 0.9998721  0.99971646 0.9997496  0.99975437]
[0.99984837 0.9998921  0.9998264  0.9998404  0.99978155 0.9998858
 0.99984074 0.9996332  0.99981445 0.99989104]
[0.9998275  0.9998776  0.99982494 0.99981004 0.9998672  0.9998821
 0.9998534  0.99971324 0.9998565  0.9998553 ]
[0.9998623  0.99990046 0.9998753  0.9997348  0.99977094 0.9997819
 0.99979454 0.999493   0.99974984 0.9998029 ]
[0.99985266 0.99986696 0.99979883 0.99982077 0.9997508  0.99979776
 0.9997696  0.9997949  0.9998097  0.99982977]
[0.99989235 0.9997912  0.9999063  0.9997503  0.9997826  0.9998838
 0.99984145 0.99972504 0.9998505  0.9997775 ]
[0.999866   0.99983966 0.999897   0.9997907  0.99981326 0.9998882
 0.9998356  0.9997538  0.9997842  0.9998368 ]
[0.9998808  0.9998678  0.99986386 0.99971074 0.9998166  0.9998913
 0.9997831  0.9996846  0.9997814  0.9998592 ]
[0.9998733  0.99983644 0.9998248  0.9996488  0.99981064 0.9997664
 0.9997342  0.9996898  0.9997842  0.99978644]
[0.99985397 0.99990106 0.9998832  0.9998192  0.99987733 0.999848
 0.99984074 0.9996866  0.9997876  0.99980253]
[0.99984324 0.99979705 0.9998022  0.99970585 0.9997758  0.999894
 0.999764   0.99963045 0.9997415  0.99977833]
[0.99979013 0.9997961  0.99989676 0.9996897  0.9998448  0.9997738
 0.9998679  0.9998154  0.999713   0.9998166 ]
[0.9998216  0.9998919  0.9998122  0.99976164 0.99982893 0.99982065
 0.9998522  0.9997638  0.99983275 0.9997446 ]
[0.99986005 0.9998779  0.9998672  0.9997116  0.99980515 0.9998129
 0.99972767 0.99954885 0.99976796 0.9998343 ]
[0.9998343  0.99986243 0.999824   0.9998222  0.999824   0.9998741
 0.9997403  0.9997224  0.99983203 0.99983084]
