Mprobs for dataset sim1_corr (0.9) (IAF layers = 2):

[0.9964066  0.99987197 0.9998122  0.9998884  0.99983203 0.9997645
 0.999818   0.9998621  0.99971014 0.9998273  0.99982613]
[0.99867827 0.9998882  0.99987614 0.9998535  0.9996767  0.99978465
 0.9998234  0.9998603  0.99972314 0.9998497  0.9998436 ]
[0.9952415  0.99994695 0.99988437 0.99989855 0.9998118  0.9998963
 0.99976736 0.9998258  0.99953055 0.9998047  0.9998828 ]
[0.9971118  0.99990547 0.99988186 0.99982625 0.999808   0.99981254
 0.9998791  0.9997682  0.9996984  0.9998192  0.9997762 ]
[0.99419594 0.99991095 0.9997906  0.9999081  0.99981755 0.9997782
 0.9997943  0.9998134  0.9997569  0.9998267  0.9997594 ]
[0.9993167  0.99990165 0.9998203  0.9998442  0.9997832  0.99978226
 0.99979955 0.9997923  0.99968755 0.99981636 0.9998024 ]
[0.99856216 0.9998789  0.99986756 0.9998729  0.9998056  0.9998528
 0.99982834 0.99974304 0.9995983  0.99975556 0.99980694]
[0.9982114  0.999913   0.99987066 0.9998374  0.9998004  0.99975497
 0.99980325 0.9998692  0.99970824 0.99980515 0.9998223 ]
[0.99221134 0.9998945  0.9998863  0.99988484 0.9997849  0.9998845
 0.9998791  0.9998828  0.99963605 0.99981743 0.99976164]
[0.99884367 0.99983096 0.9998431  0.9998616  0.9997317  0.99982685
 0.9998803  0.9997893  0.99972373 0.9997776  0.9997596 ]
[0.99594396 0.99988174 0.9998746  0.99982613 0.99969125 0.99986863
 0.99975866 0.9998105  0.99974173 0.99986804 0.999858  ]
[0.99929285 0.9998591  0.99989426 0.99983823 0.99980015 0.9997986
 0.99985814 0.9998443  0.99974984 0.9997347  0.9998331 ]
[0.9912664  0.99989676 0.99986017 0.9998184  0.9997274  0.99985266
 0.99980396 0.99983406 0.9997689  0.9998129  0.9998374 ]
[0.9969728  0.99991906 0.9998091  0.999846   0.99972075 0.99984777
 0.999879   0.9997948  0.999772   0.99975675 0.9998287 ]
[0.9945944  0.9999068  0.9997837  0.9999044  0.99967706 0.99982697
 0.9998803  0.9998087  0.99970835 0.999793   0.9998617 ]
[0.9977744  0.9998388  0.99985015 0.9998448  0.99981624 0.9998603
 0.999838   0.9998425  0.9995832  0.99975044 0.9998753 ]
[0.9965585  0.99989486 0.9999112  0.9999156  0.9997476  0.9997811
 0.9998851  0.99982893 0.99974805 0.9998555  0.9998808 ]
[0.9986066  0.99988353 0.99984586 0.99978405 0.9997993  0.9998559
 0.9997882  0.9998741  0.9997745  0.9998196  0.99985933]
[0.9985709  0.999853   0.9998765  0.9998851  0.9997445  0.99988174
 0.99977714 0.9998733  0.9996973  0.99982446 0.99982506]
[0.9944372  0.9999292  0.99988747 0.9999045  0.9997907  0.9998043
 0.9998839  0.99976474 0.99963236 0.9997962  0.9998698 ]
[0.99803454 0.9999126  0.9998634  0.9998105  0.9997682  0.9998758
 0.9998845  0.99982375 0.9996406  0.9998486  0.9997942 ]
[0.99901986 0.9998698  0.99982977 0.99987495 0.9997124  0.9998714
 0.9998702  0.99983275 0.99969923 0.9997787  0.9998503 ]
[0.99659437 0.99986863 0.9998425  0.9998     0.99977297 0.9997564
 0.999846   0.99981076 0.99949026 0.99986017 0.9998325 ]
[0.99860966 0.9999107  0.9998012  0.9998292  0.9997942  0.9997576
 0.99987996 0.99986637 0.99964535 0.9998485  0.9998523 ]
[0.9972838  0.9999101  0.9998379  0.9997867  0.9997644  0.9998147
 0.99982953 0.99988794 0.9994765  0.9998394  0.99979013]
[0.9997048  0.9997938  0.9998908  0.999887   0.9998361  0.9998919
 0.9998863  0.99975973 0.999688   0.9998282  0.9998746 ]
[0.97445506 0.9999263  0.99982786 0.99990034 0.9997563  0.9998179
 0.9997962  0.99980503 0.99977416 0.9998198  0.99986446]
[0.99940836 0.99985385 0.9998857  0.99987566 0.99975866 0.99980956
 0.99987686 0.9997874  0.9997018  0.999835   0.9997917 ]
[0.99687696 0.9999113  0.9998994  0.999894   0.99970895 0.99987006
 0.9998516  0.9998325  0.99968684 0.99981683 0.999848  ]
[0.99110186 0.9998989  0.9998054  0.9998878  0.9997477  0.99984014
 0.99988604 0.999846   0.999689   0.99973804 0.9998455 ]
[0.9969656  0.99985814 0.9998678  0.99983466 0.9997718  0.9997738
 0.9998387  0.99984384 0.9997943  0.999764   0.9997937 ]
[0.995824   0.99991715 0.99982053 0.99981564 0.9998049  0.9998049
 0.99986386 0.99983704 0.9997185  0.9998573  0.99976724]
[0.9961343  0.9998932  0.9998975  0.99979466 0.9998221  0.9998023
 0.999858   0.99978906 0.99968445 0.9997609  0.9998512 ]
[0.9962365  0.99993026 0.99984145 0.9998666  0.9998222  0.9998154
 0.9998307  0.99980575 0.9996996  0.99971086 0.99988997]
[0.9968978  0.9998853  0.9998665  0.9998764  0.9997619  0.9998374
 0.9998853  0.9997408  0.99971074 0.9997373  0.9998373 ]
[0.9989033  0.99987245 0.99984133 0.99987864 0.9996923  0.99984443
 0.99986756 0.999879   0.99965274 0.9997589  0.999814  ]
[0.9981085  0.9998871  0.99987745 0.99986446 0.99981076 0.999782
 0.9997638  0.9998307  0.99976295 0.99978095 0.9998435 ]
[0.9986512  0.9999157  0.99987435 0.99979573 0.99982065 0.9998161
 0.9997842  0.9998104  0.99962795 0.99984264 0.99976474]
[0.9995472  0.9998242  0.99989617 0.99986863 0.9997701  0.99989676
 0.99989045 0.9997603  0.99962544 0.9998246  0.9997842 ]
[0.99619883 0.9998561  0.99984837 0.99987626 0.9996785  0.999889
 0.99983084 0.9998704  0.99961    0.9998548  0.9997942 ]
[0.9983436  0.999861   0.99976987 0.99984276 0.99984443 0.9998399
 0.9997818  0.99984455 0.99959725 0.99975246 0.9998809 ]
[0.99606353 0.9999163  0.9998946  0.99982953 0.999736   0.9998293
 0.9998336  0.9998914  0.9997316  0.999846   0.9998411 ]
[0.9535877  0.9998902  0.99990237 0.9998536  0.99975497 0.99978226
 0.99976414 0.9998087  0.99960023 0.9998342  0.99978405]
[0.99576783 0.9999229  0.99990296 0.99989426 0.9998338  0.9998628
 0.99989307 0.99987066 0.9997968  0.9998235  0.9998517 ]
[0.99891233 0.99988985 0.9998777  0.9998795  0.99975747 0.99984026
 0.9998684  0.9998171  0.9996112  0.9998559  0.99980885]
[0.99829096 0.9998623  0.9998331  0.9998598  0.99972934 0.99989283
 0.99986887 0.99986386 0.9996729  0.99982363 0.99988186]
[0.99870265 0.99987435 0.99979824 0.99987733 0.99987113 0.99983
 0.999785   0.9998783  0.9996617  0.9998654  0.9998636 ]
[0.9983575  0.9999194  0.999851   0.99989104 0.99972695 0.9998641
 0.9998367  0.99982077 0.99972194 0.99984145 0.9998186 ]
[0.9994253  0.9998559  0.9999007  0.9998778  0.9998336  0.99983656
 0.99984443 0.999749   0.9998124  0.99983275 0.99980026]
[0.99842453 0.9998796  0.9998846  0.99986446 0.99970776 0.99983144
 0.99979347 0.9998498  0.99957544 0.99982065 0.9998684 ]
[0.9988801  0.99987066 0.9998679  0.9999132  0.999757   0.99989796
 0.9998486  0.99988055 0.9997044  0.9998031  0.9998827 ]
[0.99938154 0.9998349  0.99980766 0.9998889  0.999818   0.999853
 0.9998684  0.9997857  0.99964464 0.99984884 0.99985754]
[0.9940599  0.9999125  0.99982053 0.99978215 0.9997527  0.9998312
 0.9998104  0.9997609  0.99982566 0.9998443  0.99986124]
[0.9983936  0.9999387  0.99984765 0.99988174 0.99973875 0.9998337
 0.9997719  0.99976164 0.9995834  0.99975735 0.99980026]
[0.99732804 0.99990416 0.99980634 0.99989367 0.99976    0.999793
 0.9997758  0.99987924 0.9997776  0.99981326 0.9998286 ]
[0.99936765 0.99985886 0.9998869  0.9998785  0.99980336 0.9998398
 0.9998653  0.9997744  0.99975294 0.99979085 0.9998617 ]
[0.9987896  0.99991643 0.99984586 0.9999106  0.999757   0.9998945
 0.999876   0.9998764  0.99976593 0.9997491  0.99982065]
[0.999042   0.9998658  0.99988127 0.9999068  0.9997384  0.9998555
 0.9998258  0.99978644 0.99960774 0.9998741  0.999778  ]
[0.9926152  0.9999157  0.99983823 0.9998745  0.99974614 0.99987686
 0.99983656 0.9998405  0.99962986 0.9998109  0.9997496 ]
[0.997062   0.999928   0.9998585  0.99990606 0.9998266  0.9998103
 0.99983394 0.99985456 0.9996449  0.9998031  0.9997818 ]
[0.9979753  0.9998585  0.9998462  0.9998822  0.99974126 0.99986005
 0.9998368  0.99981314 0.99965394 0.9998319  0.99980444]
[0.9989876  0.99982965 0.99984    0.999785   0.9996872  0.99984086
 0.99980146 0.9998654  0.99977356 0.99985147 0.99982786]
[0.99975055 0.9997869  0.99988985 0.99983144 0.9998282  0.99979717
 0.9998274  0.9997923  0.99963653 0.9998715  0.9998559 ]
[0.957645   0.9999461  0.9998254  0.9998406  0.999665   0.9998573
 0.99985516 0.9998348  0.99962056 0.9998491  0.9998348 ]
[0.9986204  0.9998424  0.9998747  0.99981827 0.9997942  0.99986815
 0.9997751  0.9998627  0.9997814  0.99981326 0.9998122 ]
[0.98853743 0.99991894 0.99988437 0.999899   0.99979585 0.9997732
 0.9997594  0.9998124  0.9996866  0.99987006 0.9998529 ]
[0.99512047 0.9999223  0.9998982  0.99988925 0.99970406 0.9998447
 0.9998683  0.99980587 0.99966455 0.99979335 0.9998011 ]
[0.9992188  0.9998684  0.99981564 0.9998312  0.99988484 0.9997969
 0.9997638  0.99984646 0.9997062  0.99987674 0.9998543 ]
[0.9638542  0.99992275 0.99982613 0.9998698  0.99974376 0.99985075
 0.9997968  0.9997607  0.9991184  0.9997842  0.9998803 ]
[0.9838585  0.99992    0.9998165  0.9998467  0.9997825  0.9998356
 0.9997991  0.9998771  0.99966824 0.99983335 0.9998709 ]
[0.9978108  0.99983954 0.9998148  0.9998443  0.99978226 0.9998293
 0.99984694 0.99987936 0.99968624 0.99979836 0.99982893]
[0.99410325 0.99992275 0.99989295 0.9998934  0.99977154 0.9998883
 0.99988616 0.99982363 0.99957126 0.999806   0.9998603 ]
[0.9907828  0.9999     0.99989164 0.99990404 0.9998061  0.9998807
 0.9998845  0.9997534  0.9997098  0.99977    0.9998099 ]
[0.996429   0.99987555 0.9998153  0.999899   0.99977547 0.9997738
 0.99980515 0.99986887 0.9997644  0.9997867  0.99982435]
[0.99910957 0.9999198  0.9998492  0.999821   0.99974865 0.9998671
 0.9998604  0.9998286  0.99973506 0.99984825 0.9998944 ]
[0.99661285 0.99990773 0.99988735 0.9999032  0.99969196 0.9998456
 0.99975663 0.9997949  0.99972886 0.9997923  0.99982953]
[0.99790776 0.9999137  0.9998975  0.9999032  0.99981767 0.9998202
 0.99979955 0.9998228  0.99977773 0.9998791  0.9998889 ]
[0.99957854 0.9998406  0.999897   0.99982363 0.99978155 0.9998733
 0.9997861  0.9997929  0.99970514 0.9998342  0.99984515]
[0.9990557  0.999892   0.99984074 0.99985385 0.9997632  0.999874
 0.99981076 0.9997671  0.99963    0.99985087 0.9998    ]
[0.9963595  0.9999181  0.99990475 0.9998136  0.9997017  0.99989927
 0.999821   0.9998292  0.99934036 0.99982494 0.99981254]
[0.99801147 0.9998797  0.9998733  0.9998883  0.9998379  0.99984884
 0.99985886 0.999877   0.99978703 0.99987674 0.9998332 ]
[0.99656314 0.99992025 0.99986005 0.99989617 0.99970526 0.99987006
 0.99980694 0.99978274 0.9997439  0.9997483  0.9998204 ]
[0.9976941  0.9999168  0.9998505  0.9998467  0.99981743 0.9998418
 0.9998698  0.99985516 0.9996132  0.99985695 0.9998223 ]
[0.9996867  0.9998585  0.9998386  0.9999062  0.99981743 0.9998374
 0.9998722  0.99982774 0.99949515 0.99986076 0.9997992 ]
[0.99909747 0.9998543  0.9998541  0.9998838  0.99980205 0.99981016
 0.9997664  0.99984217 0.9996532  0.9997708  0.9998349 ]
[0.9867285  0.99991393 0.9999037  0.9998536  0.99970955 0.9998086
 0.99976045 0.9998627  0.99958736 0.99984443 0.9997789 ]
[0.99893373 0.9998597  0.9999087  0.99979895 0.99975556 0.9998872
 0.9998499  0.9998301  0.9997249  0.9997576  0.9998642 ]
[0.9987828  0.99988556 0.99979573 0.99989665 0.99984956 0.999782
 0.99987566 0.9997725  0.99970657 0.9998012  0.9998704 ]
[0.99905163 0.9998776  0.99987483 0.99979347 0.99942434 0.9998863
 0.9998834  0.99974257 0.9997656  0.99972886 0.9997607 ]
[0.9978265  0.99987507 0.99989235 0.9998559  0.9997917  0.9998752
 0.9997508  0.99982005 0.9996358  0.9998474  0.99983895]
[0.99898654 0.99989855 0.9998596  0.9998821  0.9997409  0.9998356
 0.99984574 0.99977    0.99980074 0.99978954 0.99983585]
[0.99451077 0.9999143  0.9998179  0.999882   0.99983954 0.99978596
 0.99987257 0.9998586  0.9997495  0.9998067  0.99980944]
[0.9949715  0.9999074  0.99988127 0.9999039  0.9997428  0.9998547
 0.9998723  0.99986136 0.9995565  0.9997851  0.9998266 ]
[0.9986651  0.9998903  0.9998658  0.9998648  0.999835   0.9998723
 0.9998196  0.9997514  0.99968636 0.9998449  0.9997781 ]
[0.9887454  0.9999163  0.99990475 0.9998641  0.9997739  0.99979275
 0.9998258  0.99988043 0.9996915  0.99980646 0.9998363 ]
[0.99731547 0.9998721  0.99986255 0.9998692  0.99981815 0.9997625
 0.99981445 0.9997719  0.99968433 0.99981433 0.99984574]
[0.9968746  0.99990845 0.9998357  0.99989843 0.9997067  0.9998431
 0.99982375 0.9997719  0.99957615 0.99982196 0.999869  ]
[0.99657094 0.99985814 0.9998672  0.9997991  0.99982435 0.9998035
 0.99988544 0.9997323  0.9996049  0.99987555 0.9998821 ]
[0.9943721  0.9998894  0.9998703  0.9999     0.99976426 0.99977964
 0.99982625 0.9998186  0.9996412  0.9998679  0.9997578 ]
[0.9994209  0.9998399  0.9998498  0.999884   0.9997044  0.99988353
 0.9998654  0.99986625 0.9996817  0.99980193 0.99985707]
