Mprobs for dataset sim1_corr (0.4) (IAF layers = 2):

[0.99986124 0.9998412  0.99990773 0.9997887  0.99978834 0.9998629
 0.9998356  0.99972194 0.9998405  0.99989116]
[0.99986327 0.9998852  0.9998578  0.99979967 0.9998797  0.99985814
 0.9998412  0.99970573 0.99986255 0.9998827 ]
[0.99982494 0.9998123  0.99981683 0.9997371  0.99981695 0.9997993
 0.99983275 0.9997974  0.9998394  0.9998765 ]
[0.9998534  0.9998043  0.999826   0.9998573  0.9998318  0.9998547
 0.99984205 0.9996693  0.99976    0.99975723]
[0.9998652  0.9998098  0.99988735 0.99981135 0.9998098  0.99989426
 0.99984646 0.9997435  0.99981576 0.99988115]
[0.9998379  0.99988747 0.9999095  0.9997315  0.9998784  0.9998228
 0.9998223  0.999706   0.9997391  0.9998803 ]
[0.9998596  0.999818   0.99985397 0.99975985 0.9997849  0.99984
 0.99986625 0.9996456  0.99986017 0.99987054]
[0.9998273  0.99990034 0.99985194 0.999848   0.9998215  0.9998696
 0.99978393 0.999785   0.99982303 0.99985456]
[0.99985373 0.99982303 0.9999002  0.999713   0.9998192  0.9998342
 0.9998698  0.9995783  0.99985516 0.99975544]
[0.9999019  0.9999058  0.99981695 0.99975747 0.99981683 0.9998615
 0.9997806  0.9994815  0.99975103 0.9998197 ]
[0.99988484 0.9998909  0.9998191  0.9998005  0.99977607 0.9998604
 0.99985135 0.999703   0.9998455  0.99983037]
[0.99989474 0.9998714  0.99987864 0.9998209  0.9998198  0.99989045
 0.9997943  0.99969757 0.99981636 0.9998735 ]
[0.99986506 0.9997923  0.9998441  0.9997768  0.9998098  0.99983096
 0.999833   0.99979717 0.99971396 0.99980146]
[0.99987745 0.9998512  0.99981695 0.99964464 0.99988246 0.9998185
 0.99978477 0.9996785  0.9997992  0.9998161 ]
[0.99988127 0.9997725  0.9998461  0.9997923  0.99986815 0.999863
 0.9997893  0.99958175 0.9997507  0.99979204]
[0.9998468  0.99987435 0.99990535 0.9997652  0.99986815 0.9998828
 0.9998282  0.9995474  0.99979335 0.9998832 ]
[0.9998697  0.99989533 0.999858   0.9997595  0.9998565  0.99984145
 0.9998815  0.99976975 0.9998047  0.99978167]
[0.9998173  0.99987507 0.99989486 0.99981874 0.9998078  0.9998061
 0.99986243 0.99955636 0.99978286 0.9998758 ]
[0.9998832  0.9998983  0.99990404 0.9998054  0.99979585 0.999826
 0.9997465  0.99974746 0.99983513 0.9998598 ]
[0.9998745  0.99988484 0.9998431  0.9997795  0.9998311  0.99985564
 0.99982786 0.9994393  0.999764   0.99975234]
[0.99990106 0.9998789  0.9998311  0.9996923  0.9998698  0.99977475
 0.9998203  0.9996743  0.9997693  0.99989223]
[0.9998871  0.9999113  0.99979657 0.99982315 0.99988604 0.9998111
 0.99974316 0.99972373 0.9998412  0.99988794]
[0.99988735 0.9999125  0.9998834  0.9997023  0.9998678  0.9998105
 0.9998264  0.9996393  0.9997415  0.9998622 ]
[0.9998839  0.9998543  0.99990106 0.9998228  0.9997743  0.9997708
 0.9998061  0.99966836 0.9997559  0.99978334]
[0.99987197 0.99988556 0.9998822  0.9996811  0.9998807  0.99976975
 0.99988914 0.99947757 0.99972445 0.9998323 ]
[0.9998487  0.99988604 0.9998814  0.9998085  0.99987864 0.9998104
 0.9998739  0.99954295 0.99986815 0.9998771 ]
[0.99985504 0.99986863 0.99989843 0.99979466 0.99986255 0.99980444
 0.99978036 0.9998313  0.9997907  0.9998084 ]
[0.99984956 0.99989164 0.9998437  0.9996245  0.99982005 0.9997509
 0.9998629  0.9997491  0.99980134 0.9998479 ]
[0.9999107  0.9998591  0.9998159  0.9997093  0.9997925  0.9997906
 0.9998604  0.9995308  0.9998671  0.99980265]
[0.99984217 0.99988425 0.99981755 0.99983823 0.99983764 0.9997689
 0.99974614 0.99970263 0.9998135  0.9998246 ]
[0.9998876  0.9998405  0.9998517  0.99973804 0.9998634  0.99989176
 0.9997756  0.9996018  0.99973685 0.9998073 ]
[0.99985445 0.99989295 0.9998907  0.9997601  0.9998092  0.9997794
 0.9998579  0.9995615  0.9997167  0.99984074]
[0.9998148  0.999813   0.9998641  0.9998216  0.9998233  0.9998516
 0.9997979  0.99972254 0.99986863 0.99979573]
[0.99985075 0.9998956  0.99987626 0.99980146 0.99978334 0.99981457
 0.9998783  0.9997074  0.9997583  0.9997619 ]
[0.9999058  0.99985707 0.9999052  0.9998253  0.9998963  0.9998172
 0.99987817 0.9996252  0.999783   0.9998441 ]
[0.99985754 0.99985385 0.9998919  0.9998443  0.99989057 0.9998123
 0.9997837  0.9997354  0.99982697 0.9998142 ]
[0.99988914 0.9998074  0.9998797  0.99980646 0.9998691  0.999866
 0.999859   0.9995198  0.99980766 0.99986076]
[0.99988484 0.9998753  0.9998154  0.99975604 0.9998956  0.9998085
 0.99978906 0.9996948  0.99985576 0.9998227 ]
[0.9998567  0.99990094 0.9998816  0.9998203  0.9998909  0.99979764
 0.999778   0.99973696 0.9998018  0.9998381 ]
[0.99983764 0.9998228  0.99980813 0.99981433 0.99989736 0.99986446
 0.99984074 0.9996691  0.99984574 0.9998098 ]
[0.9998845  0.99986637 0.99982446 0.99973315 0.9998869  0.99988794
 0.9997516  0.99972457 0.9997187  0.99975723]
[0.9998907  0.99988425 0.999853   0.99974936 0.9998661  0.9998666
 0.99982303 0.99977237 0.99982905 0.99985075]
[0.9999074  0.9998517  0.9998995  0.999833   0.9998529  0.9997949
 0.9998598  0.9997384  0.99983776 0.9997818 ]
[0.99991095 0.9998223  0.99989414 0.99966407 0.9997737  0.99984074
 0.9998746  0.9997738  0.9997793  0.99980813]
[0.9998857  0.9998807  0.99987423 0.999856   0.9998354  0.99984574
 0.9998118  0.99968386 0.9998105  0.99976176]
[0.99982554 0.9998815  0.99984264 0.9997824  0.9998827  0.9998548
 0.9998535  0.9993845  0.9998024  0.9997844 ]
[0.9999056  0.99984205 0.9998629  0.99970216 0.99981326 0.9997644
 0.99981314 0.9997857  0.9998173  0.9998149 ]
[0.9998697  0.9998647  0.99982953 0.9998493  0.9998192  0.9997651
 0.9997944  0.99965584 0.9997038  0.99982256]
[0.99984884 0.9998493  0.9998118  0.999788   0.99988604 0.99984837
 0.9997433  0.99960035 0.99985266 0.9997825 ]
[0.9998635  0.9998349  0.9999093  0.99973315 0.9998258  0.9998266
 0.99984264 0.99937075 0.9998411  0.99976724]
[0.9998933  0.99983287 0.9998443  0.99962854 0.9997627  0.999796
 0.9997501  0.99967706 0.9998049  0.9998036 ]
[0.9998673  0.99987304 0.99978966 0.9996717  0.9997812  0.9997819
 0.9998248  0.99978834 0.999845   0.99986327]
[0.99990547 0.9998373  0.99988496 0.9998472  0.99988985 0.9998336
 0.9998716  0.9997011  0.99973863 0.99989414]
[0.9998068  0.99989605 0.99989855 0.99983466 0.99978405 0.9998573
 0.99978954 0.9996215  0.9998357  0.99979323]
[0.9998634  0.9998171  0.9998876  0.9997793  0.999796   0.99985754
 0.99978703 0.9996195  0.99978596 0.99984443]
[0.99984443 0.99990773 0.9998933  0.9998691  0.999889   0.99988115
 0.99978167 0.999783   0.9997491  0.9998242 ]
[0.99989414 0.9998996  0.9998171  0.99977833 0.99979025 0.9997675
 0.9998617  0.9997757  0.999713   0.99988794]
[0.99981564 0.99985015 0.99980813 0.9997172  0.9999026  0.99989414
 0.9997718  0.99975544 0.9997533  0.99977523]
[0.99989605 0.99985933 0.9998221  0.9998173  0.9998895  0.9998617
 0.9997422  0.999619   0.9998504  0.99988186]
[0.9998049  0.99990845 0.9998424  0.99976057 0.9998412  0.9997601
 0.9998753  0.9996427  0.9998202  0.99977535]
[0.9998982  0.9998758  0.9998926  0.9997563  0.99988866 0.99981266
 0.99986696 0.99971026 0.9997788  0.9997892 ]
[0.9998877  0.99982846 0.99985635 0.9996861  0.9998894  0.9998785
 0.99976367 0.999718   0.99976605 0.9997782 ]
[0.99979514 0.9998536  0.99986327 0.999762   0.9998336  0.99984455
 0.99988616 0.99977916 0.99975187 0.9998925 ]
[0.99987674 0.99982494 0.99979764 0.9997887  0.9998424  0.99986374
 0.99985063 0.99970055 0.9997677  0.99986875]
[0.99990785 0.99982196 0.9998801  0.9997466  0.9997975  0.99980706
 0.99981576 0.9998338  0.9997609  0.9998739 ]
[0.99988925 0.9998355  0.99983513 0.9997477  0.9998785  0.99984574
 0.99987376 0.9996445  0.9998385  0.99985623]
[0.9998579  0.99986315 0.99987996 0.9997491  0.99975485 0.9998691
 0.9998385  0.9997185  0.99976045 0.99975973]
[0.9998035  0.9998952  0.9997943  0.99986076 0.9998797  0.999843
 0.9998394  0.9995726  0.9998821  0.9998938 ]
[0.99987566 0.9998983  0.99988186 0.9996853  0.9998487  0.9998037
 0.99984896 0.99964976 0.9998274  0.9997508 ]
[0.9998661  0.999846   0.9998104  0.9997322  0.9998847  0.9997955
 0.99987686 0.99958485 0.99981886 0.9997768 ]
[0.9998785  0.99988997 0.9998092  0.99979156 0.99987805 0.99977237
 0.9997936  0.99948764 0.9997814  0.9998777 ]
[0.9998592  0.99986553 0.9998832  0.9997234  0.9998134  0.9998591
 0.9998179  0.999616   0.9997727  0.999806  ]
[0.9998087  0.99978    0.9999014  0.9997079  0.99989784 0.9997873
 0.9998178  0.99960726 0.9998429  0.99984694]
[0.9998945  0.9999039  0.99989367 0.9998708  0.9998319  0.99983346
 0.9998078  0.9995727  0.9997583  0.99979895]
[0.99990773 0.99985147 0.9998273  0.9997813  0.9997614  0.99981314
 0.9997888  0.9996939  0.9997706  0.9998808 ]
[0.9998523  0.9998198  0.9998864  0.9997253  0.99981815 0.99982005
 0.9998642  0.9995797  0.9998702  0.9997775 ]
[0.99985015 0.99985266 0.999871   0.99976724 0.99989045 0.99987113
 0.9998696  0.99961    0.99972695 0.9997583 ]
[0.9998789  0.99981135 0.99981695 0.99981326 0.9998673  0.9998492
 0.9998344  0.9997085  0.9997311  0.99986947]
[0.9998357  0.99990284 0.9999052  0.9997836  0.9998809  0.9997918
 0.99981326 0.99959594 0.9998286  0.9998734 ]
[0.9998926  0.9998845  0.9998361  0.99968433 0.99979943 0.99986696
 0.9998385  0.99970585 0.9997398  0.9998173 ]
[0.99986017 0.9998363  0.99991095 0.9997217  0.9997781  0.999859
 0.9997625  0.99963987 0.9997744  0.9998605 ]
[0.9998529  0.99987173 0.99977785 0.9997086  0.99975055 0.99979204
 0.99986804 0.9997038  0.99982613 0.99976104]
[0.9998184  0.99986386 0.99988794 0.99973994 0.9998865  0.9998056
 0.9998685  0.99967194 0.9997472  0.99987185]
[0.99987566 0.9998161  0.99986696 0.99974054 0.9998425  0.9998211
 0.99987185 0.9996505  0.99981743 0.99985456]
[0.9998883  0.9999083  0.9998758  0.9997321  0.9998654  0.9998734
 0.99987996 0.99962974 0.9996904  0.9997701 ]
[0.9998599  0.9998784  0.9998354  0.99982846 0.99981326 0.99977475
 0.9998066  0.99964404 0.999752   0.9998357 ]
[0.99985695 0.9998487  0.99982363 0.9998419  0.9997658  0.9998516
 0.9998678  0.99973387 0.9998659  0.9998197 ]
[0.99981004 0.9998896  0.9997868  0.99981743 0.9998542  0.999843
 0.9998754  0.9997584  0.99981314 0.999826  ]
[0.99981517 0.9998368  0.9997888  0.99978215 0.9998754  0.99983025
 0.9998627  0.9997507  0.9998247  0.9998406 ]
[0.9997924  0.99986744 0.99987805 0.9998247  0.9998869  0.9998684
 0.999824   0.9995963  0.99986434 0.99984384]
[0.99987423 0.9998388  0.99987745 0.999793   0.9998252  0.99979407
 0.9998455  0.9998103  0.99984634 0.9998159 ]
[0.99985933 0.99983287 0.99984074 0.9996922  0.99982375 0.9998658
 0.99981886 0.9996271  0.99985754 0.99988544]
[0.999907   0.99990666 0.9998932  0.99967945 0.99987185 0.9998908
 0.9997578  0.9995858  0.99979585 0.9998735 ]
[0.99980813 0.9998679  0.99987817 0.99977785 0.9998784  0.999856
 0.9998272  0.9997907  0.9997781  0.9998779 ]
[0.9998567  0.99984527 0.99982685 0.9998479  0.99978274 0.99986804
 0.9997739  0.9997017  0.9998554  0.99986196]
[0.99990845 0.99984753 0.9998977  0.99978    0.99976987 0.99983716
 0.999869   0.9997075  0.99981207 0.999814  ]
[0.9998549  0.99987984 0.999856   0.99972385 0.99984276 0.9997727
 0.9998497  0.9995827  0.9998037  0.99984384]
[0.99985385 0.9998765  0.9999074  0.99980146 0.99979585 0.99978715
 0.9997607  0.99961615 0.9997986  0.9997464 ]
[0.9998965  0.99990594 0.9998765  0.99976116 0.99987483 0.9998591
 0.9998802  0.99970907 0.99979705 0.99975544]
[0.9998667  0.9998884  0.9998248  0.99977714 0.99983644 0.99984777
 0.9998141  0.9995834  0.9998678  0.9998901 ]
