Mprobs for dataset sim1_corr (0.6) (IAF layers = 2):

[0.9999062  0.9998568  0.99977094 0.99984396 0.99979585 0.99977976
 0.99980134 0.9997254  0.9997613  0.99983597]
[0.33981225 0.99981767 0.99986625 0.99987423 0.9997422  0.9997787
 0.9998186  0.9998436  0.9996259  0.9997992  0.99987817]
[0.99986804 0.9998969  0.9998876  0.9996774  0.99981576 0.99985385
 0.9997831  0.9995005  0.9997634  0.9998802 ]
[0.99989283 0.9998443  0.9998047  0.99983716 0.9998165  0.99977857
 0.9997706  0.999642   0.99970055 0.99987566]
[0.9998822  0.9999008  0.9998155  0.99966526 0.9998779  0.9998099
 0.9998815  0.99977773 0.9997981  0.9997793 ]
[0.9998816  0.9999094  0.99985456 0.9997185  0.99982375 0.99986684
 0.9998424  0.999652   0.99986565 0.9998859 ]
[0.99986744 0.99986684 0.99989545 0.99970156 0.99988186 0.99983764
 0.9998722  0.99974746 0.9997899  0.9997919 ]
[0.99990225 0.9998087  0.9998814  0.99978    0.99985504 0.9998115
 0.99987376 0.99967253 0.99987483 0.9997521 ]
[0.9998789  0.99980587 0.9998523  0.9998348  0.9997454  0.9998807
 0.9998294  0.999762   0.99983454 0.9998808 ]
[0.9998772  0.99984014 0.9998048  0.9996654  0.9997851  0.9998846
 0.999762   0.99948657 0.99978024 0.99979466]
[0.9998952  0.99986887 0.99990726 0.9997546  0.9998795  0.99987996
 0.9998529  0.99964213 0.9998702  0.99989533]
[0.9998884  0.9998908  0.99984896 0.9997085  0.9998964  0.99983764
 0.9998473  0.9996773  0.99973625 0.9997571 ]
[0.99991214 0.99988234 0.9998123  0.99976665 0.99984956 0.99988806
 0.9998029  0.99940145 0.9998603  0.99988544]
[0.99983644 0.9998734  0.9998791  0.9998443  0.9998785  0.99985087
 0.9998629  0.99962485 0.9998827  0.9998124 ]
[0.99991405 0.99982697 0.99979204 0.9997336  0.99986017 0.9997774
 0.9998497  0.99965763 0.9998623  0.9998846 ]
[0.9999081  0.9998728  0.99989986 0.99978644 0.99989283 0.9998703
 0.99987495 0.9996648  0.99985087 0.99984956]
[0.9998934  0.99986315 0.9998104  0.999666   0.9997689  0.9998739
 0.99981076 0.9998091  0.9998134  0.99983513]
[0.9998895  0.99980825 0.99988306 0.99970216 0.9998105  0.9997702
 0.9998807  0.99966776 0.99982685 0.99984026]
[0.9998468  0.999838   0.99987495 0.9997924  0.9998419  0.9998497
 0.9998745  0.9997068  0.9997919  0.99978393]
[0.99987626 0.9998983  0.99990344 0.99967813 0.9998791  0.9998116
 0.99975556 0.9996018  0.9998362  0.9998418 ]
[0.6919154  0.9998273  0.99981576 0.99986565 0.9998215  0.9998759
 0.99988234 0.9998259  0.99963295 0.9997451  0.999843  ]
[0.9999149  0.9997842  0.9997998  0.99976295 0.9997563  0.9998204
 0.9997768  0.9994974  0.99986446 0.99988425]
[0.9998944  0.9998068  0.99989164 0.99984074 0.9998275  0.99984384
 0.99976045 0.9997218  0.99982387 0.99984384]
[0.99982613 0.99991107 0.99980646 0.9997223  0.9998957  0.9998957
 0.99983585 0.999754   0.99977225 0.9997993 ]
[0.99988115 0.9998698  0.99981076 0.9997998  0.9997546  0.99984825
 0.99984133 0.99960285 0.9998523  0.9998611 ]
[0.999915   0.99987316 0.9998703  0.9996866  0.9998938  0.9998807
 0.9997689  0.999683   0.9998266  0.9997621 ]
[0.9998566  0.99988306 0.9998209  0.9997464  0.99980885 0.9997633
 0.9998547  0.9997894  0.9998078  0.9998673 ]
[0.99989176 0.9998938  0.99988604 0.999645   0.999881   0.99983037
 0.99974304 0.9997445  0.99980086 0.99981016]
[0.9998436  0.9998312  0.9998054  0.999754   0.9998247  0.99983716
 0.99982136 0.9996239  0.9998765  0.99988735]
[0.9999002  0.9998671  0.9998116  0.999721   0.999876   0.9998573
 0.9997503  0.9997366  0.99982965 0.99988425]
[0.99987555 0.9998567  0.99978346 0.9997888  0.9998061  0.99982554
 0.9997639  0.99962497 0.9998448  0.99980444]
[0.9998247  0.9998791  0.9998759  0.9997999  0.9998561  0.9998815
 0.9998791  0.9996099  0.99979216 0.9997774 ]
[0.99988854 0.9998435  0.9999044  0.9998561  0.99987626 0.99979585
 0.9997726  0.9996339  0.99985504 0.9998392 ]
[0.99991107 0.99983275 0.9998827  0.99973375 0.99989235 0.9998499
 0.99978477 0.9997569  0.99987245 0.99975735]
[0.9998609  0.99989545 0.99982905 0.99964917 0.999841   0.99981457
 0.9998802  0.99977857 0.999742   0.9998908 ]
[0.99986565 0.99979466 0.99989617 0.9997011  0.99985313 0.9998852
 0.999859   0.9995503  0.9997801  0.9998116 ]
[0.99986184 0.99990535 0.9998472  0.9997261  0.9998367  0.99976367
 0.99981517 0.9996062  0.9997315  0.9998357 ]
[0.99991906 0.9998062  0.9998946  0.999713   0.9998878  0.99989474
 0.9998797  0.9995448  0.99980575 0.9998568 ]
[0.999866   0.9997856  0.99989843 0.9997323  0.9998591  0.9997899
 0.99984753 0.9997404  0.99982786 0.9998197 ]
[0.9998721  0.99987304 0.9998178  0.9997981  0.9998858  0.99981505
 0.9998534  0.99975806 0.99972326 0.9998098 ]
[0.9999081  0.99984944 0.99988353 0.9997247  0.9997732  0.99988806
 0.99985456 0.999642   0.9998154  0.99983835]
[0.99984074 0.99979216 0.99978215 0.9998055  0.9998822  0.9998672
 0.9998721  0.9995629  0.99975556 0.99976724]
[0.9998975  0.9998136  0.999828   0.9996687  0.9998424  0.99983513
 0.99988055 0.9995622  0.9997583  0.9997565 ]
[0.9998777  0.9998016  0.9997981  0.9998299  0.99983215 0.9998518
 0.9998343  0.99969184 0.99982244 0.9998165 ]
[0.99988294 0.9998616  0.99988925 0.9997898  0.9998036  0.9998185
 0.99983644 0.999783   0.9998165  0.9998871 ]
[0.9998592  0.9997832  0.99981004 0.99977773 0.9998944  0.9998888
 0.99983454 0.99967945 0.99984217 0.9998661 ]
[0.99989665 0.99986553 0.99989617 0.99983656 0.9998727  0.9998367
 0.9997621  0.9997067  0.999828   0.9998753 ]
[0.9998211  0.99991286 0.9998801  0.999678   0.99977833 0.99984586
 0.99989367 0.9996026  0.999777   0.99987423]
[0.99988174 0.99985516 0.9998956  0.99982965 0.99988914 0.9998337
 0.9997516  0.9996923  0.99986434 0.9997514 ]
[0.9998292  0.9998535  0.99986434 0.9997309  0.99982136 0.9998716
 0.99984753 0.9997676  0.9997446  0.99987245]
[0.99991107 0.9997943  0.99987686 0.9998454  0.9997948  0.9997812
 0.9997812  0.99965906 0.99986136 0.99976677]
[0.99989164 0.9998635  0.9998691  0.9997259  0.99986863 0.99986315
 0.99977833 0.9994679  0.99984753 0.9998838 ]
[0.9998367  0.9998499  0.99983096 0.9997863  0.99986935 0.99979144
 0.9998605  0.999796   0.9998023  0.9998802 ]
[0.9998889  0.9998982  0.999897   0.9998161  0.99980325 0.9998927
 0.9997954  0.9996456  0.999864   0.99984384]
[0.86945194 0.9998511  0.9999026  0.9998456  0.99968994 0.9998816
 0.9998272  0.99979347 0.9997514  0.99986434 0.99982893]
[0.99982065 0.9998604  0.999819   0.99973196 0.99985003 0.9998406
 0.9998418  0.99963844 0.99987566 0.99988294]
[0.9998549  0.9998362  0.9998752  0.99974185 0.9998323  0.9998926
 0.99983263 0.9998149  0.99986184 0.9998518 ]
[0.9998623  0.9998454  0.9998259  0.99977225 0.9998839  0.9998721
 0.9997998  0.99965763 0.9998721  0.99984586]
[0.9998677  0.9998895  0.9998479  0.9998179  0.99983835 0.9997756
 0.9997658  0.9995671  0.9998441  0.9998394 ]
[0.99991655 0.99989974 0.9998293  0.9997663  0.999882   0.99979407
 0.99974245 0.99960154 0.999775   0.9997867 ]
[0.999902   0.9998485  0.9998024  0.999824   0.9997993  0.9998436
 0.9998729  0.9997683  0.99973005 0.999859  ]
[0.9999105  0.99989617 0.9998667  0.9997298  0.9998242  0.9998661
 0.9998479  0.99959    0.99985445 0.9997514 ]
[0.9998952  0.99980575 0.9998746  0.99977463 0.99988997 0.9998172
 0.9998534  0.99953234 0.9997546  0.9998084 ]
[0.9999087  0.9999033  0.9998871  0.9998203  0.9998882  0.9997893
 0.9998098  0.99959916 0.9997465  0.9998802 ]
[0.9999238  0.9998766  0.9999087  0.99976414 0.999866   0.9997974
 0.99987006 0.9997553  0.9997987  0.99986887]
[0.9998678  0.9998282  0.9998312  0.99971956 0.9998287  0.99976355
 0.99974245 0.99956876 0.99987745 0.99980074]
[0.9998599  0.99982387 0.99988914 0.9997675  0.9998727  0.99988997
 0.99987745 0.9996587  0.9997974  0.99985933]
[0.9998485  0.99988127 0.99980277 0.99977297 0.99985325 0.99982774
 0.9998233  0.9997646  0.9998636  0.99978703]
[0.9998958  0.9997763  0.9998661  0.999828   0.9997985  0.99983525
 0.9998561  0.9994777  0.9997967  0.9998461 ]
[0.9998301  0.9999013  0.99986887 0.99978346 0.9998436  0.9997702
 0.9997693  0.99961215 0.99981934 0.99980944]
[0.9998566  0.9998385  0.99989986 0.99981934 0.9998449  0.99982697
 0.999864   0.99939644 0.99985576 0.9997454 ]
[0.999826   0.9998062  0.9998698  0.9998524  0.9997805  0.99979
 0.99984205 0.9997671  0.9997923  0.9998337 ]
[0.9998884  0.9998797  0.9998305  0.99984956 0.99985087 0.99976426
 0.99983037 0.99963176 0.9998053  0.99983   ]
[0.9999056  0.9998542  0.9998085  0.99975365 0.9998646  0.99988306
 0.9998628  0.9996989  0.9998056  0.999889  ]
[0.99986506 0.9998982  0.99981695 0.99969316 0.9998827  0.99986994
 0.99987817 0.9997985  0.9997335  0.9998914 ]
[0.99982834 0.9998393  0.9998004  0.99968815 0.99984515 0.9998222
 0.99977046 0.99967873 0.9998115  0.999882  ]
[0.99985206 0.99990714 0.99983454 0.99962354 0.99982774 0.99986887
 0.99980146 0.99943715 0.9998493  0.99984145]
[0.9998896  0.9998324  0.9998838  0.9997434  0.999843   0.99975127
 0.99981195 0.9996501  0.999874   0.99980277]
[0.99985266 0.9998522  0.9998877  0.9997937  0.99979407 0.9997732
 0.999877   0.99974877 0.9997284  0.99976164]
[0.5097598  0.99986243 0.99989533 0.9999008  0.99965274 0.99983466
 0.99978036 0.999843   0.99967515 0.9998474  0.9998869 ]
[0.9999254  0.9998098  0.9999093  0.99983525 0.99988234 0.9998343
 0.9998734  0.9997502  0.99981004 0.9998604 ]
[0.99987495 0.99988854 0.99990284 0.99981576 0.9998305  0.99987936
 0.999795   0.9997658  0.9998024  0.9997905 ]
[0.64463776 0.99982834 0.9999013  0.9998776  0.9996444  0.9998971
 0.9998803  0.99980265 0.99972683 0.99981195 0.9998752 ]
[0.99989617 0.9998585  0.99987876 0.999863   0.9998171  0.9998223
 0.99981934 0.9997495  0.9998349  0.9998419 ]
[0.9998679  0.99990416 0.9998734  0.99968016 0.9998704  0.99983215
 0.99973613 0.9996131  0.9998217  0.99983156]
[0.99991286 0.9997955  0.999803   0.99975187 0.99978286 0.9998518
 0.99974996 0.99980015 0.99987626 0.9997552 ]
[0.99989116 0.99983525 0.9998784  0.9997452  0.99987817 0.99984574
 0.9998615  0.99968064 0.99987125 0.99978524]
[0.99984694 0.9998348  0.99983585 0.99978405 0.9998896  0.9998882
 0.99984336 0.9996401  0.99983    0.99985754]
[0.99983597 0.9998579  0.9998198  0.9997588  0.9998078  0.99985313
 0.9998679  0.99956435 0.99977535 0.99977785]
[0.99991643 0.99984205 0.9998654  0.99966085 0.9998858  0.99987507
 0.9997383  0.9996468  0.99977285 0.99984396]
[0.99987614 0.9998822  0.9998946  0.99973696 0.99979967 0.9997825
 0.99981564 0.9996952  0.9997409  0.9998778 ]
[0.99982065 0.99979633 0.9998747  0.9996371  0.99980646 0.9997898
 0.9997888  0.99951947 0.9998424  0.99975246]
[0.9998336  0.9998436  0.9997836  0.9997229  0.99979275 0.9998678
 0.99987066 0.99971765 0.99985075 0.9998584 ]
[0.9998945  0.99983585 0.9998324  0.9997137  0.9997625  0.9998294
 0.9998728  0.9995223  0.99986684 0.99987614]
[0.99983    0.9999069  0.99987316 0.99969506 0.99984324 0.9997527
 0.9998728  0.9995616  0.9997669  0.99985445]
[0.9999039  0.9998412  0.9998902  0.99968445 0.9998815  0.9998399
 0.9998747  0.99962807 0.99984896 0.9998441 ]
[0.9139789  0.9998271  0.9998995  0.99985707 0.9997539  0.9997745
 0.9998455  0.99979836 0.9996501  0.9998301  0.99978405]
[0.99983907 0.9998727  0.99989045 0.99984956 0.9997768  0.9998981
 0.99985003 0.9997676  0.99982196 0.9998011 ]
[0.99989545 0.9998933  0.9999062  0.9998054  0.99988616 0.99983895
 0.99987423 0.99955267 0.9997441  0.99978524]
[0.99990976 0.9997892  0.99987733 0.99972814 0.99984324 0.9997652
 0.99988437 0.99954814 0.9998498  0.99988866]
