Mprobs for dataset sim1_corr (0.8) (IAF layers = 5):

[0.98844457 0.9998661  0.9998086  0.9998969  0.9997532  0.999848
 0.9997845  0.99977714 0.9995679  0.9998192  0.9997888 ]
[0.9821645  0.99987066 0.99983346 0.9997987  0.99974746 0.99987257
 0.9998977  0.999724   0.99977356 0.9998534  0.9997968 ]
[0.9906565  0.99987566 0.9998735  0.99981517 0.9996846  0.9998503
 0.9998758  0.99985397 0.9997621  0.99970144 0.9998691 ]
[0.9935976  0.99985063 0.99988806 0.9998006  0.9997918  0.9998504
 0.99976367 0.9998093  0.9996954  0.9998233  0.9997812 ]
[0.9857756  0.99988484 0.9998832  0.9998951  0.9998022  0.9998597
 0.99980956 0.99983644 0.9996501  0.9997907  0.9998833 ]
[0.918671   0.9999223  0.99985886 0.99990046 0.9998317  0.9997757
 0.9997644  0.9998405  0.9997367  0.9997894  0.99983466]
[0.97196025 0.9999236  0.9998667  0.99988234 0.99979264 0.99989474
 0.9998425  0.99981433 0.99976784 0.99972266 0.9998776 ]
[0.9804648  0.9998623  0.99986196 0.9998061  0.99971217 0.9998196
 0.99988055 0.99981123 0.99978226 0.99971956 0.9998752 ]
[0.9868596  0.9999114  0.99990904 0.9998609  0.99969566 0.9997763
 0.9997621  0.9997571  0.9997274  0.99982893 0.9997458 ]
[0.99368817 0.9998554  0.99989927 0.99984574 0.9997075  0.9998983
 0.99975556 0.9997384  0.9997714  0.9997173  0.99986136]
[0.9611893  0.99989057 0.99985445 0.9998406  0.9998142  0.9998504
 0.9998548  0.99984455 0.9997991  0.99987626 0.999879  ]
[0.9410429  0.99992347 0.9998324  0.9998591  0.99981517 0.99988115
 0.999853   0.99982065 0.9996983  0.99978536 0.99983096]
[0.9681106  0.99989235 0.9997876  0.9998332  0.99976784 0.9998883
 0.9998851  0.9998697  0.9995159  0.99974245 0.9998529 ]
[0.97716516 0.999894   0.99981076 0.99983716 0.9996935  0.9997955
 0.99977773 0.99977285 0.99960214 0.9997725  0.99978346]
[0.96755904 0.99988985 0.99990094 0.99980074 0.99966955 0.9998901
 0.99988663 0.99984145 0.99981385 0.99981755 0.99986136]
[0.99512106 0.9998505  0.99987173 0.99990547 0.99978954 0.99979645
 0.99975926 0.99986327 0.99956685 0.9997801  0.99988234]
[0.96880585 0.999931   0.9998404  0.9998312  0.9998367  0.999795
 0.9998223  0.99988294 0.99966466 0.9998553  0.999811  ]
[0.9825151  0.9998522  0.99985504 0.99983776 0.9997557  0.9998105
 0.99985075 0.99973553 0.9998154  0.99975544 0.9997707 ]
[0.96623313 0.9999416  0.99981326 0.99979717 0.9997849  0.9997812
 0.99976915 0.9998443  0.9996295  0.9998634  0.9997682 ]
[0.9500179  0.9998054  0.9998085  0.9997644  0.998743   0.9997285
 0.999635   0.99938476 0.9991247  0.99907947 0.99953556]
[0.98676586 0.99991417 0.9997836  0.9997862  0.9997546  0.99985313
 0.9998708  0.99982977 0.9996685  0.99986255 0.9998387 ]
[0.99076945 0.99984896 0.9998977  0.99989796 0.99981683 0.9998073
 0.9998529  0.9998066  0.9997968  0.9997619  0.9998067 ]
[0.9656542  0.99987984 0.9998671  0.9998778  0.9997003  0.99980015
 0.99984825 0.9997632  0.99969685 0.99980086 0.9998022 ]
[0.8682537  0.9999074  0.9998505  0.9999064  0.9998241  0.99984276
 0.99976784 0.99982977 0.99970955 0.9997998  0.99981517]
[0.9771518  0.9998833  0.9998406  0.9998801  0.9997793  0.9998209
 0.9997969  0.9998765  0.99956197 0.9998136  0.9998764 ]
[0.989947   0.99985564 0.99988294 0.99982506 0.9997671  0.99983966
 0.9998771  0.99982435 0.99966836 0.9998785  0.9997837 ]
[0.90701383 0.99989235 0.99983954 0.9998673  0.9997187  0.9998313
 0.99980956 0.999826   0.99961555 0.9998783  0.99985147]
[0.9501194  0.9999043  0.99983156 0.9998103  0.9997136  0.9997813
 0.9998419  0.99985516 0.9997392  0.9997805  0.99975735]
[0.95101    0.9998766  0.9998789  0.99990106 0.9998548  0.99975485
 0.9998914  0.9997931  0.99966335 0.99977463 0.99974626]
[0.6168041  0.9999255  0.99990225 0.9998578  0.9998264  0.9998307
 0.9998418  0.99985456 0.99974483 0.9998466  0.99977237]
[0.98740447 0.9999032  0.99984217 0.9998196  0.99982125 0.99982786
 0.9997824  0.99977213 0.9997613  0.9998671  0.99977916]
[0.94091827 0.99991786 0.9999051  0.99986005 0.9998573  0.99989295
 0.9998627  0.9998617  0.99980444 0.9998815  0.99987924]
[0.9299916  0.99992085 0.99988604 0.99982053 0.99972075 0.9999031
 0.9997627  0.99984837 0.99981934 0.9997454  0.9998723 ]
[0.81193924 0.9999238  0.9998752  0.9998907  0.999752   0.999838
 0.99987376 0.9998661  0.9997029  0.9997012  0.9998708 ]
[0.99050164 0.99987113 0.99991393 0.9998847  0.99982363 0.99978536
 0.9998561  0.9998254  0.9996247  0.9997491  0.99980575]
[0.9906776  0.99988556 0.9997923  0.9998832  0.9998356  0.99987566
 0.99976534 0.99979645 0.99956995 0.9998363  0.99982196]
[0.9462426  0.99991083 0.9998809  0.999863   0.99974793 0.9998267
 0.9998252  0.9998202  0.9998084  0.9997557  0.9998307 ]
[0.976494   0.9998764  0.99990726 0.9998468  0.9996648  0.99987984
 0.999859   0.9998418  0.9997274  0.9998596  0.9998832 ]
[0.98790914 0.9998795  0.9997968  0.99981374 0.9996673  0.99983203
 0.9998896  0.99984276 0.999577   0.99970955 0.99975353]
[0.9826774  0.9998394  0.9997936  0.9998914  0.9996598  0.9998908
 0.9997745  0.99977714 0.9997464  0.9997768  0.9997862 ]
[0.73953605 0.9999031  0.99980944 0.99978954 0.9997538  0.9998104
 0.9997663  0.9997553  0.99970263 0.99985385 0.99986756]
[0.9962631  0.9998454  0.9998599  0.9997731  0.9997689  0.9998043
 0.99987626 0.99983454 0.99966156 0.9997819  0.9997514 ]
[0.9941856  0.99983954 0.9998455  0.9998791  0.99985003 0.9998275
 0.9997665  0.9998437  0.99969435 0.999853   0.9998418 ]
[0.993679   0.9998778  0.9997949  0.9998789  0.99964774 0.999824
 0.9998627  0.99980515 0.9993649  0.99986327 0.9998104 ]
[0.98055184 0.99993134 0.9998802  0.9998847  0.99976295 0.9997646
 0.9998801  0.99984694 0.9997571  0.99977046 0.99978083]
[0.97726613 0.99986696 0.999824   0.99988544 0.99974686 0.9998883
 0.99980265 0.9997893  0.9997054  0.9997696  0.99977976]
[0.9444885  0.9998894  0.9998971  0.9998863  0.9997527  0.9998895
 0.99977154 0.99978966 0.9996356  0.99984443 0.99981076]
[0.9692936  0.99991333 0.9999087  0.99990463 0.99972147 0.9997652
 0.99982625 0.99976164 0.9996983  0.999724   0.9998559 ]
[0.9839271  0.9998648  0.9998988  0.999838   0.99974793 0.99979216
 0.9997652  0.9998753  0.99961084 0.9998301  0.9997898 ]
[0.9905077  0.99983275 0.9998313  0.99984765 0.99983716 0.9998902
 0.9997955  0.99986374 0.99965346 0.99985003 0.9998683 ]
[0.9909339  0.9998939  0.9998838  0.9998313  0.99975294 0.99977404
 0.99987197 0.9998418  0.999764   0.99975413 0.9998914 ]
[0.9954638  0.9998306  0.99989235 0.9998294  0.99985063 0.99986553
 0.9997948  0.9997974  0.99971765 0.99973994 0.99988806]
[0.98519737 0.9998858  0.99978834 0.9998369  0.999778   0.9997645
 0.9998622  0.99973494 0.99968755 0.99977297 0.99982184]
[0.9793305  0.99989116 0.99990857 0.9998423  0.99968183 0.99987507
 0.99982053 0.9998178  0.9996816  0.9997452  0.9998869 ]
[0.96196    0.9998945  0.9998167  0.9998648  0.9997602  0.99988663
 0.9998056  0.9998061  0.9997321  0.9998293  0.99984944]
[0.84159076 0.9999008  0.9998915  0.99984527 0.9996381  0.9998994
 0.99981064 0.9997458  0.9996973  0.9998387  0.99985313]
[0.9876353  0.9998547  0.9998853  0.99983454 0.99971634 0.99987483
 0.9997677  0.99975306 0.99960524 0.99979657 0.99986506]
[0.9670864  0.99987507 0.99977845 0.9997805  0.9995939  0.99979955
 0.9998362  0.9997694  0.99965835 0.99984527 0.9998815 ]
[0.9528797  0.9998981  0.99985075 0.999892   0.99979943 0.9997584
 0.9998097  0.99974674 0.9996338  0.9998554  0.9997595 ]
[0.9878221  0.9998627  0.99987686 0.99981135 0.99974126 0.99981195
 0.99985623 0.99979717 0.9998311  0.9998666  0.99987745]
[0.9310186  0.9998994  0.99979323 0.99983525 0.9997619  0.99988914
 0.999877   0.9998779  0.9997824  0.9998425  0.9998048 ]
[0.9859137  0.99982786 0.99981636 0.9998553  0.9994968  0.99983823
 0.9996964  0.999808   0.9993888  0.999652   0.99984205]
[0.95946825 0.99991584 0.9998605  0.9998299  0.999767   0.99978644
 0.9997538  0.9998716  0.99947387 0.9998591  0.99988663]
[0.986484   0.99989784 0.9998472  0.9998814  0.9998293  0.9998882
 0.999879   0.9998417  0.9995327  0.9998331  0.99978966]
[0.9821796  0.99988616 0.99980694 0.99979323 0.99979514 0.9998498
 0.9998319  0.99973315 0.99978787 0.9998671  0.9998281 ]
[0.93520373 0.9998914  0.9998554  0.9998241  0.9997558  0.9997856
 0.9998487  0.9997335  0.9996712  0.9998035  0.999858  ]
[0.9839215  0.9998908  0.9999131  0.9998474  0.99982125 0.99981135
 0.99981195 0.99984384 0.99962056 0.9998698  0.99980325]
[0.928377   0.99988365 0.9998004  0.99979    0.9997192  0.9998747
 0.99979085 0.99983203 0.9995622  0.9998259  0.99984264]
[0.96167344 0.9998932  0.999866   0.9998424  0.99963903 0.99977845
 0.9998436  0.99976856 0.99966407 0.99985135 0.9997466 ]
[0.9660895  0.99990296 0.99987924 0.9997892  0.99975234 0.9998832
 0.9998468  0.99980587 0.9996855  0.9998209  0.9998354 ]
[0.9999002  0.99979216 0.99981135 0.99963236 0.99979717 0.99978226
 0.99978286 0.9996283  0.9998343  0.99982613]
[0.9945707  0.9998536  0.99978024 0.9997888  0.99975234 0.9997447
 0.9998029  0.999718   0.9995857  0.9997737  0.99984443]
[0.9618586  0.9998907  0.99985194 0.9997819  0.99976665 0.99988496
 0.99989283 0.99979323 0.9994968  0.99977297 0.99985754]
[0.98566425 0.9999336  0.9998747  0.99978226 0.9993587  0.9996873
 0.999838   0.9993481  0.99938416 0.99972516 0.99988985]
[0.9746035  0.9998983  0.9998392  0.9998554  0.99980325 0.9998814
 0.99977916 0.9998443  0.9996093  0.99984205 0.9998134 ]
[0.9720919  0.9999416  0.9998466  0.99986684 0.99975103 0.9998379
 0.99987924 0.99981076 0.9997733  0.99973994 0.9997632 ]
[0.9871438  0.99987245 0.999803   0.99988675 0.9997954  0.9997826
 0.99989784 0.9997638  0.9995395  0.99982774 0.99979633]
[0.98434836 0.99992514 0.99989295 0.9999013  0.9997992  0.99987876
 0.99988866 0.9998411  0.99977666 0.9997317  0.9997476 ]
[0.6441274  0.9999094  0.9999019  0.99984205 0.9996867  0.99985075
 0.99984586 0.99980634 0.9997973  0.9997775  0.9998134 ]
[0.9880525  0.99987197 0.9998499  0.99988353 0.99965084 0.9998685
 0.99984753 0.99973685 0.99971205 0.9998636  0.9998863 ]
[0.9587686  0.999881   0.99989164 0.99982697 0.9997482  0.9998771
 0.9998772  0.99986553 0.9995958  0.9997532  0.9998692 ]
[0.971026   0.99987996 0.99978477 0.9998977  0.9996686  0.99982303
 0.9998042  0.99982315 0.9996455  0.9998702  0.99982184]
[0.91541356 0.9998826  0.99980575 0.9997882  0.99960726 0.9997731
 0.9997981  0.99978715 0.99979097 0.99977976 0.9997615 ]
[0.9589749  0.99990237 0.9998286  0.9999039  0.9996587  0.99988294
 0.99989355 0.99984074 0.9996648  0.9997185  0.9998229 ]
[0.9789363  0.99989355 0.9998783  0.9998155  0.99976975 0.999843
 0.999866   0.9998368  0.99977475 0.99977845 0.99977773]
[0.9454994  0.99990165 0.9998915  0.99979633 0.99961877 0.999887
 0.99978656 0.99977165 0.9996735  0.99976104 0.9998915 ]
[0.39267692 0.9999049  0.99986184 0.9999087  0.9996878  0.99979
 0.99987304 0.99985623 0.99973696 0.9998362  0.9998894 ]
[0.93757236 0.99988985 0.9998673  0.999861   0.99971    0.9998702
 0.99983954 0.99984133 0.9997497  0.9997762  0.99986064]
[0.99276793 0.9998447  0.9998704  0.99989486 0.99975485 0.9997646
 0.9998802  0.99977523 0.99970776 0.99974364 0.9998202 ]
[0.94879395 0.99992764 0.99989986 0.9998988  0.9998423  0.99989593
 0.9997602  0.9997367  0.9997886  0.999845   0.999882  ]
[0.96455926 0.9999089  0.99988115 0.9998734  0.99974984 0.999764
 0.99985075 0.9997702  0.9997274  0.9998388  0.9997731 ]
[0.97060823 0.9998864  0.99979955 0.99987006 0.9996865  0.99989533
 0.99988735 0.9998796  0.9997911  0.9997451  0.99984014]
[0.98474646 0.99989915 0.9998098  0.99980944 0.99977213 0.9998784
 0.9998068  0.9998311  0.9997532  0.9998286  0.99980074]
[0.9916642  0.9998512  0.99989736 0.9998503  0.999801   0.9998141
 0.9998149  0.9997515  0.99961746 0.9997631  0.99977523]
[0.9427102  0.9999268  0.99989545 0.9998816  0.99985063 0.99985385
 0.9998246  0.9998512  0.9997801  0.99974173 0.99986315]
[0.9829419  0.9998851  0.9998274  0.99989784 0.9997975  0.9998431
 0.99988115 0.9997309  0.9997192  0.99983096 0.99976486]
[0.99887055 0.99988973 0.9998479  0.99980325 0.9998192  0.9997831
 0.9998585  0.9998747  0.99939597 0.9998603  0.99974066]
[0.8591262  0.99990284 0.9998456  0.99988997 0.99976844 0.99980575
 0.9997644  0.9997931  0.9996561  0.999749   0.9997718 ]
[0.9648161  0.99992025 0.99983406 0.99981505 0.99979967 0.9998567
 0.9998299  0.9998722  0.99976367 0.9998441  0.9998759 ]
[0.99472624 0.9998658  0.9999095  0.99983716 0.9996424  0.9998211
 0.9997944  0.9998118  0.9995074  0.999869   0.99981207]
