Mprobs for dataset sim1_corr (0.9) (IAF layers = 5):

[0.99828315 0.99988794 0.99985254 0.99990416 0.9997851  0.9998448
 0.9998683  0.9997489  0.9997428  0.99985266 0.99987733]
[0.9966484  0.99990547 0.9997979  0.99982685 0.9997502  0.999835
 0.99981683 0.9998535  0.9996643  0.999826   0.9997627 ]
[0.9988954  0.999894   0.999892   0.9998128  0.99972075 0.9998343
 0.99987864 0.9998418  0.9997385  0.9997305  0.99974686]
[0.9919475  0.99993646 0.99984515 0.9998362  0.9997073  0.9997956
 0.99977726 0.999793   0.999637   0.99973613 0.9998233 ]
[0.9995303  0.99984515 0.9998394  0.9998896  0.9996805  0.999793
 0.9998536  0.99985623 0.9996464  0.9998839  0.9998336 ]
[0.9971559  0.99987614 0.99987316 0.9998136  0.9997663  0.9997664
 0.99978155 0.99987054 0.99966216 0.9998622  0.99978095]
[0.99668115 0.99991715 0.9999101  0.99987245 0.99966514 0.9997675
 0.99986446 0.99979407 0.9997075  0.9998579  0.999874  ]
[0.9965868  0.99989927 0.9998085  0.9998276  0.9997247  0.99978393
 0.9998487  0.9997743  0.99966824 0.999721   0.9998716 ]
[0.9991067  0.9998921  0.99981743 0.9998079  0.9997217  0.9998024
 0.99982554 0.99987185 0.99961567 0.99984825 0.9997539 ]
[0.99516356 0.99990094 0.999843   0.9998141  0.9996804  0.9998683
 0.99983835 0.9997571  0.9997491  0.99974006 0.99980897]
[0.9964173  0.9999454  0.999814   0.9998951  0.9997135  0.9998259
 0.9998305  0.9998884  0.99973387 0.99978477 0.99988174]
[0.9992804  0.999863   0.9998988  0.999858   0.9997583  0.99985135
 0.9998068  0.99974185 0.99968493 0.9998354  0.9998741 ]
[0.9981932  0.99990416 0.99984026 0.9997781  0.99981076 0.99984014
 0.9997819  0.9997956  0.999556   0.9998461  0.9998343 ]
[0.998108   0.9999125  0.9999027  0.99984586 0.9998012  0.9998754
 0.9997764  0.9997764  0.9997038  0.999749   0.99978536]
[0.99890983 0.9998907  0.9998456  0.9998406  0.9997025  0.9998492
 0.9997954  0.9998404  0.9997595  0.9997726  0.9998529 ]
[0.9953844  0.9999187  0.99989164 0.9998518  0.9998184  0.9998555
 0.9998     0.9997769  0.99961567 0.9998512  0.999869  ]
[0.99744546 0.99991    0.9998184  0.9998267  0.9996233  0.9998405
 0.99984086 0.99975246 0.9997665  0.99979407 0.99979335]
[0.9992055  0.99987674 0.99983454 0.9998789  0.99984205 0.9998229
 0.99981755 0.99973553 0.99980015 0.9998317  0.99988174]
[0.9988034  0.999902   0.99989855 0.99981004 0.999796   0.9998191
 0.99975675 0.99977523 0.99975425 0.99972826 0.99979323]
[0.9987576  0.9999033  0.9999013  0.99986756 0.99983    0.99984694
 0.99987507 0.9998572  0.9997105  0.99984264 0.99986863]
[0.99826044 0.9999207  0.9998455  0.9998747  0.9998324  0.99984074
 0.9998198  0.9997837  0.99967635 0.99983776 0.99977106]
[0.9658667  0.99992585 0.9997876  0.9998424  0.9996724  0.99978536
 0.9998103  0.99978393 0.99954236 0.9998665  0.99982613]
[0.99773186 0.99989367 0.99984145 0.9998627  0.9998324  0.9998627
 0.9997688  0.999833   0.99975675 0.99981946 0.9998503 ]
[0.99575555 0.9998723  0.99989057 0.9998791  0.99980813 0.9997843
 0.99989164 0.9997987  0.9994586  0.9997048  0.99982256]
[0.9946197  0.99987984 0.99981683 0.9998771  0.9998173  0.99982625
 0.999833   0.99986255 0.9996464  0.99987304 0.9998093 ]
[0.9990845  0.99984944 0.9998436  0.9998766  0.99968266 0.99983096
 0.9998666  0.9998061  0.9996288  0.99978775 0.9998357 ]
[0.9970752  0.99986696 0.9998921  0.9998518  0.9997514  0.9998858
 0.9998623  0.99973553 0.9996141  0.9997969  0.9998665 ]
[0.9965551  0.9999043  0.99989855 0.99979335 0.999728   0.9998338
 0.99986374 0.999874   0.9997155  0.9998466  0.9997727 ]
[0.9987942  0.99986744 0.99990475 0.9997899  0.99984205 0.9998753
 0.99988437 0.9998248  0.99954575 0.99984276 0.9998821 ]
[0.99630225 0.9999033  0.9998647  0.9997876  0.9997087  0.999874
 0.9998399  0.9997483  0.99979955 0.99987376 0.9998573 ]
[0.99950707 0.99983823 0.9998307  0.9998721  0.9997824  0.99988925
 0.99975663 0.99975795 0.9996251  0.99981576 0.99978787]
[0.99899894 0.9999255  0.9998797  0.9998258  0.9997652  0.9998559
 0.9998323  0.9997501  0.9997273  0.9997955  0.9998834 ]
[0.90042084 0.9999205  0.99987745 0.99982774 0.99974245 0.99986696
 0.9998325  0.9997737  0.9996847  0.9998549  0.99979025]
[0.9983041  0.99990463 0.9998022  0.9998385  0.9997633  0.9998789
 0.9998349  0.99974674 0.99970967 0.99983096 0.99981695]
[0.9968196  0.99991035 0.999882   0.99987006 0.99979585 0.99980634
 0.9997906  0.9998747  0.99978846 0.99977905 0.99977666]
[0.9904206  0.999908   0.99983287 0.9997863  0.9996965  0.99982244
 0.9998578  0.99979764 0.9997485  0.99977046 0.99981755]
[0.98938316 0.9999192  0.99982506 0.9998752  0.9997614  0.9998202
 0.99988997 0.99985707 0.99974734 0.9998429  0.9998005 ]
[0.9982967  0.9999263  0.99980193 0.9998933  0.99970144 0.99989045
 0.99985003 0.9998221  0.9997335  0.9998691  0.99983263]
[0.9959378  0.9999143  0.99986315 0.9998902  0.9998223  0.99985385
 0.9997625  0.99981683 0.99969995 0.99973136 0.9997812 ]
[0.9985784  0.9999157  0.99987376 0.9999006  0.9998293  0.999879
 0.9997609  0.9997631  0.99962556 0.9997186  0.9998292 ]
[0.99767286 0.9999236  0.9999118  0.99987185 0.99977094 0.9998615
 0.9998394  0.99981993 0.99981207 0.99979764 0.9997904 ]
[0.9979588  0.9999218  0.9998323  0.99983287 0.99980575 0.9998561
 0.9997991  0.99986684 0.9995389  0.99984026 0.9998841 ]
[0.99903655 0.99989116 0.99983037 0.99980026 0.9997274  0.99980193
 0.99977607 0.9998776  0.9996208  0.99978226 0.9998807 ]
[0.9999312  0.9995603  0.999887   0.9997365  0.9998142  0.9998363
 0.99982774 0.99977857 0.9996183  0.99978656 0.9998462 ]
[0.98832124 0.9999058  0.99982065 0.999887   0.99981564 0.9998646
 0.999801   0.99979335 0.9997775  0.9998368  0.99985385]
[0.99791366 0.9999149  0.9998846  0.99984896 0.9996208  0.99984896
 0.9998772  0.9998547  0.99974054 0.9997758  0.9998287 ]
[0.996924   0.9999356  0.9998149  0.9998273  0.9997582  0.99977595
 0.9997781  0.9998272  0.99964285 0.9998617  0.9998658 ]
[0.99824274 0.9998908  0.99981505 0.99985373 0.99973327 0.9998184
 0.99983156 0.9998203  0.9995901  0.9998049  0.99977094]
[0.9992587  0.9998839  0.99990714 0.9999051  0.9998054  0.99975544
 0.999851   0.9998597  0.9998134  0.99985623 0.9997758 ]
[0.9989876  0.99989843 0.9999025  0.9998795  0.99973875 0.9998677
 0.9998934  0.99982184 0.999566   0.99983954 0.99985206]
[0.99898666 0.99987566 0.99989307 0.9998729  0.9997967  0.99979836
 0.99977285 0.9998679  0.99973804 0.9997482  0.9998771 ]
[0.99758124 0.99991775 0.9999124  0.99989223 0.9998265  0.9997981
 0.9998368  0.9998417  0.99964154 0.99972135 0.99979347]
[0.99925405 0.99987054 0.99985886 0.9998286  0.9998062  0.99982697
 0.9998223  0.99979013 0.99956816 0.9998597  0.9998708 ]
[0.99325    0.99990535 0.999782   0.99989295 0.999803   0.9998561
 0.99976295 0.9998198  0.99978167 0.9997229  0.99987066]
[0.9986848  0.9998909  0.9998412  0.9998454  0.9996371  0.99983084
 0.9998504  0.999759   0.99950385 0.99978894 0.99988663]
[0.9993038  0.9998684  0.9998746  0.99986446 0.99981886 0.99980456
 0.99983585 0.9998103  0.9997179  0.9998543  0.99980706]
[0.9981494  0.99988925 0.9998988  0.9999082  0.9997645  0.9997992
 0.9998828  0.99984694 0.9996557  0.9998646  0.99979275]
[0.99857867 0.9998455  0.99990094 0.9998994  0.99965286 0.9998611
 0.9997912  0.99987924 0.99976987 0.9997366  0.9998599 ]
[0.9917961  0.9999285  0.99981266 0.9998747  0.999716   0.999824
 0.999824   0.99987686 0.99971193 0.99985707 0.99986804]
[0.99608934 0.9999087  0.99986684 0.99985695 0.99976176 0.9998679
 0.9998951  0.99987984 0.9997936  0.99982136 0.9998394 ]
[0.99723756 0.9998785  0.9998951  0.9998847  0.9997651  0.9998104
 0.99975044 0.9997434  0.9997451  0.99978215 0.9997491 ]
[0.9991652  0.9998778  0.9998006  0.9998667  0.9998115  0.9998658
 0.9998548  0.999845   0.9997322  0.99977654 0.9998012 ]
[0.9983866 0.999912  0.999851  0.9998596 0.9997665 0.9998939 0.9998073
 0.9997832 0.9997774 0.999877  0.9998685]
[0.99916303 0.9998154  0.9997887  0.9997831  0.999696   0.9997516
 0.9997842  0.9998716  0.99957603 0.9998061  0.99986494]
[0.97412497 0.99994767 0.9998233  0.99979323 0.9997731  0.99982566
 0.99985635 0.99985063 0.99979216 0.9997998  0.9998005 ]
[0.9942767  0.9999286  0.99988675 0.9998852  0.9998265  0.99983096
 0.9998658  0.99988365 0.99972993 0.9997429  0.99975437]
[0.9960776  0.9999118  0.9999088  0.99984264 0.99969447 0.9998894
 0.9997869  0.99985003 0.9995691  0.99986935 0.99976593]
[0.99222517 0.99993503 0.9999057  0.9998424  0.9997025  0.9998634
 0.9998247  0.9998354  0.99952257 0.99976784 0.9998241 ]
[0.99088293 0.99991786 0.99986374 0.9998222  0.9997701  0.9998702
 0.999808   0.9997708  0.9996357  0.9997147  0.9997949 ]
[0.99849343 0.99992025 0.9997744  0.99981445 0.9998241  0.9998011
 0.99981004 0.9998802  0.999642   0.99984753 0.9998783 ]
[0.9976628  0.99988115 0.9998417  0.9999006  0.99971503 0.9997601
 0.9997563  0.9998355  0.9995627  0.99987245 0.9998547 ]
[0.9993187  0.9998617  0.999895   0.9998734  0.99974376 0.9998802
 0.99976176 0.99972063 0.99973243 0.99976057 0.9998492 ]
[0.9934958  0.99991536 0.99980336 0.99985015 0.9998203  0.9998779
 0.9997894  0.9998412  0.99982786 0.9998     0.9998461 ]
[0.999516   0.9998617  0.99989665 0.9998492  0.99976104 0.99985266
 0.999845   0.9998468  0.99969876 0.9998573  0.99981874]
[0.9808653  0.9999286  0.99981886 0.99980277 0.9997805  0.9997998
 0.9998635  0.99986196 0.99965453 0.9998666  0.9997528 ]
[0.9969441  0.9999106  0.9998871  0.99981827 0.9997427  0.99975675
 0.99976844 0.9998708  0.9998198  0.99984    0.9998247 ]
[0.99870646 0.99986494 0.99987245 0.99985933 0.99971753 0.99981886
 0.9998505  0.9997236  0.99970055 0.99978215 0.999838  ]
[0.9977731  0.9999099  0.99990046 0.9998042  0.99979633 0.99981576
 0.99977654 0.999859   0.999795   0.9997416  0.9997565 ]
[0.99611425 0.99990714 0.9998623  0.9998932  0.9996624  0.99978787
 0.99978894 0.99986565 0.9997788  0.99985373 0.99979395]
[0.99507844 0.99994934 0.9998621  0.99985206 0.99979514 0.99985194
 0.99979585 0.99976116 0.99956757 0.99979275 0.9998331 ]
[0.99833363 0.99985754 0.9998771  0.9998946  0.9998211  0.9999021
 0.9997775  0.99986696 0.9996092  0.99976355 0.99982315]
[0.99888486 0.9998822  0.9999081  0.9998467  0.99957365 0.9998758
 0.9998512  0.9998667  0.9997743  0.99982494 0.99979585]
[0.99920434 0.9998498  0.9998355  0.9998534  0.9998286  0.9998919
 0.999864   0.9997445  0.99974066 0.9997857  0.9998779 ]
[0.9985605  0.99984753 0.99988675 0.9998541  0.99973756 0.9997683
 0.9998728  0.99986756 0.99965894 0.99978    0.9998565 ]
[0.998602   0.9998667  0.9997912  0.99989974 0.99982625 0.99982846
 0.9998142  0.9997794  0.99976987 0.9997433  0.99983835]
[0.998965   0.99988043 0.9998429  0.99986565 0.99976677 0.99987197
 0.99985445 0.999793   0.99972504 0.99981123 0.9998814 ]
[0.9958034  0.999892   0.99990046 0.9998721  0.9996966  0.9998153
 0.9997671  0.9997769  0.9996226  0.99976486 0.9998393 ]
[0.99607146 0.99989605 0.9997931  0.9998066  0.9996519  0.99981767
 0.9998055  0.9997379  0.99965584 0.99977165 0.99975437]
[0.99834955 0.99990165 0.9998776  0.9998883  0.99978846 0.9998229
 0.99988496 0.9998684  0.9998129  0.9998467  0.99988127]
[0.9984913  0.9999403  0.9998264  0.9998468  0.99978954 0.99979085
 0.9997795  0.9998405  0.99973696 0.9997669  0.99979514]
[0.9927685  0.9999199  0.999858   0.9998498  0.99971944 0.99983144
 0.99985707 0.99985516 0.99974257 0.9998628  0.99989104]
[0.99765366 0.999908   0.99983454 0.99982256 0.9998505  0.9998666
 0.999845   0.9997445  0.9997298  0.99980897 0.99981934]
[0.9987795  0.9998776  0.99988496 0.99977714 0.99965405 0.9998584
 0.9998356  0.9998529  0.99979705 0.9997631  0.9998299 ]
[0.9860345  0.9999275  0.9997961  0.9998217  0.9998192  0.99988043
 0.9997912  0.99980575 0.99957746 0.9998765  0.99977165]
[0.99786335 0.9998908  0.9998801  0.99989486 0.9997799  0.9998598
 0.9998703  0.9997422  0.99976486 0.9998512  0.99986494]
[0.98984396 0.9999021  0.9998832  0.99978226 0.9997887  0.9998864
 0.99987936 0.99986374 0.9996991  0.99982566 0.9998281 ]
[0.996983   0.9999095  0.99986494 0.999869   0.99971884 0.99983084
 0.9998368  0.99985206 0.99964845 0.99978334 0.99988663]
[0.9974389  0.9999131  0.9999057  0.99978894 0.9997799  0.9998024
 0.9997801  0.9998404  0.9996389  0.99972516 0.9997845 ]
[0.9950098  0.99989617 0.9998252  0.99979717 0.99972504 0.9998512
 0.9998698  0.9998092  0.99976    0.99982494 0.9998061 ]
[0.99924254 0.9998574  0.9998895  0.99980706 0.999808   0.99979824
 0.9998714  0.9998658  0.99981385 0.9998661  0.99986863]
