Mprobs for dataset sim1_corr (0.6) (IAF layers = 5):

[0.99990594 0.999859   0.99976987 0.9998368  0.99982363 0.9998529
 0.99975425 0.99954647 0.9997794  0.9998072 ]
[0.9998202  0.9998266  0.99988544 0.9998234  0.99984837 0.99979466
 0.99976844 0.9997178  0.9998437  0.9997991 ]
[0.9998975  0.99981326 0.9998989  0.99980265 0.9998559  0.9998437
 0.9997962  0.99971133 0.99980897 0.9998282 ]
[0.40039673 0.99985015 0.9997975  0.9998708  0.99974734 0.99976283
 0.9998047  0.99979645 0.9996445  0.99977964 0.99984944]
[0.99983776 0.9998858  0.9998976  0.99976605 0.99983966 0.99988353
 0.9998548  0.9996879  0.99983823 0.99975485]
[0.99986064 0.99990296 0.99988854 0.99979764 0.9998468  0.9998611
 0.9998696  0.9996939  0.9998041  0.9998111 ]
[0.99988794 0.9998727  0.9998729  0.9997073  0.9998871  0.9998492
 0.9998022  0.9997882  0.99984694 0.9998807 ]
[0.99982965 0.9998172  0.9998248  0.9997682  0.9998287  0.9998641
 0.99984956 0.99956936 0.9997936  0.9998233 ]
[0.99986875 0.99980634 0.99980074 0.9998016  0.99979156 0.99984026
 0.99977595 0.99955004 0.99976534 0.99974245]
[0.9998983  0.9999031  0.99989057 0.99961436 0.9997911  0.9998356
 0.99977607 0.9996352  0.9998342  0.9997696 ]
[0.9998281  0.9998259  0.9998135  0.99968064 0.99980253 0.99980456
 0.99984133 0.99961627 0.99977964 0.9998685 ]
[0.9999112  0.9998005  0.99986863 0.9997311  0.9998258  0.99981135
 0.9998357  0.9995796  0.9998281  0.99983287]
[0.99991536 0.99989784 0.9998203  0.99986017 0.9997768  0.99978596
 0.9998299  0.9996941  0.99975663 0.99976736]
[0.99991786 0.9998373  0.99986196 0.9997485  0.9998223  0.999801
 0.999819   0.9994935  0.9998293  0.99985766]
[0.99984837 0.9998858  0.9998092  0.99970144 0.9998294  0.9998134
 0.9998621  0.99977285 0.99983764 0.9998702 ]
[0.9999167  0.9998715  0.9998104  0.99976915 0.99985766 0.9998079
 0.9997737  0.9996258  0.9998795  0.9998497 ]
[0.9998821  0.9999083  0.99982435 0.99985003 0.99988997 0.9998938
 0.99985075 0.9997731  0.99986017 0.9998386 ]
[0.9465281  0.9998228  0.9998869  0.9998585  0.9997459  0.9998272
 0.9998653  0.99979573 0.9996995  0.999783   0.9998586 ]
[0.999899   0.9997991  0.9998319  0.999772   0.9998684  0.99983156
 0.9997763  0.99967027 0.99979943 0.9998128 ]
[0.9998865  0.9998474  0.9997825  0.9997187  0.9998166  0.9998807
 0.999856   0.9996145  0.9997346  0.99979717]
[0.9998578  0.99981016 0.9998454  0.9998186  0.99986076 0.9998142
 0.99986815 0.99968314 0.9998487  0.99987745]
[0.999826   0.99984396 0.999863   0.9997565  0.99975926 0.9997751
 0.9998449  0.99965596 0.99975115 0.99975306]
[0.9998841  0.9997917  0.9998702  0.99980754 0.9998746  0.99985373
 0.99984777 0.99972695 0.99981683 0.999767  ]
[0.8018856  0.9998721  0.9998312  0.9999064  0.9998149  0.9998858
 0.99985576 0.99981385 0.9996996  0.9997335  0.99984896]
[0.9999145  0.9998555  0.99979955 0.9997867  0.9998517  0.9998872
 0.9998379  0.999637   0.9998363  0.9998826 ]
[0.9998807  0.99980253 0.99985087 0.9998085  0.9997547  0.99984264
 0.99979335 0.9994822  0.9997881  0.99983704]
[0.99986374 0.9998325  0.99989474 0.9997546  0.9997694  0.9998362
 0.9998733  0.99975485 0.99979585 0.9998783 ]
[0.9998877  0.99987686 0.9998461  0.9997429  0.99979156 0.99980944
 0.9997615  0.9997811  0.99985707 0.99984324]
[0.36705554 0.9998431  0.999821   0.999819   0.9996612  0.9998903
 0.9997768  0.99974173 0.9996952  0.999826   0.9997782 ]
[0.99989533 0.99987054 0.999816   0.99984324 0.9998418  0.99978393
 0.999845   0.99959356 0.9998234  0.9998654 ]
[0.9999101  0.9999064  0.99983263 0.99969685 0.99983525 0.9998524
 0.9998085  0.99966085 0.9998221  0.9998658 ]
[0.9998368  0.99987054 0.999803   0.9998374  0.99978703 0.9998197
 0.999863   0.9997657  0.99988365 0.999876  ]
[0.9998241  0.9997842  0.9999087  0.9996798  0.9997973  0.99985945
 0.99977964 0.99964845 0.9998621  0.99982613]
[0.9999095  0.9998448  0.9999043  0.99972683 0.99985635 0.9997738
 0.999853   0.9997502  0.9998504  0.9998061 ]
[0.99984705 0.99984944 0.999871   0.9996494  0.9998838  0.9998956
 0.9998042  0.9996018  0.99979144 0.9997992 ]
[0.99988604 0.99988925 0.9998191  0.99976283 0.9998424  0.9998807
 0.9997851  0.99974126 0.9998235  0.9998134 ]
[0.9998939  0.9999008  0.99990237 0.9997341  0.99987805 0.9998851
 0.9998312  0.9997383  0.99982625 0.99975663]
[0.9998259  0.999801   0.9998056  0.9998338  0.9997929  0.99979883
 0.9998147  0.9996563  0.9998528  0.9998166 ]
[0.9998553  0.99988544 0.99982834 0.9996828  0.9998381  0.9997609
 0.9997811  0.999796   0.99978536 0.9997938 ]
[0.9999075  0.9999056  0.9998877  0.9996995  0.9998734  0.99978584
 0.99978656 0.9997557  0.99977535 0.9998702 ]
[0.999895   0.9998802  0.9997873  0.9997049  0.99985194 0.9998067
 0.9998796  0.9996296  0.99976903 0.99977   ]
[0.9998994  0.99985564 0.99985003 0.99983096 0.9998776  0.99977094
 0.99975616 0.99964285 0.999739   0.9998691 ]
[0.99985135 0.9999132  0.99987125 0.9997793  0.9998692  0.99986625
 0.99978656 0.99962103 0.9998808  0.9997557 ]
[0.999824   0.99982554 0.9998603  0.9998348  0.99978775 0.99988556
 0.9998847  0.99973124 0.99975425 0.99978024]
[0.9998398  0.9999001  0.99977654 0.9997689  0.9998086  0.99979895
 0.9997869  0.99966085 0.9998466  0.9998099 ]
[0.9998491  0.99988174 0.9998178  0.9997782  0.99986804 0.9998783
 0.9998061  0.9996215  0.9998272  0.99988925]
[0.99986553 0.999874   0.9998267  0.9998423  0.99979526 0.9998012
 0.99982256 0.99974805 0.9997496  0.99974924]
[0.999841   0.99978083 0.99984765 0.999696   0.99980026 0.99987555
 0.99980026 0.99970156 0.9997167  0.9998227 ]
[0.99983716 0.9998393  0.99989235 0.9996911  0.9997845  0.9998147
 0.99982893 0.99982697 0.99983    0.99975866]
[0.99986196 0.999884   0.9998242  0.9997352  0.999833   0.999765
 0.9998253  0.99955624 0.9998679  0.9997904 ]
[0.99986994 0.99986124 0.99986494 0.9997563  0.9997707  0.99986756
 0.99985003 0.9997826  0.9998399  0.99981123]
[0.99986196 0.99987483 0.99982786 0.9997762  0.9998801  0.99984026
 0.9997459  0.99967563 0.99973136 0.99987376]
[0.9998605  0.9998659  0.9998311  0.99972063 0.99979645 0.9997664
 0.99988353 0.999637   0.9998685  0.99987924]
[0.99991333 0.99981934 0.9998964  0.9997179  0.9998754  0.99977726
 0.99976856 0.99962926 0.99976844 0.9997925 ]
[0.9998791  0.99988806 0.99984336 0.99977404 0.9997851  0.9997634
 0.99979466 0.9997322  0.99984705 0.99987006]
[0.999899   0.99987245 0.9998128  0.9998411  0.9997925  0.9997515
 0.99980897 0.9996284  0.99984753 0.9998198 ]
[0.99987686 0.9998753  0.9998568  0.9996742  0.99978346 0.9998671
 0.99979895 0.99957496 0.999877   0.9997706 ]
[0.9999058  0.99980694 0.9998233  0.99977523 0.99974805 0.999859
 0.99985147 0.9997414  0.9998772  0.9998374 ]
[0.99986434 0.99990976 0.9997998  0.9998235  0.9998772  0.99987686
 0.9998455  0.99977785 0.9998497  0.9998826 ]
[0.99984777 0.9999039  0.9998988  0.99976224 0.9998357  0.9998318
 0.99987805 0.9995425  0.9997814  0.999826  ]
[0.99985194 0.9997838  0.99979395 0.99961084 0.999803   0.9997646
 0.9998299  0.9996481  0.9997516  0.99976724]
[0.99988294 0.99989915 0.99979013 0.99982125 0.9998198  0.9998423
 0.9997253  0.9997547  0.9997826  0.99986434]
[0.9999151  0.9998691  0.9999032  0.9997044  0.99987376 0.99989355
 0.9997422  0.9996762  0.9998642  0.99982065]
[0.99985254 0.9998419  0.9998012  0.9998373  0.9998534  0.9998536
 0.99979717 0.9995764  0.9997459  0.9997689 ]
[0.9998658  0.99990237 0.99986756 0.99976176 0.9997925  0.9997733
 0.9998777  0.99977344 0.9998591  0.999887  ]
[0.35704184 0.9998468  0.9998115  0.999913   0.99975866 0.9998522
 0.9998821  0.99984753 0.99960583 0.99976736 0.99982625]
[0.9998983  0.99987113 0.9998822  0.99983025 0.9998468  0.99978524
 0.99980813 0.9997317  0.99981314 0.99976856]
[0.9998727  0.9998437  0.99980026 0.9996859  0.9998877  0.9998118
 0.9998124  0.9996112  0.99981076 0.99985266]
[0.99983644 0.99980694 0.9999025  0.99977416 0.9998211  0.9998622
 0.9997508  0.9996402  0.9997727  0.9997359 ]
[0.99989974 0.9998821  0.99985194 0.99980146 0.9998841  0.9997625
 0.99973196 0.9997614  0.9998031  0.99984276]
[0.9999299  0.9998436  0.9998677  0.99973327 0.9998908  0.9997665
 0.9997812  0.9995995  0.9998084  0.9998023 ]
[0.9998721  0.99989104 0.99985707 0.9997023  0.9997968  0.9998311
 0.99985707 0.9997179  0.99975413 0.99982697]
[0.43048447 0.9998449  0.9998877  0.9997936  0.9997428  0.9998872
 0.9997769  0.999874   0.99964106 0.9997882  0.99984205]
[0.9999137  0.9997979  0.999833   0.99983513 0.9998895  0.99987984
 0.9997979  0.99953985 0.9997799  0.999877  ]
[0.9999167  0.9999107  0.99985814 0.9997693  0.99977475 0.99986994
 0.99976355 0.99978703 0.9998235  0.999764  ]
[0.9998698  0.9998024  0.9998357  0.99979204 0.99979955 0.99980706
 0.99980503 0.99960977 0.99988186 0.9998404 ]
[0.99990475 0.9998522  0.9998349  0.9997522  0.9998919  0.9998149
 0.99984896 0.9996401  0.9998254  0.99988616]
[0.99984574 0.9999012  0.999866   0.99973446 0.9997819  0.9998124
 0.9998579  0.9996716  0.99978477 0.9997788 ]
[0.9998536  0.99987185 0.9998946  0.9997793  0.9998234  0.999782
 0.9998388  0.9997447  0.9998523  0.9998604 ]
[0.9999198  0.99990475 0.99980813 0.99981374 0.99980754 0.9998832
 0.99979407 0.9997899  0.99985456 0.99978644]
[0.99990964 0.9998481  0.9999008  0.99972683 0.9998431  0.9997763
 0.99984074 0.99970835 0.9997336  0.99985313]
[0.9998454  0.9998779  0.99980146 0.9996935  0.9998969  0.99987507
 0.999814   0.999762   0.99982363 0.99984896]
[0.99985325 0.99989367 0.999859   0.99975365 0.9998982  0.9998357
 0.9997898  0.99965227 0.9998258  0.9998611 ]
[0.9999064  0.9998939  0.9998172  0.9997911  0.9998229  0.99980134
 0.9998254  0.9995315  0.99981314 0.99988985]
[0.9998683  0.9998821  0.99985874 0.9997762  0.99989295 0.9997656
 0.9998716  0.99977773 0.99977845 0.99985516]
[0.99987006 0.99984    0.99987304 0.9997068  0.99980694 0.99985695
 0.9997726  0.9997359  0.9997632  0.9998745 ]
[0.9998698  0.99988997 0.99985445 0.99972624 0.9998281  0.9997924
 0.9997316  0.99978644 0.99986696 0.99988806]
[0.99983895 0.99984944 0.9997873  0.9997975  0.9998807  0.999864
 0.999765   0.99980885 0.99982905 0.999874  ]
[0.99984455 0.9997181  0.9997913  0.99961865 0.9998865  0.9996008
 0.99987113 0.9997104  0.99972194 0.9997632 ]
[0.9999019  0.9998696  0.99989426 0.99968946 0.9998578  0.99981624
 0.99976903 0.9997327  0.9998098  0.9998338 ]
[0.99984086 0.9998821  0.9998789  0.9998203  0.9998754  0.999819
 0.9997967  0.99965394 0.99981374 0.9998148 ]
[0.9998454  0.9998765  0.9998423  0.9998392  0.99981886 0.9998324
 0.9998865  0.9996898  0.99975616 0.9998554 ]
[0.9998585  0.9998609  0.99982375 0.99970466 0.9998252  0.99989533
 0.99977356 0.9998012  0.9997819  0.9998311 ]
[0.99991405 0.9998135  0.9998839  0.99977106 0.99982303 0.9997589
 0.9997832  0.9995796  0.99979883 0.9998418 ]
[0.9999131  0.9999013  0.9998281  0.999819   0.999778   0.9998122
 0.9997397  0.99974555 0.999826   0.99983644]
[0.99986386 0.9998487  0.99984884 0.9996959  0.99984026 0.99988985
 0.9997874  0.9996464  0.999866   0.9998056 ]
[0.99982953 0.9998945  0.99988735 0.99977964 0.99988985 0.99987674
 0.99982446 0.9995776  0.9997062  0.99982977]
[0.99983025 0.9998056  0.9998853  0.99982625 0.999884   0.99979967
 0.99979705 0.9996024  0.9998461  0.9998802 ]
[0.999889   0.9998487  0.99982387 0.9996383  0.9997615  0.9997516
 0.9998435  0.9996635  0.99973565 0.9998524 ]
[0.99987316 0.9998536  0.9998435  0.99969363 0.9998153  0.99985385
 0.9997297  0.99975735 0.99975437 0.99974304]
