Mprobs for dataset sim1_corr (0.3) (IAF layers = 5):

[0.9998419  0.99986017 0.99990726 0.9997547  0.99983835 0.9998579
 0.9997868  0.99978775 0.9998425  0.999764  ]
[0.99979216 0.999877   0.9998691  0.99981314 0.99977475 0.9998907
 0.9998623  0.99969375 0.9997837  0.99977   ]
[0.9998306  0.9998343  0.99987805 0.9998307  0.99987483 0.9998678
 0.99982846 0.9995497  0.9997526  0.9998154 ]
[0.9998166  0.9998264  0.9998642  0.99984264 0.9998561  0.999795
 0.9998772  0.99979097 0.99978787 0.99989116]
[0.9998733  0.9998317  0.9998778  0.99983776 0.9997969  0.9998683
 0.99983764 0.99971455 0.9998617  0.9998416 ]
[0.99980587 0.99987006 0.9999062  0.99962485 0.99988914 0.9998468
 0.9998005  0.9998105  0.9998702  0.99987626]
[0.9998031  0.99979144 0.99989283 0.9997118  0.9998863  0.9997603
 0.9997383  0.99952483 0.9998265  0.9998336 ]
[0.9999019  0.99990237 0.99989295 0.9997917  0.9998542  0.99989283
 0.99979085 0.999798   0.9998424  0.9997893 ]
[0.9998896  0.99981076 0.9998884  0.99982566 0.9998921  0.9998672
 0.99985385 0.9997167  0.9997832  0.99981815]
[0.9999132  0.99981433 0.999785   0.9997124  0.99984205 0.99979955
 0.9997811  0.9996611  0.99986804 0.99978334]
[0.9998357  0.99988997 0.99988985 0.9998049  0.99985707 0.999803
 0.9998368  0.9998103  0.99987125 0.99982184]
[0.99981326 0.9998666  0.9998517  0.9996749  0.9997918  0.99976474
 0.9997863  0.9998022  0.99985325 0.9998568 ]
[0.99989533 0.9998621  0.99979717 0.9998394  0.9997969  0.99978787
 0.9997789  0.9996656  0.99983907 0.99986565]
[0.9998807  0.9998416  0.9999049  0.99980456 0.99990284 0.9998766
 0.99979943 0.9997378  0.99975353 0.9998047 ]
[0.99980634 0.9998921  0.99990666 0.99977773 0.99981993 0.999749
 0.9998166  0.9996525  0.9998006  0.9997898 ]
[0.9998097  0.9998561  0.99979097 0.99977523 0.99989724 0.9998062
 0.9998658  0.99965703 0.99986017 0.999816  ]
[0.9998758  0.9998042  0.99983025 0.9998192  0.99979156 0.99982494
 0.9997969  0.9997408  0.9997874  0.9998779 ]
[0.999821   0.9998005  0.9998217  0.99965703 0.9998035  0.99986553
 0.9997733  0.9997372  0.9998115  0.99987113]
[0.99979955 0.9998487  0.99984455 0.9997404  0.9998783  0.9998103
 0.9997857  0.99967027 0.9998394  0.999863  ]
[0.9998896  0.9997979  0.99987173 0.9998215  0.9997776  0.9997758
 0.999881   0.99978393 0.9998287  0.999828  ]
[0.9998981  0.99981505 0.99990606 0.9997495  0.99978    0.99982566
 0.9998332  0.9997255  0.999729   0.99979943]
[0.99980646 0.9998356  0.9997861  0.99983406 0.9998404  0.99984086
 0.99976057 0.9997552  0.9997873  0.9997423 ]
[0.9998716  0.99981076 0.9998636  0.9996518  0.99978095 0.9997943
 0.9998677  0.99980265 0.99982125 0.99983966]
[0.99985063 0.99981767 0.9997943  0.9996834  0.99979097 0.9997924
 0.9998834  0.99974805 0.9997433  0.99976903]
[0.9999032  0.99985254 0.99979764 0.9997377  0.999808   0.9997775
 0.99977225 0.99970067 0.9998154  0.99985075]
[0.99983406 0.99982065 0.999808   0.9997223  0.9998753  0.99982303
 0.999821   0.9996934  0.9998617  0.9998165 ]
[0.99984884 0.9998264  0.9998467  0.9997236  0.99978334 0.99978954
 0.99974257 0.9996581  0.99981755 0.99980587]
[0.9998946  0.9998747  0.99988914 0.9998454  0.999803   0.9998919
 0.99988985 0.9997445  0.9997613  0.9998073 ]
[0.99985623 0.9998474  0.99989295 0.99970907 0.9998048  0.9998809
 0.99979895 0.9997204  0.99986875 0.99983025]
[0.99980265 0.99983263 0.99984217 0.9997657  0.9998085  0.99978
 0.9998667  0.9997874  0.9998216  0.9998388 ]
[0.9998822  0.9998172  0.9998934  0.99974304 0.999895   0.9998665
 0.9997408  0.9997106  0.9997367  0.99986076]
[0.999856   0.999882   0.9998902  0.9997625  0.99984884 0.99986625
 0.9998153  0.99981123 0.9997584  0.9998827 ]
[0.99989355 0.99982786 0.9999074  0.9998604  0.9998203  0.9997682
 0.99979407 0.99976283 0.9998442  0.9998087 ]
[0.99986017 0.9998678  0.9999063  0.99983716 0.9998543  0.99978024
 0.9998204  0.9996699  0.9998098  0.99981135]
[0.9997967  0.99980015 0.9998543  0.99973756 0.99986494 0.99987745
 0.999759   0.9997887  0.9997538  0.99975663]
[0.99979407 0.9998129  0.9998697  0.99978346 0.9998882  0.999884
 0.9997719  0.9996375  0.99974924 0.99981767]
[0.9999052  0.9998932  0.9998753  0.9997801  0.9998486  0.99985814
 0.99986494 0.9997696  0.9998497  0.99985504]
[0.9998203  0.9998797  0.999905   0.99975806 0.99985754 0.99979466
 0.99977964 0.9997869  0.999859   0.99985945]
[0.9998783  0.99988365 0.99985325 0.9996766  0.9998802  0.9998374
 0.9998093  0.9997595  0.99987245 0.99989176]
[0.99982905 0.99987423 0.999861   0.99983656 0.9998349  0.9998442
 0.99981517 0.9995963  0.99987733 0.99985206]
[0.99987674 0.9998895  0.9998267  0.99974376 0.99988735 0.9998803
 0.9997285  0.999767   0.9997192  0.9998853 ]
[0.99988246 0.9998437  0.99984574 0.99971634 0.9997482  0.99988186
 0.9997991  0.9997359  0.99980456 0.9998447 ]
[0.99978846 0.9998864  0.99985015 0.99981385 0.99981254 0.99987197
 0.9997986  0.9996369  0.99984705 0.9998785 ]
[0.99988174 0.9998259  0.99983346 0.9998061  0.9997987  0.99979585
 0.9998379  0.999684   0.99975914 0.99987245]
[0.9998714  0.9998497  0.9997857  0.9997509  0.99987066 0.9998839
 0.99981517 0.9997578  0.9998479  0.99980503]
[0.9997795  0.9998344  0.99986804 0.99978274 0.9998617  0.9998796
 0.9997955  0.99969876 0.9997441  0.99984026]
[0.99989414 0.9998882  0.9997855  0.9997632  0.999887   0.99988914
 0.99987066 0.9997427  0.9998369  0.9998535 ]
[0.9998202  0.9997985  0.99987423 0.999635   0.9998803  0.9998264
 0.99984026 0.9997098  0.99985063 0.9998615 ]
[0.9998474  0.999897   0.9998005  0.99973994 0.9997836  0.9998072
 0.99975675 0.99960846 0.9998363  0.9997532 ]
[0.99981636 0.9999082  0.99987054 0.9996685  0.9998103  0.99978215
 0.9997826  0.99969494 0.9997873  0.9997905 ]
[0.99988186 0.99986434 0.99987733 0.9996517  0.9997774  0.9998111
 0.9997336  0.99980026 0.9998172  0.9998746 ]
[0.9998895  0.9998522  0.99990773 0.9997596  0.9997694  0.9997787
 0.9998491  0.9997913  0.9997477  0.9998901 ]
[0.9998437  0.9997954  0.99990153 0.9998596  0.9998233  0.9998355
 0.9997353  0.99952805 0.9998753  0.99977285]
[0.99986553 0.99986434 0.9998412  0.9997298  0.99988174 0.9998123
 0.99981564 0.9996111  0.9998524  0.99981815]
[0.99988174 0.99979573 0.99981695 0.9997044  0.9998703  0.9997727
 0.9997379  0.99971277 0.99975985 0.99988365]
[0.99988925 0.99984396 0.99983394 0.9996947  0.99979323 0.9998209
 0.99977237 0.99975055 0.99984956 0.999892  ]
[0.9998167  0.99980766 0.99988246 0.99981064 0.99989367 0.9998068
 0.99980205 0.99964404 0.99984765 0.9997577 ]
[0.9998884  0.9998467  0.99984694 0.99972636 0.9998275  0.9998745
 0.9997665  0.99958605 0.99985397 0.9998116 ]
[0.99990714 0.9998192  0.99982774 0.99978596 0.99986494 0.9998379
 0.9998147  0.9996854  0.99986446 0.99982554]
[0.99988997 0.9998611  0.99978167 0.9997615  0.9997929  0.99975854
 0.99982363 0.9997271  0.9998093  0.99988794]
[0.99985266 0.9998777  0.9998876  0.99975485 0.9998103  0.999864
 0.99981946 0.99974364 0.99984384 0.9997693 ]
[0.99982387 0.99981135 0.9998976  0.9998416  0.99980885 0.9998851
 0.9997954  0.99968743 0.9998097  0.999795  ]
[0.99988437 0.999869   0.9998883  0.99977404 0.9998845  0.99980956
 0.99987125 0.99956685 0.9997507  0.99982554]
[0.9998369  0.9998074  0.9998801  0.99984384 0.9998159  0.99982685
 0.9997782  0.99955827 0.9998493  0.9998511 ]
[0.9997967  0.9998123  0.99983835 0.99978656 0.9998622  0.999879
 0.99986887 0.99976164 0.9997788  0.99984884]
[0.99978894 0.99982786 0.9998621  0.9996538  0.9998746  0.99989724
 0.99981135 0.99964607 0.9998573  0.9998591 ]
[0.999879   0.9998115  0.9998834  0.99982303 0.99976534 0.999853
 0.9998752  0.9997565  0.99986315 0.9998634 ]
[0.9999031 0.999841  0.9998772 0.9997019 0.9997714 0.999859  0.9998392
 0.9998197 0.9998449 0.9998827]
[0.99986565 0.9998274  0.99990964 0.999721   0.9998116  0.99979216
 0.99978274 0.9997851  0.999803   0.9998778 ]
[0.9999002  0.9998622  0.9998734  0.99982065 0.9997838  0.99982375
 0.999869   0.99977285 0.99978584 0.9998578 ]
[0.9998777  0.9999052  0.9998734  0.9997358  0.99986887 0.9998056
 0.9998468  0.99963796 0.99979454 0.99976665]
[0.9998673  0.99988294 0.99987817 0.99967945 0.99985063 0.99980634
 0.99982566 0.9996625  0.99979573 0.9997732 ]
[0.9997942  0.99983454 0.9998524  0.9997751  0.99983025 0.99980897
 0.99974805 0.99965584 0.9997762  0.9997663 ]
[0.9998317  0.99987876 0.9997495  0.99978167 0.99988306 0.9998803
 0.9997887  0.9997553  0.9998443  0.9998448 ]
[0.99980766 0.99980885 0.9998266  0.99973017 0.99986875 0.9998368
 0.99987555 0.99968624 0.9998323  0.9998547 ]
[0.9998617  0.9998783  0.9998023  0.99971527 0.9998634  0.9998847
 0.9998254  0.9997545  0.9998338  0.99981755]
[0.99987864 0.9998217  0.9999063  0.99976903 0.99989736 0.9998154
 0.99976283 0.99959    0.999816   0.999858  ]
[0.9998596  0.9998621  0.9998913  0.99966776 0.99978393 0.9998259
 0.9997576  0.99968314 0.9998493  0.9997639 ]
[0.99987316 0.99988186 0.9998012  0.99971193 0.99979454 0.9998129
 0.99972874 0.9995702  0.99976987 0.9998503 ]
[0.9998715  0.99987495 0.9997948  0.9997714  0.9997782  0.99975985
 0.9997409  0.9997203  0.99984956 0.9998235 ]
[0.99981564 0.99978346 0.99987364 0.99985206 0.9998629  0.9998066
 0.99985445 0.9996917  0.99985445 0.9998838 ]
[0.9998293  0.99990463 0.9999049  0.99973565 0.99985945 0.999894
 0.9998293  0.99978465 0.9997514  0.9997774 ]
[0.9998443  0.99979705 0.9998116  0.9997329  0.9998647  0.99984324
 0.9998392  0.9993924  0.9998559  0.9997658 ]
[0.99979776 0.9998503  0.9998024  0.9997781  0.999821   0.99984884
 0.9998584  0.9995913  0.99979955 0.99984646]
[0.9998516  0.9998167  0.9998635  0.9996761  0.9997929  0.9998055
 0.99978465 0.999708   0.99981016 0.99980205]
[0.99988866 0.99982697 0.999899   0.9997087  0.9997912  0.9998803
 0.9998778  0.99979097 0.9998708  0.9998178 ]
[0.99982494 0.99973685 0.99988973 0.99972755 0.99978393 0.99979264
 0.99981993 0.9997645  0.99986064 0.99988425]
[0.9998857  0.9999039  0.9998996  0.9997143  0.99984753 0.99978477
 0.99979717 0.9995957  0.9997266  0.9998888 ]
[0.99982494 0.9998927  0.9998468  0.99984026 0.99981433 0.9997918
 0.9998492  0.99974376 0.9997632  0.99983144]
[0.999835   0.99980897 0.99982005 0.9997392  0.9997775  0.9998902
 0.999848   0.99965596 0.99986076 0.9997899 ]
[0.9998234  0.9998227  0.9998498  0.9998381  0.99980766 0.99984336
 0.99975747 0.99965775 0.99986124 0.999881  ]
[0.9998822  0.9998442  0.9998697  0.9996588  0.99989915 0.99976546
 0.9997603  0.99977463 0.9997842  0.99985087]
[0.9998223  0.99988747 0.99986684 0.9997029  0.99985886 0.9998274
 0.99978393 0.99966466 0.9998522  0.9998258 ]
[0.99989355 0.9998822  0.99989235 0.9996861  0.99980766 0.9998233
 0.9998412  0.9997255  0.99985266 0.99988675]
[0.99990296 0.9999094  0.9998186  0.99977535 0.9998549  0.9998092
 0.99981374 0.9997907  0.9998853  0.9998884 ]
[0.999877   0.99981326 0.99985373 0.99976987 0.99987745 0.9997749
 0.999881   0.9996624  0.9998307  0.99985623]
[0.99984944 0.99990535 0.9999056  0.9996878  0.9997788  0.99978095
 0.99981564 0.9997794  0.9997887  0.99975044]
[0.9998852  0.9998822  0.99981195 0.9997024  0.99978274 0.99980706
 0.9998528  0.9997546  0.9998097  0.99981624]
[0.9998585  0.9998124  0.999856   0.9998122  0.9998248  0.9998307
 0.9998795  0.9995964  0.9998154  0.99980396]
[0.9999039  0.9998801  0.9999057  0.99967754 0.99984956 0.9998332
 0.99986327 0.99960464 0.99987864 0.9998118 ]
