Mprobs for dataset sim1_corr (0.4) (IAF layers = 5):

[0.9998826  0.9998111  0.99982566 0.99974126 0.99978656 0.9998603
 0.9997929  0.9997607  0.9997981  0.99976414]
[0.9998702  0.9998313  0.9998     0.9997551  0.9998617  0.9998109
 0.9998658  0.9996625  0.9998497  0.99981683]
[0.99986684 0.99985325 0.99985147 0.99968314 0.999782   0.99978095
 0.99986434 0.9995449  0.99974364 0.9997638 ]
[0.9998832  0.99982387 0.99989057 0.99982387 0.99983275 0.9998379
 0.99988246 0.9997273  0.9998153  0.9998016 ]
[0.99990165 0.99982613 0.99987304 0.999848   0.99976987 0.99981457
 0.9997986  0.9997086  0.9998745  0.9997669 ]
[0.9998846  0.99990106 0.9997714  0.9995278  0.9998141  0.9997594
 0.99983704 0.9995865  0.99980956 0.999826  ]
[0.9998641  0.99981827 0.9999027  0.99975663 0.9997832  0.9998499
 0.9998715  0.9997352  0.9997484  0.9998733 ]
[0.9998258  0.99988186 0.99989176 0.9996728  0.99982387 0.9997782
 0.9997398  0.99974245 0.9998735  0.9998591 ]
[0.9998665  0.9997862  0.99986184 0.9997229  0.999764   0.99986696
 0.9997459  0.9997745  0.99977833 0.9997731 ]
[0.99981374 0.99979717 0.9998272  0.999841   0.9997888  0.9998771
 0.99984264 0.9996586  0.99986064 0.9998895 ]
[0.99987864 0.99982494 0.9998246  0.9997578  0.9997991  0.999775
 0.9997559  0.9997482  0.9998766  0.9997707 ]
[0.9998259  0.99991035 0.9998853  0.99982446 0.9997898  0.9998171
 0.99988496 0.99966836 0.99972147 0.99983466]
[0.9998142  0.99987507 0.9998448  0.9997869  0.9998536  0.9997607
 0.9998068  0.9996567  0.9998023  0.9998704 ]
[0.9998654  0.99988544 0.9999031  0.9997428  0.9998926  0.99987173
 0.9998048  0.9995442  0.999863   0.99985707]
[0.9999069  0.9997949  0.9998765  0.9998031  0.99988127 0.99984753
 0.99978787 0.9995245  0.9998472  0.99988973]
[0.9998292  0.9998746  0.9998913  0.99981934 0.99979776 0.999871
 0.9998691  0.99946016 0.99984956 0.999879  ]
[0.9998808  0.9997998  0.99990034 0.9996846  0.99983144 0.9997682
 0.9997683  0.9997551  0.999806   0.99985373]
[0.9998367  0.9997882  0.99987984 0.9997427  0.9997961  0.99989617
 0.9997708  0.9997758  0.999851   0.99985135]
[0.99990284 0.9999044  0.9998599  0.9997465  0.99985504 0.9998653
 0.99984646 0.999734   0.9998511  0.99982506]
[0.9999088 0.9998543 0.9998161 0.9997266 0.9998399 0.9997998 0.9997665
 0.9996866 0.9998599 0.9998621]
[0.9998952  0.9998093  0.9998574  0.9998191  0.9998884  0.99981517
 0.99984455 0.99974734 0.999866   0.9998092 ]
[0.99979466 0.99985003 0.99989355 0.9996214  0.9998579  0.99973947
 0.9997254  0.9996264  0.99978656 0.99973005]
[0.99979335 0.9998412  0.9997905  0.9997106  0.9997943  0.9998436
 0.9997503  0.99979097 0.9998318  0.9998129 ]
[0.9998016  0.99984324 0.9998827  0.99980825 0.9998888  0.99983144
 0.99974805 0.9996488  0.99977297 0.9998926 ]
[0.99981874 0.9998934  0.9998196  0.9998136  0.99982244 0.999869
 0.99982065 0.9997378  0.99985707 0.9998006 ]
[0.9998671  0.9998714  0.99985933 0.99980694 0.9998491  0.9998679
 0.99979895 0.99967945 0.999826   0.99981695]
[0.9997837  0.9998385  0.99988246 0.9996438  0.999858   0.9997687
 0.99985695 0.9994586  0.9998541  0.99984443]
[0.9998246  0.99988353 0.9997973  0.9998035  0.99983454 0.9998412
 0.9997875  0.9996985  0.99984753 0.9998118 ]
[0.9998392  0.9998306  0.9999043  0.99983597 0.9998516  0.99978477
 0.99984026 0.99975723 0.9998667  0.9998215 ]
[0.9998864  0.9997831  0.99982905 0.99971    0.99988854 0.9998661
 0.9998406  0.99975914 0.99975723 0.999877  ]
[0.9998103  0.99984276 0.9998186  0.9997962  0.99986994 0.99977964
 0.9998203  0.99973243 0.9998653  0.99979347]
[0.99989605 0.99987996 0.9998343  0.9998041  0.9997999  0.999813
 0.9997516  0.999819   0.9997372  0.9997763 ]
[0.99980026 0.99984896 0.999824   0.9998431  0.9998319  0.99980944
 0.9998381  0.99976844 0.9998104  0.9998698 ]
[0.99981934 0.9998716  0.9998671  0.99977154 0.9998055  0.9997795
 0.9998041  0.9996176  0.99975616 0.9998864 ]
[0.99986625 0.999899   0.99990284 0.99966323 0.99989116 0.9998118
 0.9998087  0.9997025  0.9997855  0.99979955]
[0.9998559  0.9998591  0.99983513 0.99973553 0.9998293  0.99986684
 0.9998827  0.9996619  0.99973565 0.99987805]
[0.9998708  0.9998281  0.99982136 0.9997855  0.9998267  0.9997882
 0.99985754 0.99971884 0.9998325  0.99980825]
[0.999811   0.9999105  0.99989235 0.9998018  0.99980706 0.9998764
 0.9998765  0.99982125 0.99974984 0.9998714 ]
[0.9998499  0.99979407 0.9997749  0.99976915 0.99979633 0.99979466
 0.9997472  0.99978644 0.99983656 0.99981195]
[0.99990106 0.9997949  0.9998908  0.999582   0.99979717 0.9998105
 0.9997801  0.9996692  0.99976176 0.9998242 ]
[0.99991155 0.99987364 0.9998454  0.9996779  0.9998642  0.9998828
 0.9997291  0.9996086  0.9997614  0.99988544]
[0.99984133 0.9997992  0.9998884  0.9996568  0.9998646  0.99975425
 0.9998745  0.99934906 0.99976367 0.9997813 ]
[0.9998292  0.999796   0.9998461  0.9997285  0.9998349  0.9998281
 0.99985516 0.999595   0.9997664  0.9997335 ]
[0.9998907  0.99991024 0.9998908  0.9998456  0.9998654  0.99988437
 0.9998627  0.99963737 0.99985254 0.9998683 ]
[0.99988985 0.99988854 0.99988425 0.99978954 0.99984074 0.99984133
 0.99983394 0.9997098  0.99985623 0.9998229 ]
[0.99988496 0.99985206 0.9998368  0.9997546  0.9998822  0.99976224
 0.9997402  0.9996111  0.9998271  0.99975616]
[0.9998708  0.99985874 0.9998678  0.9996532  0.9997987  0.9998313
 0.9998123  0.9996586  0.9998512  0.99988055]
[0.9998561  0.9998017  0.9998919  0.9997863  0.99981445 0.9997898
 0.99975723 0.9996642  0.99982893 0.9998411 ]
[0.99987507 0.99987257 0.99988985 0.99983335 0.9998369  0.99988115
 0.99979645 0.9995975  0.9998266  0.99974316]
[0.99984896 0.9998336  0.9998149  0.9997979  0.99987316 0.9998888
 0.99981767 0.9996451  0.99976    0.9998385 ]
[0.9998802  0.99988914 0.99981624 0.9998018  0.9997875  0.9998037
 0.9998517  0.99963415 0.9998498  0.9997919 ]
[0.9998702  0.9998592  0.99990416 0.99980265 0.9997619  0.99982953
 0.99983144 0.9996935  0.9997453  0.9998895 ]
[0.9998379  0.9998832  0.99979836 0.99981624 0.99977356 0.99983275
 0.99973327 0.9998031  0.9997247  0.9998369 ]
[0.99983597 0.9998429  0.9998474  0.9998272  0.9998259  0.99982846
 0.99974483 0.99957186 0.99975854 0.999824  ]
[0.9998254  0.9998203  0.9998173  0.9997509  0.99987495 0.9998567
 0.99986935 0.9996289  0.99987733 0.999838  ]
[0.9998486  0.9997665  0.9997868  0.99985707 0.9997813  0.9997719
 0.9998286  0.9996561  0.99985373 0.99981767]
[0.9998252  0.99986255 0.9998634  0.9998542  0.9998325  0.9997584
 0.9998411  0.999699   0.9997588  0.99980825]
[0.99990416 0.9998944  0.9998229  0.9996741  0.9998908  0.9998857
 0.9998592  0.9996131  0.99984324 0.99978644]
[0.9998311  0.9999032  0.9999106  0.9997857  0.99981993 0.9998816
 0.99976116 0.999603   0.9998375  0.9998888 ]
[0.9999012  0.9998869  0.99980515 0.99978215 0.99984837 0.9997917
 0.999801   0.9996037  0.9998336  0.9998363 ]
[0.9998965  0.99984074 0.999821   0.9997266  0.99986255 0.99981874
 0.99982685 0.99977046 0.9998142  0.9998572 ]
[0.9998734  0.9999002  0.9998282  0.999749   0.9998839  0.9998124
 0.9997595  0.9997632  0.99985886 0.99975103]
[0.9998074  0.999859   0.99989116 0.99973816 0.9998672  0.99988997
 0.9998061  0.99963415 0.9997428  0.9998079 ]
[0.99982387 0.9998838  0.99986315 0.99972266 0.9998932  0.99982136
 0.999828   0.99966455 0.99973637 0.99985564]
[0.99983394 0.9997801  0.9998809  0.9997793  0.99977666 0.9997683
 0.99979764 0.99962735 0.9998597  0.9998499 ]
[0.9998745  0.999877   0.99989295 0.9997954  0.9998036  0.99980634
 0.99977154 0.99936205 0.99969757 0.99979013]
[0.99990594 0.999795   0.99990284 0.99973243 0.9998437  0.99980396
 0.99974555 0.999686   0.9998369  0.9998838 ]
[0.9998946  0.99982077 0.99985385 0.99979955 0.99978966 0.9998659
 0.99979895 0.99965334 0.9998493  0.9998709 ]
[0.9998324  0.9998004  0.99987614 0.9998042  0.999824   0.9998288
 0.9998765  0.9997496  0.99984705 0.99976045]
[0.9998192  0.9998179  0.99989676 0.9997954  0.99987197 0.99980885
 0.9998286  0.9997638  0.999871   0.99984264]
[0.9998375  0.9998592  0.9998648  0.9998417  0.99976426 0.99988484
 0.99983203 0.99960774 0.99983966 0.99978894]
[0.9999051  0.9998161  0.99978155 0.99978596 0.9997596  0.99988484
 0.99987113 0.99982554 0.99983954 0.99975806]
[0.99987054 0.99978846 0.9997979  0.9997018  0.9998068  0.9998311
 0.9997441  0.99962413 0.9997029  0.9998772 ]
[0.99990666 0.9998253  0.9998317  0.9998198  0.9997707  0.99977714
 0.9998852  0.99973625 0.99983096 0.99976116]
[0.9998956  0.999788   0.99984944 0.9998374  0.99977046 0.9997651
 0.9998573  0.9996698  0.9997688  0.9997445 ]
[0.999864   0.9998572  0.9998485  0.9998325  0.99978787 0.99986994
 0.9997582  0.99977857 0.9998684  0.9997702 ]
[0.9998472  0.9998229  0.9998542  0.99976176 0.99984396 0.999796
 0.99975175 0.9996388  0.99974483 0.999858  ]
[0.9998305  0.9998529  0.99979573 0.99973804 0.999801   0.9998455
 0.99979085 0.99970716 0.99983096 0.99979883]
[0.99982554 0.9999026  0.9997763  0.99979025 0.9998776  0.999816
 0.9998776  0.9995778  0.9998074  0.9997899 ]
[0.9998759  0.99988186 0.9998443  0.9997794  0.99976665 0.99982184
 0.99982375 0.9997429  0.9998184  0.99978846]
[0.99986017 0.99987423 0.99989307 0.9997851  0.99985313 0.9998498
 0.9997898  0.99973243 0.99983144 0.99988306]
[0.9999026  0.999838   0.9998945  0.9997559  0.99985087 0.99982315
 0.9998122  0.9997805  0.9998362  0.9998778 ]
[0.9998652  0.99983144 0.99981743 0.9997898  0.9997595  0.9997819
 0.99984884 0.999688   0.999848   0.99985576]
[0.9998791  0.9998299  0.99987614 0.9998111  0.99975926 0.999864
 0.9997664  0.9996728  0.9997768  0.99978596]
[0.99990046 0.9998318  0.99980444 0.9997842  0.99977785 0.99987066
 0.99979156 0.99965334 0.9998795  0.9998288 ]
[0.9998956  0.9999052  0.9998381  0.9997472  0.99984574 0.99981886
 0.9997491  0.99964786 0.9997404  0.9998636 ]
[0.99990654 0.9998585  0.9999033  0.9997433  0.9997998  0.99981207
 0.99986935 0.99973184 0.9997402  0.99988365]
[0.9998031  0.99979275 0.9998958  0.99983215 0.99978215 0.99988186
 0.9998455  0.99958724 0.9997682  0.99982953]
[0.9998989  0.9998435  0.99981874 0.99971694 0.9997725  0.99986684
 0.99988365 0.9996044  0.9998492  0.99988604]
[0.999876   0.99978656 0.99986315 0.99972254 0.9997811  0.99975556
 0.9998135  0.9997491  0.99984264 0.99976   ]
[0.999801   0.99985373 0.9998528  0.99970704 0.9998066  0.9998042
 0.9998889  0.99961543 0.99977416 0.9997913 ]
[0.9998373  0.99983346 0.9998379  0.99970514 0.9997615  0.9997687
 0.9998185  0.9996381  0.9998729  0.999856  ]
[0.9998609  0.9999089  0.9999089  0.99980885 0.99986017 0.99983656
 0.9997986  0.99976283 0.99985516 0.9997607 ]
[0.99984753 0.9998884  0.9997892  0.99973613 0.99986935 0.9998871
 0.9998692  0.9997025  0.99982697 0.9998728 ]
[0.9998165  0.9998266  0.9998227  0.99971074 0.9998828  0.999861
 0.9998375  0.99962175 0.99976856 0.99976474]
[0.9998373  0.9998964  0.9998394  0.99979967 0.99982136 0.99985456
 0.9998405  0.9996087  0.9998549  0.99985397]
[0.9998197  0.9998838  0.99985206 0.9997521  0.99977833 0.9997838
 0.99981815 0.999746   0.99969745 0.99985313]
[0.9998634  0.9998111  0.99985874 0.9997949  0.99989045 0.999889
 0.99979943 0.999728   0.99982846 0.9998623 ]
[0.9998233  0.999879   0.9998386  0.9997954  0.9998828  0.999845
 0.9998455  0.99957186 0.9997266  0.999874  ]
[0.9998926  0.9998068  0.9998149  0.99964345 0.99977595 0.999759
 0.9998635  0.9998087  0.9997154  0.9998584 ]
