Mprobs for dataset sim1_corr (0.1) (IAF layers = 2):

[0.9998636  0.99980015 0.99986196 0.99975044 0.99984205 0.99989986
 0.99979097 0.99972314 0.9998425  0.99982554]
[0.9998895  0.9998087  0.9998846  0.9998354  0.99986017 0.9998803
 0.9998659  0.999767   0.99987626 0.99987626]
[0.99986863 0.99985385 0.99990225 0.99977607 0.999882   0.99984264
 0.9998827  0.9997278  0.9998018  0.99977666]
[0.9997898  0.9998839  0.99990237 0.9996877  0.9998092  0.9997639
 0.999721   0.9997023  0.9997545  0.99985564]
[0.999884  0.9998934 0.9999006 0.9997161 0.9998919 0.999853  0.9997447
 0.9997936 0.9997813 0.999835 ]
[0.9998852  0.99988747 0.9998658  0.999711   0.9998796  0.9998011
 0.99983096 0.9995291  0.99977857 0.9997719 ]
[0.999887   0.9998404  0.99990547 0.9997795  0.9997799  0.99980444
 0.999754   0.99967945 0.999785   0.99987566]
[0.9998572  0.9998141  0.9998254  0.9996567  0.9998634  0.99982977
 0.99985945 0.99959975 0.99983144 0.9998005 ]
[0.9997931  0.9998547  0.9998424  0.99968684 0.9998171  0.99986696
 0.99980587 0.99966586 0.99983907 0.9997607 ]
[0.99989045 0.9998603  0.9998491  0.999701   0.9997919  0.99988866
 0.9998253  0.9996123  0.9998554  0.9997811 ]
[0.9998809  0.99978405 0.99987614 0.9996995  0.99982125 0.9997657
 0.99985754 0.9996327  0.99984074 0.99976236]
[0.9997789  0.9998362  0.9998406  0.9998342  0.99979204 0.9998191
 0.99984837 0.99960154 0.9997931  0.9998605 ]
[0.99989164 0.9998466  0.999905   0.999686   0.99987006 0.9998864
 0.9998741  0.9995834  0.9998234  0.9998529 ]
[0.9998611  0.9998388  0.99987113 0.9997882  0.99979824 0.9998246
 0.9997986  0.9996358  0.9998497  0.99979407]
[0.9999099  0.9998011  0.9998265  0.9998691  0.9997497  0.9998579
 0.9998609  0.9997004  0.9997218  0.99989164]
[0.9998795  0.99978966 0.99988246 0.9997004  0.99988985 0.9998136
 0.9997812  0.99978274 0.99975103 0.99977475]
[0.99988234 0.99983895 0.9998246  0.9996662  0.99986196 0.9998381
 0.99979013 0.99953437 0.9997632  0.9997576 ]
[0.99983907 0.99985504 0.99987733 0.99979764 0.9997956  0.99987173
 0.99979    0.9997038  0.9998317  0.9998247 ]
[0.9998424  0.99988866 0.999897   0.99978036 0.9998354  0.9997528
 0.99977773 0.9997737  0.9998387  0.9997832 ]
[0.999819   0.9998697  0.9998271  0.9997702  0.9998708  0.9997862
 0.9998628  0.9997639  0.9998311  0.99979275]
[0.9998054  0.99981314 0.99988353 0.9996557  0.9997583  0.99982625
 0.99975795 0.99967015 0.99984217 0.99982303]
[0.9998516  0.99985874 0.999816   0.99973017 0.99988985 0.99987733
 0.9998185  0.9996728  0.99983275 0.9997849 ]
[0.99988484 0.99989676 0.99987113 0.99975616 0.99985385 0.9998747
 0.99984455 0.9996319  0.9998286  0.99981266]
[0.9999006  0.99987185 0.9998447  0.99983656 0.99985623 0.99980444
 0.9998708  0.99966335 0.9997409  0.9998871 ]
[0.99987245 0.9998223  0.9999049  0.99978334 0.9997781  0.9998074
 0.99985504 0.9997396  0.9997613  0.9998234 ]
[0.9998386  0.99988663 0.99989974 0.9998348  0.99986184 0.9998272
 0.9998616  0.9997136  0.99978715 0.9998171 ]
[0.9998311  0.9998104  0.9998895  0.9997664  0.9998085  0.99984884
 0.99981004 0.9996697  0.9998203  0.99986553]
[0.999819   0.9998294  0.9998617  0.99973124 0.99982685 0.999895
 0.9998406  0.9995043  0.99985826 0.99984527]
[0.99990463 0.9998123  0.99990547 0.99984896 0.99976546 0.9998785
 0.9997967  0.9997173  0.999746   0.99983835]
[0.99982506 0.9998994  0.99985945 0.9997521  0.99986804 0.9998907
 0.9998667  0.99973196 0.9998286  0.999785  ]
[0.9998821  0.9998455  0.9998299  0.99974734 0.99983037 0.9998068
 0.99988544 0.999739   0.99983954 0.99978703]
[0.9998801  0.9998723  0.99989724 0.99976784 0.999864   0.9998037
 0.9997563  0.99972373 0.9997931  0.9998816 ]
[0.99983966 0.9997825  0.9998809  0.99972004 0.99984896 0.99987555
 0.9997559  0.999551   0.99985576 0.9998424 ]
[0.9998247  0.99990463 0.9998311  0.9998122  0.99979216 0.99977857
 0.9998388  0.99972314 0.9997477  0.9998609 ]
[0.9998154  0.99980277 0.99990654 0.9996704  0.9997613  0.99982685
 0.9997956  0.99972254 0.99979335 0.99975663]
[0.9998066  0.999876   0.99989915 0.9997948  0.99975616 0.9998061
 0.9998074  0.9995852  0.99983    0.99977285]
[0.9997727  0.9998468  0.99982065 0.99967146 0.99978656 0.99984205
 0.99981767 0.99942124 0.9997063  0.99977595]
[0.9997824  0.9998006  0.99981433 0.9997998  0.9998313  0.99978346
 0.9998111  0.99960905 0.99973756 0.9998024 ]
[0.9998809  0.99983644 0.9998485  0.99976987 0.9998807  0.99975044
 0.99984884 0.9996816  0.99972385 0.9998086 ]
[0.9998006  0.99986196 0.9998808  0.999734   0.999798   0.9998221
 0.9997577  0.9996517  0.9998839  0.9998388 ]
[0.9998055  0.9998265  0.9998343  0.9997062  0.9998766  0.99979275
 0.9997409  0.9996964  0.99980277 0.9997657 ]
[0.99988353 0.99986434 0.99979156 0.99981385 0.9997768  0.99989605
 0.999866   0.99973565 0.9998288  0.9997528 ]
[0.9998128  0.99982697 0.99990463 0.99969673 0.99989367 0.99983
 0.99977297 0.99959284 0.9997961  0.9997993 ]
[0.9998927  0.9997999  0.99979764 0.99979216 0.99988496 0.9998852
 0.99984455 0.9994916  0.9997737  0.99983823]
[0.99988747 0.99988425 0.9997961  0.9998412  0.9998882  0.99988747
 0.99984217 0.99961025 0.9998265  0.99975127]
[0.9998807  0.99985015 0.9998599  0.99965656 0.9998148  0.9997844
 0.9998192  0.99977785 0.9997645  0.99980384]
[0.99989474 0.9999069  0.9998703  0.99982506 0.99988794 0.9997707
 0.99975926 0.99976224 0.99980503 0.99975103]
[0.99983954 0.99979264 0.9998394  0.999754   0.9998129  0.9997948
 0.9998425  0.99967325 0.99987435 0.99981636]
[0.9998166  0.9998122  0.99984515 0.9996619  0.9997919  0.99988604
 0.9998337  0.9994831  0.99985635 0.9998092 ]
[0.9998159  0.9999081  0.9998665  0.999848   0.9998933  0.9998541
 0.9997987  0.99954057 0.999785   0.9998821 ]
[0.99982494 0.9998363  0.9998629  0.9996859  0.9998448  0.99979097
 0.999785   0.9996722  0.9997894  0.9998362 ]
[0.9998933  0.9997942  0.9998834  0.99978274 0.99981815 0.99981993
 0.99984646 0.9996426  0.99982506 0.9997472 ]
[0.99988484 0.9998864  0.9998141  0.9997842  0.99988663 0.9997713
 0.9998807  0.99956197 0.99984086 0.99981624]
[0.99988365 0.99984837 0.999816   0.99979657 0.9998381  0.9998883
 0.99980944 0.9996848  0.9998455  0.9998882 ]
[0.9997744  0.9998338  0.9999045  0.99981624 0.9997713  0.99987936
 0.9997508  0.9994677  0.9997484  0.9997713 ]
[0.9998621  0.9998337  0.9998159  0.999819   0.99988866 0.9998814
 0.999833   0.9996314  0.9997383  0.999871  ]
[0.9998909  0.9999033  0.99978167 0.999741   0.999833   0.99985075
 0.99974805 0.99958867 0.9998048  0.99983394]
[0.99989736 0.99983764 0.9997856  0.99968445 0.9998783  0.999801
 0.99978834 0.99950755 0.9998357  0.9998591 ]
[0.99987245 0.9998149  0.9998456  0.99979633 0.99978405 0.9998541
 0.99987364 0.9996222  0.9998572  0.9997669 ]
[0.9998293  0.99981683 0.9998834  0.9997358  0.99982774 0.9998852
 0.9998363  0.99956733 0.999728   0.999876  ]
[0.99988055 0.9999027  0.99986374 0.9997298  0.99983096 0.9998035
 0.99987876 0.9997094  0.99980634 0.9998783 ]
[0.99986017 0.99985695 0.9998385  0.9997309  0.99976057 0.9997564
 0.9998636  0.9992849  0.99974376 0.9995678 ]
[0.9998772  0.9998636  0.99988127 0.99981207 0.99989307 0.99988806
 0.99982893 0.9997186  0.9998097  0.99984753]
[0.9998549  0.99984324 0.9998288  0.99964523 0.99981564 0.99983466
 0.99986696 0.9997873  0.99987185 0.99985635]
[0.9997979  0.9998765  0.9999008  0.9998184  0.999859   0.99982786
 0.9998362  0.9997619  0.99978465 0.9998826 ]
[0.99985075 0.99979    0.9999033  0.9997018  0.99986947 0.9997801
 0.9998797  0.99977237 0.999778   0.9998671 ]
[0.9997614  0.9998983  0.9998783  0.9997048  0.9998267  0.99987197
 0.9998486  0.99974424 0.9998472  0.9998313 ]
[0.999869   0.9998573  0.9997874  0.9996749  0.99985707 0.9998878
 0.9997539  0.9997608  0.99984765 0.99986374]
[0.9998654  0.9997993  0.99991345 0.9997954  0.99980956 0.999845
 0.9997844  0.9997665  0.99977726 0.9997527 ]
[0.9999027  0.9998745  0.99989676 0.9997118  0.9997857  0.9998234
 0.99984    0.9996356  0.9998524  0.99988174]
[0.99979264 0.99982685 0.999889   0.999736   0.99978787 0.9998896
 0.9998847  0.99968624 0.9997731  0.9998739 ]
[0.9998971  0.9998971  0.9998909  0.9997217  0.9998729  0.9997482
 0.99977106 0.9996729  0.9998431  0.9998354 ]
[0.99986434 0.99983215 0.9998754  0.99955994 0.99986887 0.99984455
 0.9998361  0.99974805 0.99976856 0.99981135]
[0.9998541  0.9998802  0.9998859  0.9997181  0.9998229  0.9998839
 0.99974567 0.9996414  0.99976736 0.9998104 ]
[0.9998179  0.9998715  0.9998528  0.9998319  0.9998123  0.9997956
 0.99986184 0.999595   0.99981207 0.999851  ]
[0.9998673  0.99990594 0.9998894  0.9998098  0.99986684 0.9998053
 0.9997999  0.99975485 0.999746   0.999838  ]
[0.99982065 0.9998037  0.9998267  0.99973685 0.999895   0.9998282
 0.9998299  0.9997466  0.999765   0.9997919 ]
[0.9998728  0.9998944  0.9998276  0.99984705 0.99977404 0.99980336
 0.99983156 0.9995432  0.9998012  0.99980325]
[0.9998653  0.999905   0.9998623  0.99968946 0.9998791  0.999877
 0.99977714 0.9995602  0.99985075 0.9998248 ]
[0.99988973 0.9998678  0.9998652  0.9998429  0.9998715  0.9998672
 0.9998375  0.99968255 0.9998361  0.9998858 ]
[0.999907   0.9998517  0.9998141  0.9998481  0.99988246 0.99983644
 0.99981326 0.99957234 0.99987257 0.99980706]
[0.999899   0.9998869  0.99990463 0.9997911  0.9998223  0.9998276
 0.9997763  0.999759   0.99974436 0.99986553]
[0.9997768  0.9998636  0.9998399  0.99964523 0.99983895 0.9998361
 0.99987495 0.99967134 0.9998124  0.9998599 ]
[0.9998267  0.9998392  0.99982446 0.99982494 0.99980384 0.9998652
 0.9998691  0.99970055 0.9997471  0.9998802 ]
[0.99985576 0.99985707 0.9998228  0.99968934 0.9998062  0.99988997
 0.9997317  0.99968874 0.99975806 0.999777  ]
[0.9997836  0.9998047  0.99983835 0.99981445 0.9998147  0.999843
 0.99977463 0.9996344  0.9997857  0.9997937 ]
[0.9997876  0.99985754 0.99983144 0.9997975  0.99980646 0.99983144
 0.9998043  0.9995672  0.9998086  0.9998728 ]
[0.99982125 0.9998777  0.9999069  0.9997234  0.9998258  0.999762
 0.9998416  0.99945945 0.9997125  0.99983895]
[0.99979717 0.9998215  0.9998915  0.9996433  0.99977785 0.99977714
 0.9998191  0.99968946 0.9998209  0.99984205]
[0.99989474 0.9998679  0.9997905  0.9998078  0.9998902  0.99980265
 0.9998524  0.9997054  0.99983025 0.9998306 ]
[0.99979264 0.99985313 0.9999045  0.99977547 0.9997768  0.9998653
 0.9997824  0.9994616  0.999747   0.99983203]
[0.9998809  0.9998803  0.9998976  0.99981326 0.99976176 0.99984634
 0.9998703  0.999775   0.9997212  0.9998816 ]
[0.999811   0.999894   0.9998994  0.99967766 0.9998678  0.9998024
 0.9998512  0.99977154 0.9998186  0.9998281 ]
[0.9998603  0.99989104 0.9998939  0.9998259  0.9997925  0.9998741
 0.99985075 0.99959964 0.9998616  0.99984896]
[0.999816   0.9998828  0.9998362  0.99972373 0.9998043  0.99978954
 0.9998696  0.99942076 0.9998561  0.9998491 ]
[0.9998147  0.99988186 0.9998536  0.99976224 0.9998859  0.9998104
 0.9998406  0.9996183  0.9997986  0.99988055]
[0.99979085 0.9998863  0.99985695 0.9997875  0.99989235 0.9998456
 0.9998814  0.99979025 0.9997303  0.9998611 ]
[0.99985254 0.99988437 0.99989045 0.99977285 0.99978286 0.9998348
 0.9998012  0.9997656  0.99975854 0.99979323]
[0.9998229  0.9998696  0.99989414 0.9998406  0.9997974  0.99985003
 0.99986255 0.9996835  0.9998454  0.99985313]
[0.9998085  0.99987006 0.9997954  0.99978954 0.99988544 0.9998714
 0.9998235  0.99972755 0.9998497  0.999871  ]
