Mprobs for dataset sim1_corr (0.7) (IAF layers = 5):

[0.9999144  0.9998492  0.99989676 0.9998147  0.9998616  0.9998838
 0.999821   0.99969566 0.99981195 0.9997645 ]
[0.88364565 0.9998865  0.9998499  0.9998196  0.99975616 0.99986124
 0.999749   0.9998678  0.9997379  0.99973685 0.999808  ]
[0.795063   0.99983835 0.99989545 0.99981767 0.9997358  0.9998814
 0.99980706 0.99987125 0.9993273  0.999853   0.99975806]
[0.3227764  0.9999075  0.9998417  0.99989545 0.9997836  0.999856
 0.9997532  0.9997701  0.9997881  0.9998233  0.99983585]
[0.46228874 0.99987614 0.99985564 0.99984384 0.99976414 0.99978644
 0.99978405 0.99974436 0.9995203  0.99976474 0.999877  ]
[0.9999182 0.9998572 0.9998185 0.999708  0.9998066 0.9998846 0.9997725
 0.9996712 0.9998252 0.9998554]
[0.99988747 0.9998374  0.99988437 0.9998252  0.9998105  0.99988806
 0.9997904  0.9996475  0.9997646  0.9998134 ]
[0.89499485 0.9998492  0.99978703 0.99990976 0.9997044  0.99989307
 0.9998555  0.9998227  0.9995895  0.9997342  0.999887  ]
[0.99990773 0.9998654  0.99987996 0.9998274  0.9998828  0.99988353
 0.99977154 0.9997243  0.9997875  0.9998572 ]
[0.82330924 0.99990785 0.99981326 0.99980646 0.99977475 0.99976414
 0.99984133 0.9998511  0.99976903 0.9998338  0.9997775 ]
[0.6550667  0.9998591  0.9998202  0.99980587 0.9996798  0.99982065
 0.9998054  0.99987435 0.99971503 0.9997304  0.9996737 ]
[0.61556363 0.99990976 0.99979585 0.9998466  0.9997137  0.99980813
 0.9997491  0.999744   0.99973696 0.9998172  0.99983704]
[0.88960993 0.99987745 0.99979514 0.9999037  0.9998184  0.9998691
 0.99980325 0.99985933 0.99980396 0.99985707 0.9998441 ]
[0.8478558  0.9998989  0.99983156 0.9997855  0.99983907 0.9997565
 0.9998859  0.99979466 0.99961996 0.9998215  0.99987745]
[0.6390809  0.9998646  0.9998915  0.9998356  0.9998503  0.99982905
 0.9998006  0.99988556 0.99954814 0.99975175 0.99988127]
[0.99989486 0.9998784  0.99979466 0.9998462  0.999785   0.99978024
 0.99986243 0.9997218  0.9997962  0.99983346]
[0.75253737 0.9998834  0.9998411  0.9998568  0.99978644 0.9998062
 0.9998981  0.9998547  0.9994867  0.9997775  0.9998067 ]
[0.8367863  0.99989045 0.9999     0.9998215  0.9998442  0.9998833
 0.9998274  0.99986637 0.99967897 0.99983096 0.99987984]
[0.861055   0.999858   0.99986756 0.9999057  0.99973124 0.9997663
 0.99979025 0.9998272  0.9997639  0.9998325  0.9997906 ]
[0.999913   0.9998399  0.9999001  0.9995895  0.9998375  0.9997938
 0.9998528  0.9996031  0.9997377  0.99979466]
[0.91609335 0.9998461  0.9998436  0.9998958  0.9997496  0.9998264
 0.99985635 0.99985194 0.9997875  0.99977595 0.99988997]
[0.9998996  0.99980575 0.99984825 0.9997482  0.99985266 0.99977154
 0.99987483 0.9996183  0.9997125  0.999821  ]
[0.81391305 0.9998442  0.9998373  0.9997842  0.9997937  0.999833
 0.99977857 0.99987435 0.9994778  0.99980694 0.99988365]
[0.38462576 0.9999126  0.99977964 0.9998165  0.99967027 0.99985266
 0.9998908  0.99987006 0.9995697  0.9998274  0.99987173]
[0.85298294 0.99983346 0.9997979  0.9998956  0.99980134 0.99982125
 0.999806   0.99980634 0.9994723  0.9998115  0.999856  ]
[0.999918   0.9999007  0.9998406  0.99975973 0.9998142  0.99987376
 0.99978954 0.99966896 0.9998318  0.99988306]
[0.99989665 0.9998739  0.99984765 0.9997327  0.99987495 0.9997645
 0.99975294 0.9997129  0.9998586  0.99983454]
[0.9998648  0.99986124 0.9998417  0.99971575 0.99987423 0.9998233
 0.9997453  0.9997533  0.9997968  0.9998567 ]
[0.9999081  0.9998505  0.999894   0.9997894  0.99984765 0.9998354
 0.9998254  0.99955326 0.99982244 0.9998741 ]
[0.8740312 0.9998741 0.9998703 0.9998171 0.9997943 0.9998203 0.9998549
 0.9997918 0.9996505 0.9997149 0.9998117]
[0.8069511  0.99986243 0.999814   0.99988544 0.99980277 0.9998442
 0.9997569  0.9998609  0.99967957 0.9997681  0.99984   ]
[0.93424755 0.9998621  0.99986184 0.9998599  0.9996482  0.9997812
 0.99983454 0.9997762  0.9996731  0.9998443  0.9998685 ]
[0.999908   0.9998361  0.9998869  0.99984944 0.9998872  0.9998715
 0.999818   0.9996418  0.999853   0.9998797 ]
[0.99988437 0.9998394  0.9998447  0.99969316 0.9998776  0.99980134
 0.9998325  0.9996512  0.9997328  0.9998629 ]
[0.30135727 0.99991786 0.99989176 0.99988973 0.9997203  0.9997937
 0.9997547  0.99975795 0.9995352  0.99984324 0.99979   ]
[0.9209663  0.99988925 0.9998061  0.99979967 0.9997718  0.9998473
 0.9998876  0.99979156 0.99965537 0.9998597  0.9998287 ]
[0.5566394  0.99988866 0.9998778  0.9997794  0.99973947 0.9998367
 0.99983656 0.99975675 0.9996904  0.9997453  0.9997917 ]
[0.9999232  0.9998455  0.9998404  0.9998043  0.99976474 0.99989057
 0.9997874  0.99979657 0.9997944  0.9998217 ]
[0.61316365 0.9998548  0.9998752  0.9998172  0.9998474  0.9998652
 0.99977034 0.99979335 0.9996165  0.9998567  0.999747  ]
[0.9998988  0.99980456 0.99987614 0.9997087  0.99984527 0.99988043
 0.99974865 0.9996439  0.99978715 0.99986947]
[0.9998828  0.999889   0.9998846  0.99968743 0.99988556 0.99979013
 0.9998318  0.9998018  0.999808   0.9998925 ]
[0.83579075 0.99984634 0.99984634 0.99988234 0.9996766  0.9998356
 0.9997981  0.9998623  0.99963    0.9997881  0.99982136]
[0.99988127 0.9998939  0.99987376 0.999782   0.99988794 0.99987245
 0.9998859  0.99964833 0.999754   0.9998529 ]
[0.99991167 0.99989617 0.99985695 0.9998192  0.9998629  0.9998349
 0.9998242  0.9997594  0.9997633  0.99984515]
[0.42123848 0.9998776  0.9997826  0.9999019  0.999673   0.9998461
 0.9998622  0.99976796 0.9997148  0.9998472  0.99981874]
[0.7741969  0.99988794 0.9998765  0.9998994  0.99964607 0.99979204
 0.99981683 0.99973685 0.9997584  0.99968255 0.99982977]
[0.9174146  0.99986804 0.9997794  0.9998921  0.99966836 0.99981564
 0.9998604  0.99982387 0.99963844 0.9998766  0.9998808 ]
[0.88770384 0.9998443  0.9998882  0.99979144 0.9998424  0.9998864
 0.99986243 0.99981946 0.9996269  0.9997881  0.999879  ]
[0.80340356 0.9998671  0.99990654 0.99988806 0.99977344 0.99977666
 0.9998758  0.9998723  0.9997441  0.9998275  0.999841  ]
[0.38884902 0.9998666  0.9998574  0.99981207 0.99968874 0.9998091
 0.9998883  0.99980634 0.9998097  0.999752   0.99977034]
[0.9999049  0.9997826  0.9998903  0.99964964 0.99976796 0.99980813
 0.99983907 0.99980396 0.99978703 0.99977726]
[0.9999169  0.9998975  0.99982566 0.99974126 0.9998598  0.9998858
 0.99980694 0.9996947  0.9998147  0.99980265]
[0.786402   0.99984694 0.9998318  0.99989307 0.999746   0.99982905
 0.9997713  0.99985695 0.9996588  0.99973756 0.99988973]
[0.99990046 0.9998599  0.9998404  0.9996648  0.9998568  0.9998233
 0.9997862  0.99975425 0.9998299  0.9997998 ]
[0.38657027 0.9998903  0.9998847  0.9998927  0.99976903 0.99985766
 0.99983823 0.99982786 0.9997192  0.99980956 0.9997553 ]
[0.85798925 0.9998503  0.99990344 0.9998778  0.9997812  0.9998826
 0.99988925 0.9997886  0.999676   0.9998729  0.99980706]
[0.99991024 0.9998739  0.9998167  0.9997687  0.99988234 0.9998412
 0.9997694  0.9997205  0.9998054  0.99988806]
[0.9999031  0.99990773 0.9998914  0.9998399  0.9997818  0.9998863
 0.99980086 0.99965787 0.9997868  0.9998023 ]
[0.30795318 0.9998987  0.9997836  0.99981946 0.99969745 0.99979967
 0.99984956 0.9998116  0.9996138  0.9998185  0.9997912 ]
[0.46992424 0.9998777  0.99986553 0.9998989  0.9998472  0.9998092
 0.99984705 0.9997354  0.99970216 0.99983716 0.9998745 ]
[0.4752252  0.9999137  0.9998833  0.9998042  0.99978966 0.9998561
 0.9997689  0.99974495 0.99978906 0.99982977 0.999864  ]
[0.9999002  0.9998355  0.9998294  0.99971753 0.9998859  0.9998394
 0.9998196  0.99958116 0.9998338  0.99981683]
[0.7212247  0.9998691  0.99987507 0.9997861  0.99982977 0.9998729
 0.99979275 0.9998405  0.99961555 0.9997992  0.99979883]
[0.35743397 0.99991214 0.9998864  0.99984694 0.9997521  0.9998078
 0.99984825 0.99979025 0.999699   0.9997514  0.9998646 ]
[0.5294442  0.9998913  0.9998018  0.99982625 0.9998492  0.99983656
 0.99980336 0.9998134  0.9996001  0.9998179  0.99985003]
[0.99991214 0.99980897 0.99984    0.99971884 0.99987984 0.9998733
 0.99981266 0.9998217  0.9997403  0.99981886]
[0.45627883 0.9998907  0.99985254 0.9998092  0.99984    0.9998167
 0.9998709  0.99982005 0.9997222  0.9997881  0.999845  ]
[0.9111516  0.99986386 0.99980134 0.9998605  0.99959034 0.99981076
 0.999863   0.9998678  0.9996068  0.9998368  0.9997608 ]
[0.99991953 0.9999019  0.9998344  0.9997743  0.9998841  0.9997658
 0.9998895  0.9996786  0.9998362  0.9998791 ]
[0.86260414 0.99986625 0.99980575 0.9997757  0.99970263 0.999777
 0.9998591  0.99977213 0.99968934 0.9998778  0.99988425]
[0.7746375  0.9998597  0.99983084 0.9998703  0.9996915  0.9998981
 0.9998109  0.9998566  0.9997973  0.9997422  0.99987674]
[0.7354701  0.9998975  0.9999012  0.99988997 0.9998085  0.9997695
 0.9998141  0.99978703 0.9996275  0.9998549  0.999764  ]
[0.6746948  0.9998565  0.9998202  0.99988747 0.9996865  0.99982363
 0.99978155 0.99988365 0.99972624 0.9998343  0.99978966]
[0.87636924 0.99984884 0.9998172  0.99985707 0.99971896 0.99989057
 0.99986553 0.99980205 0.99973947 0.999752   0.9998753 ]
[0.43675926 0.99988055 0.9999076  0.99983466 0.9998149  0.999866
 0.99982625 0.9997397  0.999629   0.99981385 0.99984455]
[0.9282692  0.99985063 0.99986255 0.9997912  0.99961394 0.99984896
 0.9997763  0.9998405  0.9996753  0.9998313  0.9997633 ]
[0.8169612  0.9998361  0.9999038  0.99981445 0.99980384 0.9997782
 0.9998362  0.9997893  0.9996805  0.99978966 0.9998344 ]
[0.80139464 0.9998524  0.9998235  0.9997795  0.99973625 0.99985254
 0.99978024 0.9997806  0.999605   0.9998733  0.9998118 ]
[0.80280024 0.99988496 0.99982077 0.99989474 0.9997234  0.9998847
 0.9997712  0.99986696 0.9996538  0.9997342  0.99982363]
[0.9142292  0.9998468  0.9998481  0.9998217  0.9998098  0.9998952
 0.99988616 0.99986243 0.99981576 0.99979264 0.9998393 ]
[0.50692785 0.9998908  0.999841   0.9998029  0.9998043  0.99979824
 0.9997794  0.99978787 0.99966705 0.99981195 0.9998553 ]
[0.6655326  0.9998925  0.99987555 0.9999131  0.9997795  0.99986184
 0.9998504  0.99983025 0.9996499  0.99985206 0.9997837 ]
[0.9999082  0.99990475 0.99987423 0.99965453 0.9998416  0.99981767
 0.9997676  0.99954575 0.99982566 0.9997731 ]
[0.88806105 0.9998821  0.99985623 0.9997726  0.999739   0.99981505
 0.9998753  0.9998528  0.9996909  0.99978644 0.99983895]
[0.94432604 0.9998728  0.9998286  0.9997985  0.9996538  0.99981815
 0.99989593 0.9997502  0.9995486  0.9998079  0.9998148 ]
[0.9837001  0.99985313 0.999845   0.9998903  0.9995869  0.9998123
 0.9998741  0.9998485  0.99948764 0.9997727  0.9997726 ]
[0.43356752 0.99990034 0.9999068  0.99984384 0.9998361  0.99988914
 0.9997507  0.99984443 0.999726   0.99976784 0.9998481 ]
[0.9010156  0.99984276 0.99981576 0.99978775 0.99981207 0.9998592
 0.9998733  0.99983716 0.9996301  0.99977714 0.99988675]
[0.9999145  0.99988735 0.9999105  0.9997788  0.999821   0.9998579
 0.9998826  0.99965787 0.99979466 0.99986506]
[0.9999236  0.99984694 0.9998834  0.99979895 0.9997819  0.99980026
 0.99975747 0.99979347 0.9997948  0.99976665]
[0.9999063  0.999848   0.99988914 0.99978155 0.9998771  0.9998042
 0.9997775  0.99965703 0.9997944  0.9998753 ]
[0.89212686 0.99984527 0.99986136 0.99984527 0.9998388  0.99986863
 0.9998229  0.9997545  0.99967027 0.9997497  0.99988174]
[0.89014256 0.9998996  0.9998318  0.99989474 0.99973804 0.9997718
 0.99983335 0.9998331  0.999589   0.99983406 0.99987924]
[0.9999194  0.99983037 0.99984956 0.9995989  0.9997731  0.9998196
 0.9997714  0.99961936 0.99978024 0.9998171 ]
[0.31403214 0.99991965 0.9999064  0.99987376 0.99975795 0.9998878
 0.9998431  0.999814   0.99973124 0.99972147 0.99979097]
[0.99987686 0.9997956  0.9998884  0.9997974  0.9998596  0.99988234
 0.9998603  0.99970514 0.999841   0.99980766]
[0.9999088  0.9998673  0.99987304 0.99975806 0.99988246 0.99982363
 0.9997836  0.99966633 0.9998037  0.9998623 ]
[0.96217054 0.99982846 0.9998779  0.9998056  0.99977165 0.9997683
 0.99985397 0.99978966 0.9995747  0.9997795  0.99977   ]
[0.51175755 0.9998405  0.9998542  0.999788   0.9998153  0.9997638
 0.99978584 0.9998661  0.99976355 0.9998348  0.9998796 ]
[0.9998745  0.9998529  0.9998386  0.9998337  0.999864   0.99989104
 0.9998455  0.99975485 0.99970835 0.9997794 ]
